update_date,tests_pos,deaths,total_tests,tests_neg,new_tests
10-11-2020,319150,8984,6307682,5988532,64047
10-10-2020,316423,8975,6243635,5927212,66256
10-09-2020,313518,8945,6177379,5863861,71599
10-08-2020,310700,8910,6105780,5795080,72491
10-07-2020,307641,8878,6033289,5725648,58820
10-06-2020,305011,8836,5974469,5669458,49513
10-05-2020,303394,8805,5924956,5621562,38538
10-04-2020,301541,8791,5886418,5584877,51656
10-03-2020,300088,8774,5834762,5534674,71634
10-02-2020,297646,8743,5763128,5465482,72691
10-01-2020,295440,8696,5690437,5394997,65615
09-30-2020,293274,8672,5624822,5331548,58546
09-29-2020,291001,8637,5566276,5275275,45624
09-28-2020,289639,8614,5520652,5231013,41142
09-27-2020,287930,8601,5479510,5191580,50822
09-26-2020,286326,8588,5428688,5142362,65217
09-25-2020,283885,8563,5363471,5079586,69793
09-24-2020,281371,8538,5293678,5012307,62071
09-23-2020,279114,8508,5231607,4952493,46391
09-22-2020,277266,8486,5185216,4907950,41829
09-21-2020,275735,8457,5143387,4867652,38234
09-20-2020,274258,8450,5105153,4830895,48011
09-19-2020,272856,8436,5057142,4784286,74286
09-18-2020,270327,8411,4982856,4712529,61918
09-17-2020,268207,8392,4920938,4652731,57800
09-16-2020,266151,8367,4863138,4596987,52311
09-15-2020,264210,8332,4810827,4546617,39031
09-14-2020,262744,8314,4771796,4509052,35930
09-13-2020,261371,8309,4735866,4474495,46890
09-12-2020,259909,8295,4688976,4429067,56594
09-11-2020,257788,8273,4632382,4374594,56661
09-10-2020,255643,8242,4575721,4320078,48982
09-09-2020,253690,8214,4526739,4273049,48029
09-08-2020,252353,8186,4478710,4226357,31363
09-07-2020,250961,8179,4447347,4196386,28975
09-06-2020,249580,8171,4418372,4168792,46496
09-05-2020,248177,8166,4371876,4123699,61935
09-04-2020,245371,8143,4309941,4064570,149273
09-03-2020,240003,8115,4160668,3920665,40795
09-02-2020,238643,8091,4119873,3881230,32751
09-01-2020,236515,8064,4087122,3850607,22961
08-31-2020,235023,8026,4064161,3829138,47379
08-30-2020,233355,8019,4016782,3783427,43693
08-29-2020,231363,8008,3973089,3741726,48784
08-28-2020,229483,7997,3924305,3694822,48383
08-27-2020,227334,7977,3875922,3648588,44510
08-26-2020,225627,7954,3831412,3605785,50362
08-25-2020,223470,7917,3781050,3557580,40859
08-24-2020,221790,7888,3740191,3518401,36155
08-23-2020,220178,7880,3704036,3483858,54351
08-22-2020,218285,7874,3649685,3431400,56766
08-21-2020,215929,7857,3592919,3376990,51736
08-20-2020,213721,7833,3541183,3327462,51612
08-19-2020,211889,7806,3489571,3277682,50299
08-18-2020,209594,7782,3439272,3229678,34175
08-17-2020,207854,7756,3405097,3197243,38246
08-16-2020,206081,7744,3366851,3160770,37089
08-15-2020,204519,7726,3329762,3125243,44414
08-14-2020,202691,7721,3285348,3082657,49541
08-13-2020,200427,7696,3235807,3035380,46006
08-12-2020,198593,7672,3189801,2991208,42098
08-11-2020,196948,7657,3147703,2950755,41362
08-10-2020,195399,7637,3106341,2910942,32353
08-09-2020,194080,7636,3073988,2879908,41354
08-08-2020,192698,7631,3032634,2839936,48016
08-07-2020,190508,7613,2984618,2794110,46869
08-06-2020,188424,7594,2937749,2749325,41686
08-05-2020,186471,7573,2896063,2709592,46668
08-04-2020,184712,7545,2849395,2664683,42598
08-03-2020,183241,7526,2806797,2623556,28475
08-02-2020,181943,7517,2778322,2596379,38945
08-01-2020,180476,7503,2739377,2558901,39809
07-31-2020,178837,7495,2699568,2520731,49782
07-30-2020,176896,7478,2649786,2472890,41134
07-29-2020,175124,7462,2608652,2433528,38187
07-28-2020,173731,7446,2570465,2396734,28331
07-27-2020,172655,7416,2542134,2369479,30567
07-26-2020,171424,7398,2511567,2340143,40844
07-25-2020,169883,7397,2470723,2300840,38200
07-24-2020,168457,7385,2432523,2264066,44330
07-23-2020,166925,7367,2388193,2221268,39706
07-22-2020,165301,7347,2348487,2183186,39633
07-21-2020,163703,7324,2308854,2145151,29745
07-20-2020,162748,7301,2279109,2116361,34598
07-19-2020,161575,7295,2244511,2082936,32113
07-18-2020,160610,7290,2212398,2051788,46099
07-17-2020,159334,7272,2166299,2006965,43692
07-16-2020,157950,7251,2122607,1964657,43006
07-15-2020,156693,7226,2079601,1922908,38161
07-14-2020,155506,7218,2041440,1885934,28446
07-13-2020,154799,7193,2012994,1858195,30012
07-12-2020,153916,7187,1982982,1829066,38894
07-11-2020,152962,7168,1944088,1791126,32345
07-10-2020,151767,7144,1911743,1759976,32987
07-09-2020,150450,7119,1878756,1728306,36180
07-08-2020,149432,7099,1842576,1693144,32742
07-07-2020,148452,7063,1809834,1661382,26994
07-06-2020,147865,7026,1782840,1634975,21134
07-05-2020,147251,7020,1761706,1614455,27235
07-04-2020,146612,7014,1734471,1587859,33836
07-03-2020,145750,7005,1700635,1554885,34318
07-02-2020,144882,6987,1666317,1521435,30262
07-01-2020,144013,6951,1636055,1492042,33090
06-30-2020,143185,6923,1602965,1459780,31069
06-29-2020,142461,6902,1571896,1429435,26918
06-28-2020,141723,6888,1544978,1403255,23789
06-27-2020,141077,6873,1521189,1380112,30237
06-26-2020,140291,6847,1490952,1350661,30425
06-25-2020,139434,6810,1460527,1321093,31686
06-24-2020,138540,6770,1428841,1290301,29331
06-23-2020,137825,6707,1399510,1261685,20507
06-22-2020,137224,6671,1379003,1241779,18219
06-21-2020,136762,6647,1360784,1224022,23816
06-20-2020,136104,6625,1336968,1200864,25965
06-19-2020,135470,6580,1311003,1175533,27171
06-18-2020,134778,6537,1283832,1149054,25504
06-17-2020,134185,6485,1258328,1124143,29987
06-16-2020,133639,6398,1228341,1094702,18729
06-15-2020,133016,6326,1209612,1076596,18627
06-14-2020,132543,6308,1190985,1058442,22040
06-13-2020,131871,6289,1168945,1037074,21844
06-12-2020,131198,6260,1147101,1015903,24774
06-11-2020,130603,6185,1122327,991724,22325
06-10-2020,129837,6095,1100002,970165,20820
06-09-2020,129212,6018,1079182,949970,20309
06-08-2020,128415,5924,1058873,930458,16099
06-07-2020,127757,5904,1042774,915017,20700
06-06-2020,126890,5864,1022074,895184,21155
06-05-2020,125915,5795,1000919,875004,18903
06-04-2020,124759,5736,982016,857257,22841
06-03-2020,123830,5621,959175,835345,24471
06-02-2020,122848,5525,934704,811856,16431
06-01-2020,121234,5412,918273,797039,20014
05-31-2020,120260,5390,898259,777999,21154
05-30-2020,118917,5330,877105,758188,25343
05-29-2020,117455,5270,851762,734307,21796
05-28-2020,115833,5186,829966,714133,25993
05-27-2020,114306,5083,803973,689667,17179
05-26-2020,113195,4923,786794,673599,17230
05-25-2020,112017,4884,769564,657547,21643
05-24-2020,110304,4856,747921,637617,25674
05-23-2020,107796,4790,722247,614451,25114
05-22-2020,105444,4715,697133,591689,25113
05-21-2020,102686,4607,672020,569334,29307
05-20-2020,100418,4525,642713,542295,21029
05-19-2020,98030,4379,621684,523654,18443
05-18-2020,96485,4234,603241,506756,21297
05-17-2020,94191,4177,581944,487753,20295
05-16-2020,92457,4129,561649,469192,23047
05-15-2020,90369,4058,538602,448233,26565
05-14-2020,87937,3928,512037,424100,22678
05-13-2020,84698,3792,489359,404661,17668
05-12-2020,83021,3601,471691,388670,29266
05-11-2020,79007,3459,442425,363418,12441
05-10-2020,77741,3406,429984,352243,13653
05-09-2020,76085,3349,416331,340246,16617
05-08-2020,73760,3241,399714,325954,20671
05-07-2020,70873,3111,379043,308170,17783
05-06-2020,68232,2974,361260,293028,14974
05-05-2020,65962,2838,346286,280324,13139
05-04-2020,63840,2662,333147,269307,13834
05-03-2020,61499,2618,319313,257814,19417
05-02-2020,58505,2559,299896,241391,15208
05-01-2020,56055,2457,284688,228633,14821
04-30-2020,52918,2355,269867,216949,13200
04-29-2020,50355,2215,256667,206312,14478
04-28-2020,48102,2125,242189,194087,14561
04-27-2020,45883,1983,227628,181745,12676
04-26-2020,43903,1933,214952,171049,13335
04-25-2020,41777,1874,201617,159840,11985
04-24-2020,39658,1795,189632,149974,16316
04-23-2020,36934,1688,173316,136382,8970
04-22-2020,35108,1565,164346,129238,9349
04-21-2020,33059,1468,154997,121938,6639
04-20-2020,31508,1349,148358,116850,5040
04-19-2020,30357,1290,143318,112961,5914
04-18-2020,29160,1259,137404,108244,7241
04-17-2020,27575,1134,130163,102588,7574
04-16-2020,25733,1072,122589,96856,5660
04-15-2020,24593,948,116929,92336,6313
04-14-2020,23247,868,110616,87369,4848
04-13-2020,22025,794,105768,83743,5033
04-12-2020,20852,720,100735,79883,8586
04-11-2020,19180,677,92149,72969,4622
04-10-2020,17887,596,87527,69640,6670
04-09-2020,16422,528,80857,64435,5791
04-08-2020,15078,462,75066,59988,6334
04-07-2020,13549,380,68732,55183,5790
04-06-2020,12262,307,62942,50680,3959
04-05-2020,11256,274,58983,47727,5402
04-04-2020,10357,243,53581,43224,5533
04-03-2020,8904,210,48048,39144,4392
04-02-2020,7695,157,43656,35961,3272
04-01-2020,6980,141,40384,33404,5159
03-31-2020,5994,99,35225,29231,4779
03-30-2020,5057,73,30446,25389,2684
03-29-2020,4596,65,27762,23166,2271
03-28-2020,3491,47,25491,22000,3949
03-27-2020,3026,34,21542,18516,4911
03-26-2020,2538,26,16631,14093,2422
03-25-2020,1865,19,14209,12344,2740
03-24-2020,1535,16,11469,9934,1613
03-23-2020,1273,12,9856,8583,1536
03-22-2020,1049,9,8320,7271,2079
03-21-2020,753,6,6241,5488,1960
03-20-2020,585,5,4281,3696,1134
03-19-2020,422,4,3147,2725,1096
03-18-2020,288,1,2051,1763,552
03-17-2020,159,1,1499,1340,474
03-16-2020,93,N/A,1025,932,512
03-15-2020,64,N/A,513,449,151
03-14-2020,46,N/A,362,316,36
03-13-2020,32,N/A,326,294,35
03-12-2020,25,N/A,291,266,28
03-11-2020,19,N/A,263,244,0
03-10-2020,19,N/A,263,244,65
03-09-2020,7,N/A,198,191,1
03-08-2020,6,N/A,197,191,0
03-07-2020,6,N/A,197,191,12
03-06-2020,5,N/A,185,180,15
03-05-2020,5,N/A,170,165,42
03-04-2020,4,N/A,128,124,N/A
