update_date,update_time,Zip,Positive_Cases,Tested
07-11-2020,12:45,60002,123,1784
07-11-2020,12:45,60004,393,8846
07-11-2020,12:45,60005,242,4374
07-11-2020,12:45,60007,381,3904
07-11-2020,12:45,60008,368,4358
07-11-2020,12:45,60010,201,3993
07-11-2020,12:45,60012,94,930
07-11-2020,12:45,60013,135,1810
07-11-2020,12:45,60014,349,4280
07-11-2020,12:45,60015,211,3210
07-11-2020,12:45,60016,1169,8864
07-11-2020,12:45,60018,706,5243
07-11-2020,12:45,60020,48,1105
07-11-2020,12:45,60021,25,377
07-11-2020,12:45,60022,36,878
07-11-2020,12:45,60025,435,5128
07-11-2020,12:45,60026,173,2986
07-11-2020,12:45,60029,9,97
07-11-2020,12:45,60030,225,3853
07-11-2020,12:45,60031,386,4876
07-11-2020,12:45,60033,237,1594
07-11-2020,12:45,60035,298,4806
07-11-2020,12:45,60040,182,997
07-11-2020,12:45,60041,55,912
07-11-2020,12:45,60042,54,684
07-11-2020,12:45,60043,19,305
07-11-2020,12:45,60044,114,1537
07-11-2020,12:45,60045,138,2715
07-11-2020,12:45,60046,241,3134
07-11-2020,12:45,60047,516,5530
07-11-2020,12:45,60048,186,2938
07-11-2020,12:45,60050,248,3105
07-11-2020,12:45,60051,144,2079
07-11-2020,12:45,60053,335,3362
07-11-2020,12:45,60056,684,6462
07-11-2020,12:45,60060,485,3656
07-11-2020,12:45,60061,196,2752
07-11-2020,12:45,60062,362,6810
07-11-2020,12:45,60064,673,2428
07-11-2020,12:45,60067,279,5656
07-11-2020,12:45,60068,354,4924
07-11-2020,12:45,60069,102,2252
07-11-2020,12:45,60070,283,2447
07-11-2020,12:45,60071,17,281
07-11-2020,12:45,60073,1152,8103
07-11-2020,12:45,60074,501,4278
07-11-2020,12:45,60076,574,5566
07-11-2020,12:45,60077,440,4260
07-11-2020,12:45,60079,13,127
07-11-2020,12:45,60081,50,700
07-11-2020,12:45,60083,108,1224
07-11-2020,12:45,60084,200,1578
07-11-2020,12:45,60085,2516,12703
07-11-2020,12:45,60087,714,4677
07-11-2020,12:45,60088,219,705
07-11-2020,12:45,60089,347,4375
07-11-2020,12:45,60090,850,5406
07-11-2020,12:45,60091,187,2905
07-11-2020,12:45,60093,197,2461
07-11-2020,12:45,60096,45,576
07-11-2020,12:45,60097,47,870
07-11-2020,12:45,60098,392,4150
07-11-2020,12:45,60099,615,4648
07-11-2020,12:45,60101,850,5259
07-11-2020,12:45,60102,208,2668
07-11-2020,12:45,60103,334,4337
07-11-2020,12:45,60104,461,3293
07-11-2020,12:45,60106,555,4054
07-11-2020,12:45,60107,694,5421
07-11-2020,12:45,60108,356,4010
07-11-2020,12:45,60109,13,346
07-11-2020,12:45,60110,773,3960
07-11-2020,12:45,60112,32,435
07-11-2020,12:45,60115,319,4772
07-11-2020,12:45,60118,92,1381
07-11-2020,12:45,60119,42,929
07-11-2020,12:45,60120,1449,7005
07-11-2020,12:45,60123,971,6687
07-11-2020,12:45,60124,156,2098
07-11-2020,12:45,60126,397,6072
07-11-2020,12:45,60130,178,3699
07-11-2020,12:45,60131,376,2582
07-11-2020,12:45,60133,797,5457
07-11-2020,12:45,60134,218,2940
07-11-2020,12:45,60135,56,688
07-11-2020,12:45,60136,74,705
07-11-2020,12:45,60137,188,3887
07-11-2020,12:45,60139,695,4738
07-11-2020,12:45,60140,111,1572
07-11-2020,12:45,60141,27,945
07-11-2020,12:45,60142,125,2635
07-11-2020,12:45,60143,206,1658
07-11-2020,12:45,60145,9,164
07-11-2020,12:45,60146,11,235
07-11-2020,12:45,60148,435,5853
07-11-2020,12:45,60151,21,326
07-11-2020,12:45,60152,87,1055
07-11-2020,12:45,60153,546,3700
07-11-2020,12:45,60154,230,2730
07-11-2020,12:45,60155,187,1180
07-11-2020,12:45,60156,175,2262
07-11-2020,12:45,60157,12,228
07-11-2020,12:45,60160,793,4209
07-11-2020,12:45,60162,180,1836
07-11-2020,12:45,60163,101,775
07-11-2020,12:45,60164,555,5009
07-11-2020,12:45,60165,186,756
07-11-2020,12:45,60169,436,3868
07-11-2020,12:45,60171,140,1391
07-11-2020,12:45,60172,252,2799
07-11-2020,12:45,60173,115,1139
07-11-2020,12:45,60174,219,3782
07-11-2020,12:45,60175,128,2084
07-11-2020,12:45,60176,181,1325
07-11-2020,12:45,60177,341,2819
07-11-2020,12:45,60178,80,1927
07-11-2020,12:45,60181,308,3198
07-11-2020,12:45,60184,9,211
07-11-2020,12:45,60185,802,4961
07-11-2020,12:45,60187,172,3765
07-11-2020,12:45,60188,540,5072
07-11-2020,12:45,60189,127,3057
07-11-2020,12:45,60190,70,1551
07-11-2020,12:45,60191,237,1724
07-11-2020,12:45,60192,75,1267
07-11-2020,12:45,60193,300,5045
07-11-2020,12:45,60194,198,3176
07-11-2020,12:45,60195,21,372
07-11-2020,12:45,60201,353,6107
07-11-2020,12:45,60202,463,4880
07-11-2020,12:45,60203,41,646
07-11-2020,12:45,60301,31,463
07-11-2020,12:45,60302,249,4977
07-11-2020,12:45,60304,90,2134
07-11-2020,12:45,60305,72,1273
07-11-2020,12:45,60401,54,1179
07-11-2020,12:45,60402,1519,10369
07-11-2020,12:45,60403,255,2671
07-11-2020,12:45,60404,133,2328
07-11-2020,12:45,60406,562,4393
07-11-2020,12:45,60408,27,723
07-11-2020,12:45,60409,676,6462
07-11-2020,12:45,60410,58,1194
07-11-2020,12:45,60411,1061,9804
07-11-2020,12:45,60415,232,2156
07-11-2020,12:45,60416,26,665
07-11-2020,12:45,60417,196,2437
07-11-2020,12:45,60418,130,878
07-11-2020,12:45,60419,449,4505
07-11-2020,12:45,60420,14,425
07-11-2020,12:45,60421,15,312
07-11-2020,12:45,60422,98,1508
07-11-2020,12:45,60423,201,3123
07-11-2020,12:45,60424,6,156
07-11-2020,12:45,60425,194,2136
07-11-2020,12:45,60426,536,4989
07-11-2020,12:45,60428,247,2176
07-11-2020,12:45,60429,251,3124
07-11-2020,12:45,60430,302,3209
07-11-2020,12:45,60431,256,3614
07-11-2020,12:45,60432,497,3043
07-11-2020,12:45,60433,345,3171
07-11-2020,12:45,60434,170,400
07-11-2020,12:45,60435,763,8205
07-11-2020,12:45,60436,274,2887
07-11-2020,12:45,60438,453,4204
07-11-2020,12:45,60439,136,2600
07-11-2020,12:45,60440,945,9304
07-11-2020,12:45,60441,243,3034
07-11-2020,12:45,60442,51,794
07-11-2020,12:45,60443,415,3855
07-11-2020,12:45,60445,198,2565
07-11-2020,12:45,60446,593,5828
07-11-2020,12:45,60447,66,1289
07-11-2020,12:45,60448,184,2144
07-11-2020,12:45,60449,86,1206
07-11-2020,12:45,60450,82,1961
07-11-2020,12:45,60451,167,2848
07-11-2020,12:45,60452,273,3119
07-11-2020,12:45,60453,889,8139
07-11-2020,12:45,60455,386,2510
07-11-2020,12:45,60456,56,529
07-11-2020,12:45,60457,155,1762
07-11-2020,12:45,60458,172,1694
07-11-2020,12:45,60459,477,3991
07-11-2020,12:45,60461,67,876
07-11-2020,12:45,60462,404,4624
07-11-2020,12:45,60463,264,1920
07-11-2020,12:45,60464,66,1125
07-11-2020,12:45,60465,290,1920
07-11-2020,12:45,60466,522,4259
07-11-2020,12:45,60467,209,2643
07-11-2020,12:45,60468,42,608
07-11-2020,12:45,60469,105,867
07-11-2020,12:45,60471,233,2330
07-11-2020,12:45,60472,75,915
07-11-2020,12:45,60473,478,5136
07-11-2020,12:45,60475,104,1215
07-11-2020,12:45,60476,36,393
07-11-2020,12:45,60477,290,4048
07-11-2020,12:45,60478,370,3613
07-11-2020,12:45,60480,45,727
07-11-2020,12:45,60481,35,1483
07-11-2020,12:45,60482,117,1056
07-11-2020,12:45,60484,138,1031
07-11-2020,12:45,60487,184,2399
07-11-2020,12:45,60490,169,2673
07-11-2020,12:45,60491,173,1932
07-11-2020,12:45,60501,316,1738
07-11-2020,12:45,60502,121,2114
07-11-2020,12:45,60503,80,1481
07-11-2020,12:45,60504,393,4373
07-11-2020,12:45,60505,2086,11539
07-11-2020,12:45,60506,1196,9796
07-11-2020,12:45,60510,151,3532
07-11-2020,12:45,60513,188,2914
07-11-2020,12:45,60514,61,1142
07-11-2020,12:45,60515,127,2633
07-11-2020,12:45,60516,159,3042
07-11-2020,12:45,60517,261,3855
07-11-2020,12:45,60518,7,192
07-11-2020,12:45,60520,11,252
07-11-2020,12:45,60521,218,2360
07-11-2020,12:45,60523,120,1441
07-11-2020,12:45,60525,340,5515
07-11-2020,12:45,60526,101,3299
07-11-2020,12:45,60527,293,4858
07-11-2020,12:45,60532,163,3230
07-11-2020,12:45,60534,199,1612
07-11-2020,12:45,60538,352,3460
07-11-2020,12:45,60540,168,4393
07-11-2020,12:45,60541,12,239
07-11-2020,12:45,60542,215,2469
07-11-2020,12:45,60543,327,4218
07-11-2020,12:45,60544,216,3909
07-11-2020,12:45,60545,165,1688
07-11-2020,12:45,60546,180,3678
07-11-2020,12:45,60548,133,1887
07-11-2020,12:45,60551,30,298
07-11-2020,12:45,60552,13,405
07-11-2020,12:45,60554,54,1179
07-11-2020,12:45,60555,145,1640
07-11-2020,12:45,60558,80,1592
07-11-2020,12:45,60559,359,3214
07-11-2020,12:45,60560,151,2414
07-11-2020,12:45,60561,144,2700
07-11-2020,12:45,60563,214,4859
07-11-2020,12:45,60564,231,4019
07-11-2020,12:45,60565,221,3812
07-11-2020,12:45,60585,130,2469
07-11-2020,12:45,60586,460,5566
07-11-2020,12:45,60601,89,1633
07-11-2020,12:45,60602,17,328
07-11-2020,12:45,60603,8,167
07-11-2020,12:45,60604,24,232
07-11-2020,12:45,60605,237,3935
07-11-2020,12:45,60606,37,1268
07-11-2020,12:45,60607,505,4157
07-11-2020,12:45,60608,1908,12399
07-11-2020,12:45,60609,1936,11096
07-11-2020,12:45,60610,333,5736
07-11-2020,12:45,60611,213,5554
07-11-2020,12:45,60612,755,6973
07-11-2020,12:45,60613,454,6439
07-11-2020,12:45,60614,615,9527
07-11-2020,12:45,60615,442,6524
07-11-2020,12:45,60616,527,8575
07-11-2020,12:45,60617,1315,13364
07-11-2020,12:45,60618,1484,14136
07-11-2020,12:45,60619,1038,12590
07-11-2020,12:45,60620,1230,11807
07-11-2020,12:45,60621,596,5293
07-11-2020,12:45,60622,732,8616
07-11-2020,12:45,60623,3600,14765
07-11-2020,12:45,60624,952,6216
07-11-2020,12:45,60625,1562,12423
07-11-2020,12:45,60626,1182,11899
07-11-2020,12:45,60628,1239,10980
07-11-2020,12:45,60629,3599,17195
07-11-2020,12:45,60630,881,7860
07-11-2020,12:45,60631,383,5672
07-11-2020,12:45,60632,3388,14050
07-11-2020,12:45,60633,316,3198
07-11-2020,12:45,60634,1626,13940
07-11-2020,12:45,60636,824,5376
07-11-2020,12:45,60637,695,8622
07-11-2020,12:45,60638,1225,8707
07-11-2020,12:45,60639,3638,18210
07-11-2020,12:45,60640,927,12744
07-11-2020,12:45,60641,1661,13017
07-11-2020,12:45,60642,228,3204
07-11-2020,12:45,60643,811,9294
07-11-2020,12:45,60644,1351,9576
07-11-2020,12:45,60645,1146,8352
07-11-2020,12:45,60646,417,4712
07-11-2020,12:45,60647,1547,14020
07-11-2020,12:45,60649,890,9202
07-11-2020,12:45,60651,1889,10751
07-11-2020,12:45,60652,1060,6857
07-11-2020,12:45,60653,598,7680
07-11-2020,12:45,60654,188,2555
07-11-2020,12:45,60655,300,4729
07-11-2020,12:45,60656,331,4111
07-11-2020,12:45,60657,430,8353
07-11-2020,12:45,60659,838,5671
07-11-2020,12:45,60660,503,6005
07-11-2020,12:45,60661,58,1116
07-11-2020,12:45,60680,7,131
07-11-2020,12:45,60706,469,4752
07-11-2020,12:45,60707,866,7348
07-11-2020,12:45,60712,195,2340
07-11-2020,12:45,60714,945,6982
07-11-2020,12:45,60803,291,2697
07-11-2020,12:45,60804,3115,14510
07-11-2020,12:45,60805,254,2531
07-11-2020,12:45,60827,413,3772
07-11-2020,12:45,60901,753,6904
07-11-2020,12:45,60911,12,172
07-11-2020,12:45,60912,6,69
07-11-2020,12:45,60913,7,140
07-11-2020,12:45,60914,248,4553
07-11-2020,12:45,60915,108,1889
07-11-2020,12:45,60919,7,50
07-11-2020,12:45,60922,20,346
07-11-2020,12:45,60927,55,635
07-11-2020,12:45,60928,7,73
07-11-2020,12:45,60930,7,226
07-11-2020,12:45,60931,6,60
07-11-2020,12:45,60936,11,566
07-11-2020,12:45,60938,10,403
07-11-2020,12:45,60940,23,398
07-11-2020,12:45,60941,7,202
07-11-2020,12:45,60942,10,750
07-11-2020,12:45,60950,121,2580
07-11-2020,12:45,60953,6,235
07-11-2020,12:45,60954,51,1300
07-11-2020,12:45,60955,16,198
07-11-2020,12:45,60957,14,583
07-11-2020,12:45,60958,26,317
07-11-2020,12:45,60964,43,681
07-11-2020,12:45,60970,22,807
07-11-2020,12:45,61008,500,4483
07-11-2020,12:45,61010,31,982
07-11-2020,12:45,61011,12,216
07-11-2020,12:45,61012,25,206
07-11-2020,12:45,61016,50,547
07-11-2020,12:45,61019,16,306
07-11-2020,12:45,61020,18,274
07-11-2020,12:45,61021,98,2028
07-11-2020,12:45,61024,8,343
07-11-2020,12:45,61025,8,290
07-11-2020,12:45,61032,242,4270
07-11-2020,12:45,61036,23,924
07-11-2020,12:45,61041,6,90
07-11-2020,12:45,61047,6,121
07-11-2020,12:45,61048,6,258
07-11-2020,12:45,61054,16,307
07-11-2020,12:45,61061,20,554
07-11-2020,12:45,61063,11,356
07-11-2020,12:45,61064,14,212
07-11-2020,12:45,61065,81,1001
07-11-2020,12:45,61068,167,1724
07-11-2020,12:45,61071,47,639
07-11-2020,12:45,61072,46,928
07-11-2020,12:45,61073,92,1722
07-11-2020,12:45,61080,62,774
07-11-2020,12:45,61081,97,1174
07-11-2020,12:45,61084,12,192
07-11-2020,12:45,61085,8,228
07-11-2020,12:45,61088,13,523
07-11-2020,12:45,61101,348,3363
07-11-2020,12:45,61102,308,2758
07-11-2020,12:45,61103,339,4435
07-11-2020,12:45,61104,347,2439
07-11-2020,12:45,61107,303,4279
07-11-2020,12:45,61108,469,4504
07-11-2020,12:45,61109,321,3411
07-11-2020,12:45,61111,129,2706
07-11-2020,12:45,61114,127,2153
07-11-2020,12:45,61115,149,2366
07-11-2020,12:45,61201,324,4970
07-11-2020,12:45,61231,6,411
07-11-2020,12:45,61235,8,145
07-11-2020,12:45,61238,8,286
07-11-2020,12:45,61239,8,136
07-11-2020,12:45,61240,25,712
07-11-2020,12:45,61241,20,729
07-11-2020,12:45,61244,295,4193
07-11-2020,12:45,61252,30,354
07-11-2020,12:45,61254,24,1113
07-11-2020,12:45,61256,9,210
07-11-2020,12:45,61264,43,1173
07-11-2020,12:45,61265,363,5889
07-11-2020,12:45,61270,15,473
07-11-2020,12:45,61273,10,309
07-11-2020,12:45,61275,19,377
07-11-2020,12:45,61282,69,1344
07-11-2020,12:45,61284,10,205
07-11-2020,12:45,61301,7,918
07-11-2020,12:45,61314,6,56
07-11-2020,12:45,61341,47,1013
07-11-2020,12:45,61342,26,512
07-11-2020,12:45,61348,6,275
07-11-2020,12:45,61350,44,2510
07-11-2020,12:45,61354,9,714
07-11-2020,12:45,61356,11,1012
07-11-2020,12:45,61360,9,182
07-11-2020,12:45,61362,9,673
07-11-2020,12:45,61364,10,1504
07-11-2020,12:45,61401,146,2966
07-11-2020,12:45,61410,9,181
07-11-2020,12:45,61420,6,63
07-11-2020,12:45,61443,23,815
07-11-2020,12:45,61455,88,1547
07-11-2020,12:45,61462,120,924
07-11-2020,12:45,61469,7,154
07-11-2020,12:45,61523,8,1300
07-11-2020,12:45,61525,35,1010
07-11-2020,12:45,61528,6,295
07-11-2020,12:45,61547,9,335
07-11-2020,12:45,61548,19,985
07-11-2020,12:45,61550,27,2200
07-11-2020,12:45,61554,50,4578
07-11-2020,12:45,61568,6,316
07-11-2020,12:45,61571,33,2534
07-11-2020,12:45,61602,8,228
07-11-2020,12:45,61603,117,2337
07-11-2020,12:45,61604,104,4014
07-11-2020,12:45,61605,82,1871
07-11-2020,12:45,61606,20,574
07-11-2020,12:45,61607,13,1035
07-11-2020,12:45,61610,8,503
07-11-2020,12:45,61611,40,2581
07-11-2020,12:45,61614,151,4064
07-11-2020,12:45,61615,63,3350
07-11-2020,12:45,61616,12,1109
07-11-2020,12:45,61701,80,4280
07-11-2020,12:45,61704,92,3273
07-11-2020,12:45,61705,21,1404
07-11-2020,12:45,61726,6,215
07-11-2020,12:45,61727,12,662
07-11-2020,12:45,61729,6,89
07-11-2020,12:45,61739,6,462
07-11-2020,12:45,61745,8,357
07-11-2020,12:45,61761,84,4099
07-11-2020,12:45,61764,22,1248
07-11-2020,12:45,61801,62,4446
07-11-2020,12:45,61802,136,4402
07-11-2020,12:45,61820,158,4882
07-11-2020,12:45,61821,185,6801
07-11-2020,12:45,61822,85,4926
07-11-2020,12:45,61832,47,3071
07-11-2020,12:45,61834,6,602
07-11-2020,12:45,61842,7,328
07-11-2020,12:45,61843,19,559
07-11-2020,12:45,61853,66,3407
07-11-2020,12:45,61856,11,1177
07-11-2020,12:45,61866,208,2985
07-11-2020,12:45,61873,16,954
07-11-2020,12:45,61874,41,2288
07-11-2020,12:45,61880,16,720
07-11-2020,12:45,61884,6,182
07-11-2020,12:45,61910,25,477
07-11-2020,12:45,61911,15,278
07-11-2020,12:45,61920,113,2842
07-11-2020,12:45,61938,60,3521
07-11-2020,12:45,61944,16,697
07-11-2020,12:45,61951,9,872
07-11-2020,12:45,61953,17,755
07-11-2020,12:45,61956,6,401
07-11-2020,12:45,62002,178,2221
07-11-2020,12:45,62010,48,508
07-11-2020,12:45,62012,16,463
07-11-2020,12:45,62018,12,193
07-11-2020,12:45,62024,18,536
07-11-2020,12:45,62025,156,2324
07-11-2020,12:45,62033,7,556
07-11-2020,12:45,62034,88,1541
07-11-2020,12:45,62035,61,1666
07-11-2020,12:45,62040,220,3415
07-11-2020,12:45,62049,14,1064
07-11-2020,12:45,62052,21,1002
07-11-2020,12:45,62056,34,1248
07-11-2020,12:45,62059,7,55
07-11-2020,12:45,62060,52,487
07-11-2020,12:45,62062,23,1457
07-11-2020,12:45,62067,8,142
07-11-2020,12:45,62069,11,274
07-11-2020,12:45,62088,8,796
07-11-2020,12:45,62090,14,132
07-11-2020,12:45,62095,29,618
07-11-2020,12:45,62201,138,1077
07-11-2020,12:45,62203,83,727
07-11-2020,12:45,62204,84,673
07-11-2020,12:45,62205,91,962
07-11-2020,12:45,62206,224,1525
07-11-2020,12:45,62207,130,778
07-11-2020,12:45,62208,124,1438
07-11-2020,12:45,62215,7,140
07-11-2020,12:45,62216,7,272
07-11-2020,12:45,62217,9,64
07-11-2020,12:45,62220,227,1514
07-11-2020,12:45,62221,210,1928
07-11-2020,12:45,62223,89,1395
07-11-2020,12:45,62225,6,153
07-11-2020,12:45,62226,258,2508
07-11-2020,12:45,62230,28,569
07-11-2020,12:45,62231,88,772
07-11-2020,12:45,62232,55,1354
07-11-2020,12:45,62233,112,878
07-11-2020,12:45,62234,221,2731
07-11-2020,12:45,62236,64,559
07-11-2020,12:45,62237,6,599
07-11-2020,12:45,62238,8,57
07-11-2020,12:45,62239,22,243
07-11-2020,12:45,62240,6,64
07-11-2020,12:45,62241,7,83
07-11-2020,12:45,62242,7,68
07-11-2020,12:45,62243,11,302
07-11-2020,12:45,62245,7,122
07-11-2020,12:45,62246,13,868
07-11-2020,12:45,62249,24,1063
07-11-2020,12:45,62254,103,712
07-11-2020,12:45,62255,8,57
07-11-2020,12:45,62257,13,211
07-11-2020,12:45,62258,29,958
07-11-2020,12:45,62260,18,298
07-11-2020,12:45,62264,60,238
07-11-2020,12:45,62265,47,883
07-11-2020,12:45,62269,141,1999
07-11-2020,12:45,62272,50,217
07-11-2020,12:45,62274,13,608
07-11-2020,12:45,62278,22,586
07-11-2020,12:45,62285,23,258
07-11-2020,12:45,62286,55,589
07-11-2020,12:45,62288,33,323
07-11-2020,12:45,62293,13,436
07-11-2020,12:45,62294,44,923
07-11-2020,12:45,62295,14,100
07-11-2020,12:45,62298,76,1390
07-11-2020,12:45,62301,71,5819
07-11-2020,12:45,62305,67,859
07-11-2020,12:45,62353,7,446
07-11-2020,12:45,62401,11,1477
07-11-2020,12:45,62420,21,373
07-11-2020,12:45,62427,6,89
07-11-2020,12:45,62428,9,289
07-11-2020,12:45,62439,7,535
07-11-2020,12:45,62441,12,431
07-11-2020,12:45,62447,21,486
07-11-2020,12:45,62448,37,762
07-11-2020,12:45,62450,7,1455
07-11-2020,12:45,62454,11,572
07-11-2020,12:45,62467,9,211
07-11-2020,12:45,62471,18,779
07-11-2020,12:45,62474,6,83
07-11-2020,12:45,62521,119,3253
07-11-2020,12:45,62522,47,1071
07-11-2020,12:45,62526,64,2507
07-11-2020,12:45,62549,7,509
07-11-2020,12:45,62560,8,165
07-11-2020,12:45,62561,10,682
07-11-2020,12:45,62563,8,801
07-11-2020,12:45,62565,14,1091
07-11-2020,12:45,62568,38,1402
07-11-2020,12:45,62613,6,458
07-11-2020,12:45,62615,9,896
07-11-2020,12:45,62618,79,1180
07-11-2020,12:45,62626,12,1370
07-11-2020,12:45,62627,8,150
07-11-2020,12:45,62629,34,2131
07-11-2020,12:45,62642,6,204
07-11-2020,12:45,62650,114,3829
07-11-2020,12:45,62656,16,2680
07-11-2020,12:45,62664,11,390
07-11-2020,12:45,62675,16,862
07-11-2020,12:45,62677,6,363
07-11-2020,12:45,62681,12,499
07-11-2020,12:45,62684,73,1054
07-11-2020,12:45,62691,48,355
07-11-2020,12:45,62692,9,268
07-11-2020,12:45,62702,100,6664
07-11-2020,12:45,62703,85,5096
07-11-2020,12:45,62704,79,6086
07-11-2020,12:45,62707,21,1698
07-11-2020,12:45,62711,49,3096
07-11-2020,12:45,62712,15,1525
07-11-2020,12:45,62801,77,2437
07-11-2020,12:45,62808,7,107
07-11-2020,12:45,62812,22,836
07-11-2020,12:45,62832,25,1233
07-11-2020,12:45,62837,10,724
07-11-2020,12:45,62848,7,56
07-11-2020,12:45,62859,7,307
07-11-2020,12:45,62863,22,758
07-11-2020,12:45,62864,91,2170
07-11-2020,12:45,62881,8,756
07-11-2020,12:45,62882,15,244
07-11-2020,12:45,62896,13,1071
07-11-2020,12:45,62901,181,3091
07-11-2020,12:45,62902,23,479
07-11-2020,12:45,62905,6,115
07-11-2020,12:45,62906,100,1220
07-11-2020,12:45,62907,21,209
07-11-2020,12:45,62910,6,160
07-11-2020,12:45,62912,10,106
07-11-2020,12:45,62914,11,424
07-11-2020,12:45,62918,22,1093
07-11-2020,12:45,62920,71,507
07-11-2020,12:45,62939,10,257
07-11-2020,12:45,62946,10,750
07-11-2020,12:45,62948,32,1256
07-11-2020,12:45,62951,13,426
07-11-2020,12:45,62952,15,312
07-11-2020,12:45,62958,6,209
07-11-2020,12:45,62959,66,3413
07-11-2020,12:45,62960,9,918
07-11-2020,12:45,62964,8,117
07-11-2020,12:45,62966,107,1691
07-11-2020,12:45,62992,58,244
07-11-2020,12:45,62995,10,270
07-10-2020,14:45,60002,123,1770
07-10-2020,14:45,60004,389,8783
07-10-2020,14:45,60005,240,4342
07-10-2020,14:45,60007,380,3881
07-10-2020,14:45,60008,364,4334
07-10-2020,14:45,60010,196,3947
07-10-2020,14:45,60012,94,918
07-10-2020,14:45,60013,134,1784
07-10-2020,14:45,60014,345,4234
07-10-2020,14:45,60015,208,3155
07-10-2020,14:45,60016,1166,8747
07-10-2020,14:45,60018,703,5036
07-10-2020,14:45,60020,48,1083
07-10-2020,14:45,60021,24,372
07-10-2020,14:45,60022,36,859
07-10-2020,14:45,60025,424,5049
07-10-2020,14:45,60026,170,2964
07-10-2020,14:45,60029,8,96
07-10-2020,14:45,60030,224,3790
07-10-2020,14:45,60031,384,4669
07-10-2020,14:45,60033,237,1577
07-10-2020,14:45,60035,298,4716
07-10-2020,14:45,60040,182,994
07-10-2020,14:45,60041,55,884
07-10-2020,14:45,60042,53,670
07-10-2020,14:45,60043,19,301
07-10-2020,14:45,60044,115,1514
07-10-2020,14:45,60045,138,2669
07-10-2020,14:45,60046,240,3087
07-10-2020,14:45,60047,508,5333
07-10-2020,14:45,60048,185,2878
07-10-2020,14:45,60050,247,3063
07-10-2020,14:45,60051,141,2054
07-10-2020,14:45,60053,334,3312
07-10-2020,14:45,60056,682,6401
07-10-2020,14:45,60060,482,3617
07-10-2020,14:45,60061,190,2711
07-10-2020,14:45,60062,361,6724
07-10-2020,14:45,60064,672,2403
07-10-2020,14:45,60067,275,5623
07-10-2020,14:45,60068,352,4828
07-10-2020,14:45,60069,101,2224
07-10-2020,14:45,60070,283,2434
07-10-2020,14:45,60071,17,279
07-10-2020,14:45,60073,1148,7891
07-10-2020,14:45,60074,499,4229
07-10-2020,14:45,60076,570,5509
07-10-2020,14:45,60077,438,4217
07-10-2020,14:45,60079,13,126
07-10-2020,14:45,60081,50,689
07-10-2020,14:45,60083,106,1200
07-10-2020,14:45,60084,199,1548
07-10-2020,14:45,60085,2514,12541
07-10-2020,14:45,60087,713,4614
07-10-2020,14:45,60088,206,702
07-10-2020,14:45,60089,345,4319
07-10-2020,14:45,60090,849,5356
07-10-2020,14:45,60091,187,2830
07-10-2020,14:45,60093,194,2419
07-10-2020,14:45,60096,42,568
07-10-2020,14:45,60097,47,859
07-10-2020,14:45,60098,388,4110
07-10-2020,14:45,60099,611,4587
07-10-2020,14:45,60101,847,5196
07-10-2020,14:45,60102,206,2647
07-10-2020,14:45,60103,331,4295
07-10-2020,14:45,60104,456,3261
07-10-2020,14:45,60106,551,4020
07-10-2020,14:45,60107,689,5375
07-10-2020,14:45,60108,355,3981
07-10-2020,14:45,60109,12,344
07-10-2020,14:45,60110,769,3940
07-10-2020,14:45,60112,31,429
07-10-2020,14:45,60115,315,4670
07-10-2020,14:45,60118,91,1371
07-10-2020,14:45,60119,42,919
07-10-2020,14:45,60120,1440,6970
07-10-2020,14:45,60123,967,6644
07-10-2020,14:45,60124,153,2083
07-10-2020,14:45,60126,388,5939
07-10-2020,14:45,60130,171,3663
07-10-2020,14:45,60131,376,2549
07-10-2020,14:45,60133,792,5414
07-10-2020,14:45,60134,215,2895
07-10-2020,14:45,60135,54,680
07-10-2020,14:45,60136,74,699
07-10-2020,14:45,60137,185,3806
07-10-2020,14:45,60139,691,4698
07-10-2020,14:45,60140,111,1549
07-10-2020,14:45,60141,27,925
07-10-2020,14:45,60142,124,2604
07-10-2020,14:45,60143,205,1650
07-10-2020,14:45,60145,9,162
07-10-2020,14:45,60146,10,233
07-10-2020,14:45,60148,431,5742
07-10-2020,14:45,60151,20,322
07-10-2020,14:45,60152,86,1044
07-10-2020,14:45,60153,542,3655
07-10-2020,14:45,60154,226,2688
07-10-2020,14:45,60155,185,1163
07-10-2020,14:45,60156,174,2234
07-10-2020,14:45,60157,12,225
07-10-2020,14:45,60160,790,4173
07-10-2020,14:45,60162,180,1818
07-10-2020,14:45,60163,101,767
07-10-2020,14:45,60164,553,4921
07-10-2020,14:45,60165,186,745
07-10-2020,14:45,60169,434,3828
07-10-2020,14:45,60171,140,1365
07-10-2020,14:45,60172,252,2710
07-10-2020,14:45,60173,114,1129
07-10-2020,14:45,60174,217,3697
07-10-2020,14:45,60175,125,2057
07-10-2020,14:45,60176,181,1304
07-10-2020,14:45,60177,344,2792
07-10-2020,14:45,60178,79,1903
07-10-2020,14:45,60181,304,3141
07-10-2020,14:45,60184,9,207
07-10-2020,14:45,60185,800,4878
07-10-2020,14:45,60187,171,3684
07-10-2020,14:45,60188,539,4980
07-10-2020,14:45,60189,126,2954
07-10-2020,14:45,60190,70,1527
07-10-2020,14:45,60191,236,1711
07-10-2020,14:45,60192,73,1257
07-10-2020,14:45,60193,295,4959
07-10-2020,14:45,60194,197,3154
07-10-2020,14:45,60195,21,371
07-10-2020,14:45,60201,353,5957
07-10-2020,14:45,60202,461,4805
07-10-2020,14:45,60203,41,641
07-10-2020,14:45,60301,31,453
07-10-2020,14:45,60302,245,4858
07-10-2020,14:45,60304,88,2068
07-10-2020,14:45,60305,68,1231
07-10-2020,14:45,60401,53,1169
07-10-2020,14:45,60402,1511,10231
07-10-2020,14:45,60403,255,2632
07-10-2020,14:45,60404,133,2308
07-10-2020,14:45,60406,558,4365
07-10-2020,14:45,60408,27,696
07-10-2020,14:45,60409,671,6368
07-10-2020,14:45,60410,57,1184
07-10-2020,14:45,60411,1048,9702
07-10-2020,14:45,60415,229,2140
07-10-2020,14:45,60416,24,656
07-10-2020,14:45,60417,193,2405
07-10-2020,14:45,60418,129,867
07-10-2020,14:45,60419,445,4443
07-10-2020,14:45,60420,14,416
07-10-2020,14:45,60421,15,308
07-10-2020,14:45,60422,97,1480
07-10-2020,14:45,60423,198,3080
07-10-2020,14:45,60424,6,149
07-10-2020,14:45,60425,192,2113
07-10-2020,14:45,60426,533,4925
07-10-2020,14:45,60428,248,2151
07-10-2020,14:45,60429,251,3101
07-10-2020,14:45,60430,301,3136
07-10-2020,14:45,60431,254,3586
07-10-2020,14:45,60432,496,3017
07-10-2020,14:45,60433,343,3113
07-10-2020,14:45,60434,170,399
07-10-2020,14:45,60435,757,8112
07-10-2020,14:45,60436,274,2866
07-10-2020,14:45,60438,447,4144
07-10-2020,14:45,60439,133,2453
07-10-2020,14:45,60440,939,9203
07-10-2020,14:45,60441,241,2992
07-10-2020,14:45,60442,49,784
07-10-2020,14:45,60443,406,3805
07-10-2020,14:45,60445,196,2534
07-10-2020,14:45,60446,589,5761
07-10-2020,14:45,60447,65,1268
07-10-2020,14:45,60448,183,2126
07-10-2020,14:45,60449,86,1192
07-10-2020,14:45,60450,80,1782
07-10-2020,14:45,60451,167,2829
07-10-2020,14:45,60452,268,3084
07-10-2020,14:45,60453,886,8058
07-10-2020,14:45,60455,384,2484
07-10-2020,14:45,60456,56,521
07-10-2020,14:45,60457,155,1668
07-10-2020,14:45,60458,172,1675
07-10-2020,14:45,60459,474,3945
07-10-2020,14:45,60461,67,866
07-10-2020,14:45,60462,402,4584
07-10-2020,14:45,60463,264,1899
07-10-2020,14:45,60464,66,1117
07-10-2020,14:45,60465,289,1892
07-10-2020,14:45,60466,519,4219
07-10-2020,14:45,60467,208,2611
07-10-2020,14:45,60468,42,597
07-10-2020,14:45,60469,104,861
07-10-2020,14:45,60471,231,2304
07-10-2020,14:45,60472,74,905
07-10-2020,14:45,60473,477,5069
07-10-2020,14:45,60475,103,1202
07-10-2020,14:45,60476,34,387
07-10-2020,14:45,60477,289,3987
07-10-2020,14:45,60478,366,3581
07-10-2020,14:45,60480,45,714
07-10-2020,14:45,60481,35,1459
07-10-2020,14:45,60482,117,1040
07-10-2020,14:45,60484,135,1014
07-10-2020,14:45,60487,182,2374
07-10-2020,14:45,60490,169,2635
07-10-2020,14:45,60491,172,1870
07-10-2020,14:45,60501,314,1721
07-10-2020,14:45,60502,117,2078
07-10-2020,14:45,60503,79,1450
07-10-2020,14:45,60504,391,4316
07-10-2020,14:45,60505,2077,11462
07-10-2020,14:45,60506,1192,9694
07-10-2020,14:45,60510,148,3418
07-10-2020,14:45,60513,187,2875
07-10-2020,14:45,60514,60,1125
07-10-2020,14:45,60515,124,2585
07-10-2020,14:45,60516,157,3006
07-10-2020,14:45,60517,259,3809
07-10-2020,14:45,60518,7,191
07-10-2020,14:45,60520,11,249
07-10-2020,14:45,60521,216,2305
07-10-2020,14:45,60523,118,1423
07-10-2020,14:45,60525,338,5444
07-10-2020,14:45,60526,99,3263
07-10-2020,14:45,60527,294,4756
07-10-2020,14:45,60532,162,3185
07-10-2020,14:45,60534,198,1593
07-10-2020,14:45,60538,349,3402
07-10-2020,14:45,60540,166,4307
07-10-2020,14:45,60541,12,234
07-10-2020,14:45,60542,214,2422
07-10-2020,14:45,60543,324,4150
07-10-2020,14:45,60544,216,3847
07-10-2020,14:45,60545,164,1667
07-10-2020,14:45,60546,179,3601
07-10-2020,14:45,60548,130,1853
07-10-2020,14:45,60551,30,292
07-10-2020,14:45,60552,13,394
07-10-2020,14:45,60554,54,1166
07-10-2020,14:45,60555,144,1616
07-10-2020,14:45,60558,80,1551
07-10-2020,14:45,60559,358,3188
07-10-2020,14:45,60560,143,2365
07-10-2020,14:45,60561,143,2671
07-10-2020,14:45,60563,210,4748
07-10-2020,14:45,60564,222,3942
07-10-2020,14:45,60565,220,3744
07-10-2020,14:45,60585,129,2396
07-10-2020,14:45,60586,453,5498
07-10-2020,14:45,60601,89,1605
07-10-2020,14:45,60602,17,322
07-10-2020,14:45,60603,8,165
07-10-2020,14:45,60604,24,230
07-10-2020,14:45,60605,235,3876
07-10-2020,14:45,60606,38,1252
07-10-2020,14:45,60607,504,4085
07-10-2020,14:45,60608,1901,12077
07-10-2020,14:45,60609,1927,10922
07-10-2020,14:45,60610,327,5630
07-10-2020,14:45,60611,206,5416
07-10-2020,14:45,60612,753,6856
07-10-2020,14:45,60613,451,6286
07-10-2020,14:45,60614,609,9267
07-10-2020,14:45,60615,440,6388
07-10-2020,14:45,60616,520,8474
07-10-2020,14:45,60617,1305,13055
07-10-2020,14:45,60618,1483,13813
07-10-2020,14:45,60619,1027,12419
07-10-2020,14:45,60620,1224,11670
07-10-2020,14:45,60621,594,5209
07-10-2020,14:45,60622,728,8425
07-10-2020,14:45,60623,3590,14543
07-10-2020,14:45,60624,950,6133
07-10-2020,14:45,60625,1559,12131
07-10-2020,14:45,60626,1180,11689
07-10-2020,14:45,60628,1234,10773
07-10-2020,14:45,60629,3584,16920
07-10-2020,14:45,60630,880,7726
07-10-2020,14:45,60631,379,5585
07-10-2020,14:45,60632,3381,13846
07-10-2020,14:45,60633,312,3103
07-10-2020,14:45,60634,1617,13713
07-10-2020,14:45,60636,823,5307
07-10-2020,14:45,60637,691,8510
07-10-2020,14:45,60638,1220,8602
07-10-2020,14:45,60639,3624,17931
07-10-2020,14:45,60640,922,12260
07-10-2020,14:45,60641,1657,12748
07-10-2020,14:45,60642,227,3148
07-10-2020,14:45,60643,803,9152
07-10-2020,14:45,60644,1346,9388
07-10-2020,14:45,60645,1146,8250
07-10-2020,14:45,60646,414,4639
07-10-2020,14:45,60647,1539,13660
07-10-2020,14:45,60649,884,9073
07-10-2020,14:45,60651,1887,10606
07-10-2020,14:45,60652,1051,6771
07-10-2020,14:45,60653,593,7584
07-10-2020,14:45,60654,187,2499
07-10-2020,14:45,60655,296,4674
07-10-2020,14:45,60656,325,4046
07-10-2020,14:45,60657,420,8165
07-10-2020,14:45,60659,836,5599
07-10-2020,14:45,60660,501,5918
07-10-2020,14:45,60661,56,1091
07-10-2020,14:45,60680,6,129
07-10-2020,14:45,60706,469,4688
07-10-2020,14:45,60707,860,7231
07-10-2020,14:45,60712,193,2312
07-10-2020,14:45,60714,941,6866
07-10-2020,14:45,60803,288,2669
07-10-2020,14:45,60804,3096,14209
07-10-2020,14:45,60805,252,2506
07-10-2020,14:45,60827,411,3721
07-10-2020,14:45,60901,746,6775
07-10-2020,14:45,60911,11,166
07-10-2020,14:45,60912,6,69
07-10-2020,14:45,60913,7,140
07-10-2020,14:45,60914,244,4467
07-10-2020,14:45,60915,107,1864
07-10-2020,14:45,60919,7,50
07-10-2020,14:45,60922,20,335
07-10-2020,14:45,60927,54,625
07-10-2020,14:45,60928,7,69
07-10-2020,14:45,60930,7,171
07-10-2020,14:45,60931,6,58
07-10-2020,14:45,60936,11,564
07-10-2020,14:45,60938,9,320
07-10-2020,14:45,60940,23,393
07-10-2020,14:45,60941,7,201
07-10-2020,14:45,60942,10,721
07-10-2020,14:45,60950,120,2512
07-10-2020,14:45,60953,6,226
07-10-2020,14:45,60954,51,1288
07-10-2020,14:45,60955,16,188
07-10-2020,14:45,60957,14,579
07-10-2020,14:45,60958,26,313
07-10-2020,14:45,60964,43,677
07-10-2020,14:45,60970,22,782
07-10-2020,14:45,61008,497,4450
07-10-2020,14:45,61010,31,976
07-10-2020,14:45,61011,12,214
07-10-2020,14:45,61012,24,205
07-10-2020,14:45,61016,50,538
07-10-2020,14:45,61019,13,289
07-10-2020,14:45,61020,18,271
07-10-2020,14:45,61021,98,2019
07-10-2020,14:45,61024,8,316
07-10-2020,14:45,61025,8,281
07-10-2020,14:45,61032,242,4186
07-10-2020,14:45,61036,21,862
07-10-2020,14:45,61041,6,84
07-10-2020,14:45,61048,6,258
07-10-2020,14:45,61054,14,305
07-10-2020,14:45,61061,18,552
07-10-2020,14:45,61063,12,349
07-10-2020,14:45,61064,10,209
07-10-2020,14:45,61065,81,989
07-10-2020,14:45,61068,161,1680
07-10-2020,14:45,61071,47,628
07-10-2020,14:45,61072,44,906
07-10-2020,14:45,61073,89,1702
07-10-2020,14:45,61080,62,764
07-10-2020,14:45,61081,97,1161
07-10-2020,14:45,61084,12,189
07-10-2020,14:45,61085,8,225
07-10-2020,14:45,61088,13,511
07-10-2020,14:45,61101,352,3324
07-10-2020,14:45,61102,308,2709
07-10-2020,14:45,61103,342,4387
07-10-2020,14:45,61104,349,2419
07-10-2020,14:45,61107,301,4239
07-10-2020,14:45,61108,470,4398
07-10-2020,14:45,61109,323,3387
07-10-2020,14:45,61111,128,2674
07-10-2020,14:45,61114,126,2144
07-10-2020,14:45,61115,150,2351
07-10-2020,14:45,61201,319,4909
07-10-2020,14:45,61231,6,407
07-10-2020,14:45,61235,8,144
07-10-2020,14:45,61238,8,284
07-10-2020,14:45,61239,8,135
07-10-2020,14:45,61240,22,694
07-10-2020,14:45,61241,20,717
07-10-2020,14:45,61244,294,4096
07-10-2020,14:45,61252,30,351
07-10-2020,14:45,61254,23,1109
07-10-2020,14:45,61256,8,208
07-10-2020,14:45,61264,40,1153
07-10-2020,14:45,61265,354,5790
07-10-2020,14:45,61270,14,468
07-10-2020,14:45,61273,9,302
07-10-2020,14:45,61275,17,374
07-10-2020,14:45,61282,65,1330
07-10-2020,14:45,61284,10,204
07-10-2020,14:45,61301,7,911
07-10-2020,14:45,61314,6,56
07-10-2020,14:45,61341,47,1004
07-10-2020,14:45,61342,23,485
07-10-2020,14:45,61350,43,2448
07-10-2020,14:45,61354,8,705
07-10-2020,14:45,61356,11,1002
07-10-2020,14:45,61360,9,174
07-10-2020,14:45,61362,8,669
07-10-2020,14:45,61364,9,1472
07-10-2020,14:45,61401,136,2870
07-10-2020,14:45,61410,9,173
07-10-2020,14:45,61443,21,810
07-10-2020,14:45,61455,88,1523
07-10-2020,14:45,61462,119,911
07-10-2020,14:45,61469,7,154
07-10-2020,14:45,61523,8,1258
07-10-2020,14:45,61525,33,957
07-10-2020,14:45,61547,9,327
07-10-2020,14:45,61548,19,946
07-10-2020,14:45,61550,26,2168
07-10-2020,14:45,61554,48,4500
07-10-2020,14:45,61568,6,310
07-10-2020,14:45,61571,33,2472
07-10-2020,14:45,61602,8,221
07-10-2020,14:45,61603,117,2291
07-10-2020,14:45,61604,99,3919
07-10-2020,14:45,61605,81,1835
07-10-2020,14:45,61606,20,557
07-10-2020,14:45,61607,13,998
07-10-2020,14:45,61610,8,495
07-10-2020,14:45,61611,37,2503
07-10-2020,14:45,61614,149,3976
07-10-2020,14:45,61615,59,3255
07-10-2020,14:45,61616,12,1090
07-10-2020,14:45,61701,78,4186
07-10-2020,14:45,61704,91,3200
07-10-2020,14:45,61705,21,1383
07-10-2020,14:45,61726,6,211
07-10-2020,14:45,61727,10,651
07-10-2020,14:45,61729,6,88
07-10-2020,14:45,61739,6,458
07-10-2020,14:45,61745,8,352
07-10-2020,14:45,61761,81,3995
07-10-2020,14:45,61764,22,1203
07-10-2020,14:45,61801,61,4107
07-10-2020,14:45,61802,135,4255
07-10-2020,14:45,61820,156,4454
07-10-2020,14:45,61821,181,6581
07-10-2020,14:45,61822,83,4765
07-10-2020,14:45,61832,45,3014
07-10-2020,14:45,61834,6,592
07-10-2020,14:45,61842,7,322
07-10-2020,14:45,61843,19,551
07-10-2020,14:45,61853,66,3311
07-10-2020,14:45,61856,11,1148
07-10-2020,14:45,61866,205,2929
07-10-2020,14:45,61873,16,931
07-10-2020,14:45,61874,41,2208
07-10-2020,14:45,61880,14,690
07-10-2020,14:45,61884,6,176
07-10-2020,14:45,61910,20,460
07-10-2020,14:45,61911,11,252
07-10-2020,14:45,61920,113,2765
07-10-2020,14:45,61938,61,3351
07-10-2020,14:45,61944,14,692
07-10-2020,14:45,61951,9,864
07-10-2020,14:45,61953,17,735
07-10-2020,14:45,61956,6,394
07-10-2020,14:45,62002,177,2165
07-10-2020,14:45,62010,47,484
07-10-2020,14:45,62012,16,456
07-10-2020,14:45,62018,12,189
07-10-2020,14:45,62024,18,523
07-10-2020,14:45,62025,150,2203
07-10-2020,14:45,62033,7,550
07-10-2020,14:45,62034,86,1363
07-10-2020,14:45,62035,58,1619
07-10-2020,14:45,62040,212,3334
07-10-2020,14:45,62049,11,1054
07-10-2020,14:45,62052,21,986
07-10-2020,14:45,62056,34,1236
07-10-2020,14:45,62059,7,54
07-10-2020,14:45,62060,52,480
07-10-2020,14:45,62062,22,1432
07-10-2020,14:45,62067,8,140
07-10-2020,14:45,62069,11,265
07-10-2020,14:45,62088,8,784
07-10-2020,14:45,62090,14,129
07-10-2020,14:45,62095,28,597
07-10-2020,14:45,62201,137,1062
07-10-2020,14:45,62203,80,714
07-10-2020,14:45,62204,79,652
07-10-2020,14:45,62205,89,943
07-10-2020,14:45,62206,222,1490
07-10-2020,14:45,62207,124,773
07-10-2020,14:45,62208,123,1402
07-10-2020,14:45,62215,7,138
07-10-2020,14:45,62216,7,268
07-10-2020,14:45,62217,9,62
07-10-2020,14:45,62220,216,1482
07-10-2020,14:45,62221,208,1888
07-10-2020,14:45,62223,85,1374
07-10-2020,14:45,62226,248,2468
07-10-2020,14:45,62230,28,564
07-10-2020,14:45,62231,88,769
07-10-2020,14:45,62232,52,1230
07-10-2020,14:45,62233,106,867
07-10-2020,14:45,62234,212,2666
07-10-2020,14:45,62236,61,549
07-10-2020,14:45,62237,6,551
07-10-2020,14:45,62238,8,56
07-10-2020,14:45,62239,22,242
07-10-2020,14:45,62240,6,63
07-10-2020,14:45,62241,7,82
07-10-2020,14:45,62242,7,68
07-10-2020,14:45,62243,11,296
07-10-2020,14:45,62245,7,116
07-10-2020,14:45,62246,13,842
07-10-2020,14:45,62249,24,1050
07-10-2020,14:45,62254,103,693
07-10-2020,14:45,62255,7,57
07-10-2020,14:45,62257,13,209
07-10-2020,14:45,62258,27,950
07-10-2020,14:45,62260,16,291
07-10-2020,14:45,62264,60,201
07-10-2020,14:45,62265,46,878
07-10-2020,14:45,62269,139,1962
07-10-2020,14:45,62272,50,216
07-10-2020,14:45,62274,13,602
07-10-2020,14:45,62278,17,579
07-10-2020,14:45,62285,23,252
07-10-2020,14:45,62286,55,580
07-10-2020,14:45,62288,33,319
07-10-2020,14:45,62293,12,433
07-10-2020,14:45,62294,43,890
07-10-2020,14:45,62295,14,96
07-10-2020,14:45,62298,76,1379
07-10-2020,14:45,62301,65,5724
07-10-2020,14:45,62305,63,838
07-10-2020,14:45,62353,7,439
07-10-2020,14:45,62401,11,1431
07-10-2020,14:45,62420,18,349
07-10-2020,14:45,62427,6,88
07-10-2020,14:45,62428,9,280
07-10-2020,14:45,62439,7,522
07-10-2020,14:45,62441,11,420
07-10-2020,14:45,62447,22,466
07-10-2020,14:45,62448,37,746
07-10-2020,14:45,62450,6,1388
07-10-2020,14:45,62454,10,554
07-10-2020,14:45,62467,7,205
07-10-2020,14:45,62471,17,774
07-10-2020,14:45,62474,6,80
07-10-2020,14:45,62521,119,3204
07-10-2020,14:45,62522,43,1054
07-10-2020,14:45,62526,62,2456
07-10-2020,14:45,62549,6,505
07-10-2020,14:45,62560,8,165
07-10-2020,14:45,62561,9,673
07-10-2020,14:45,62563,8,791
07-10-2020,14:45,62565,14,1080
07-10-2020,14:45,62568,37,1394
07-10-2020,14:45,62613,6,447
07-10-2020,14:45,62615,9,810
07-10-2020,14:45,62618,78,1162
07-10-2020,14:45,62626,11,1338
07-10-2020,14:45,62627,8,142
07-10-2020,14:45,62629,31,2060
07-10-2020,14:45,62642,6,199
07-10-2020,14:45,62650,112,3696
07-10-2020,14:45,62656,16,2654
07-10-2020,14:45,62664,11,386
07-10-2020,14:45,62675,16,851
07-10-2020,14:45,62677,6,358
07-10-2020,14:45,62681,12,492
07-10-2020,14:45,62684,71,1043
07-10-2020,14:45,62691,48,347
07-10-2020,14:45,62692,9,263
07-10-2020,14:45,62702,99,6599
07-10-2020,14:45,62703,85,5032
07-10-2020,14:45,62704,75,5954
07-10-2020,14:45,62707,21,1678
07-10-2020,14:45,62711,51,3051
07-10-2020,14:45,62712,14,1498
07-10-2020,14:45,62801,77,2434
07-10-2020,14:45,62808,7,106
07-10-2020,14:45,62812,20,827
07-10-2020,14:45,62832,25,1208
07-10-2020,14:45,62837,10,718
07-10-2020,14:45,62848,7,56
07-10-2020,14:45,62859,7,301
07-10-2020,14:45,62863,22,756
07-10-2020,14:45,62864,92,2146
07-10-2020,14:45,62881,8,753
07-10-2020,14:45,62882,15,244
07-10-2020,14:45,62896,11,1058
07-10-2020,14:45,62901,181,3058
07-10-2020,14:45,62902,22,473
07-10-2020,14:45,62905,6,115
07-10-2020,14:45,62906,97,1199
07-10-2020,14:45,62907,20,208
07-10-2020,14:45,62910,6,158
07-10-2020,14:45,62912,9,101
07-10-2020,14:45,62914,10,421
07-10-2020,14:45,62918,23,1078
07-10-2020,14:45,62920,71,501
07-10-2020,14:45,62939,10,256
07-10-2020,14:45,62946,10,743
07-10-2020,14:45,62948,30,1241
07-10-2020,14:45,62951,13,422
07-10-2020,14:45,62952,15,309
07-10-2020,14:45,62959,61,3353
07-10-2020,14:45,62960,8,911
07-10-2020,14:45,62966,107,1674
07-10-2020,14:45,62992,58,237
07-10-2020,14:45,62995,8,259
07-09-2020,14:45,60002,123,1743
07-09-2020,14:45,60004,388,8625
07-09-2020,14:45,60005,237,4252
07-09-2020,14:45,60007,380,3822
07-09-2020,14:45,60008,361,4281
07-09-2020,14:45,60010,190,3858
07-09-2020,14:45,60012,93,889
07-09-2020,14:45,60013,132,1740
07-09-2020,14:45,60014,344,4179
07-09-2020,14:45,60015,204,3093
07-09-2020,14:45,60016,1162,8630
07-09-2020,14:45,60018,700,4952
07-09-2020,14:45,60020,47,1069
07-09-2020,14:45,60021,23,365
07-09-2020,14:45,60022,34,831
07-09-2020,14:45,60025,413,4959
07-09-2020,14:45,60026,167,2939
07-09-2020,14:45,60029,8,96
07-09-2020,14:45,60030,223,3704
07-09-2020,14:45,60031,381,4528
07-09-2020,14:45,60033,233,1527
07-09-2020,14:45,60035,297,4625
07-09-2020,14:45,60040,182,974
07-09-2020,14:45,60041,55,872
07-09-2020,14:45,60042,54,663
07-09-2020,14:45,60043,19,298
07-09-2020,14:45,60044,116,1466
07-09-2020,14:45,60045,138,2609
07-09-2020,14:45,60046,238,3036
07-09-2020,14:45,60047,500,5182
07-09-2020,14:45,60048,181,2810
07-09-2020,14:45,60050,243,3025
07-09-2020,14:45,60051,140,2039
07-09-2020,14:45,60053,334,3275
07-09-2020,14:45,60056,679,6306
07-09-2020,14:45,60060,479,3559
07-09-2020,14:45,60061,188,2672
07-09-2020,14:45,60062,360,6594
07-09-2020,14:45,60064,672,2369
07-09-2020,14:45,60067,273,5549
07-09-2020,14:45,60068,349,4763
07-09-2020,14:45,60069,101,2149
07-09-2020,14:45,60070,282,2192
07-09-2020,14:45,60071,17,274
07-09-2020,14:45,60073,1145,7793
07-09-2020,14:45,60074,494,4169
07-09-2020,14:45,60076,559,5433
07-09-2020,14:45,60077,438,4148
07-09-2020,14:45,60079,12,112
07-09-2020,14:45,60081,49,679
07-09-2020,14:45,60083,106,1177
07-09-2020,14:45,60084,197,1530
07-09-2020,14:45,60085,2508,12260
07-09-2020,14:45,60087,708,4529
07-09-2020,14:45,60088,187,674
07-09-2020,14:45,60089,346,4261
07-09-2020,14:45,60090,847,5262
07-09-2020,14:45,60091,184,2760
07-09-2020,14:45,60093,194,2374
07-09-2020,14:45,60096,41,558
07-09-2020,14:45,60097,47,852
07-09-2020,14:45,60098,385,4057
07-09-2020,14:45,60099,607,4521
07-09-2020,14:45,60101,845,5125
07-09-2020,14:45,60102,205,2606
07-09-2020,14:45,60103,326,4179
07-09-2020,14:45,60104,455,3226
07-09-2020,14:45,60106,546,3897
07-09-2020,14:45,60107,687,5320
07-09-2020,14:45,60108,355,3902
07-09-2020,14:45,60109,12,344
07-09-2020,14:45,60110,767,3908
07-09-2020,14:45,60112,31,422
07-09-2020,14:45,60115,315,4634
07-09-2020,14:45,60118,91,1347
07-09-2020,14:45,60119,42,909
07-09-2020,14:45,60120,1433,6914
07-09-2020,14:45,60123,964,6586
07-09-2020,14:45,60124,152,2048
07-09-2020,14:45,60126,380,5803
07-09-2020,14:45,60130,171,3622
07-09-2020,14:45,60131,375,2528
07-09-2020,14:45,60133,791,5347
07-09-2020,14:45,60134,214,2857
07-09-2020,14:45,60135,53,673
07-09-2020,14:45,60136,71,675
07-09-2020,14:45,60137,180,3752
07-09-2020,14:45,60139,687,4611
07-09-2020,14:45,60140,111,1532
07-09-2020,14:45,60141,27,919
07-09-2020,14:45,60142,122,2554
07-09-2020,14:45,60143,205,1629
07-09-2020,14:45,60145,9,159
07-09-2020,14:45,60146,10,232
07-09-2020,14:45,60148,426,5662
07-09-2020,14:45,60151,20,319
07-09-2020,14:45,60152,85,1035
07-09-2020,14:45,60153,541,3606
07-09-2020,14:45,60154,226,2644
07-09-2020,14:45,60155,184,1151
07-09-2020,14:45,60156,174,2204
07-09-2020,14:45,60157,12,223
07-09-2020,14:45,60160,787,4133
07-09-2020,14:45,60162,179,1802
07-09-2020,14:45,60163,101,749
07-09-2020,14:45,60164,551,4878
07-09-2020,14:45,60165,186,739
07-09-2020,14:45,60169,429,3784
07-09-2020,14:45,60171,138,1326
07-09-2020,14:45,60172,249,2645
07-09-2020,14:45,60173,113,1112
07-09-2020,14:45,60174,215,3634
07-09-2020,14:45,60175,123,2024
07-09-2020,14:45,60176,181,1286
07-09-2020,14:45,60177,311,2665
07-09-2020,14:45,60178,79,1867
07-09-2020,14:45,60181,303,3105
07-09-2020,14:45,60184,8,199
07-09-2020,14:45,60185,798,4834
07-09-2020,14:45,60187,169,3641
07-09-2020,14:45,60188,535,4896
07-09-2020,14:45,60189,125,2914
07-09-2020,14:45,60190,70,1505
07-09-2020,14:45,60191,237,1683
07-09-2020,14:45,60192,72,1232
07-09-2020,14:45,60193,295,4662
07-09-2020,14:45,60194,192,3108
07-09-2020,14:45,60195,21,357
07-09-2020,14:45,60201,354,5830
07-09-2020,14:45,60202,461,4719
07-09-2020,14:45,60203,39,628
07-09-2020,14:45,60301,32,442
07-09-2020,14:45,60302,244,4755
07-09-2020,14:45,60304,87,2017
07-09-2020,14:45,60305,63,1197
07-09-2020,14:45,60401,51,1146
07-09-2020,14:45,60402,1505,10115
07-09-2020,14:45,60403,253,2572
07-09-2020,14:45,60404,132,2283
07-09-2020,14:45,60406,556,4295
07-09-2020,14:45,60408,27,684
07-09-2020,14:45,60409,667,6260
07-09-2020,14:45,60410,56,1171
07-09-2020,14:45,60411,1025,9552
07-09-2020,14:45,60415,228,2122
07-09-2020,14:45,60416,24,637
07-09-2020,14:45,60417,190,2365
07-09-2020,14:45,60418,126,860
07-09-2020,14:45,60419,441,4376
07-09-2020,14:45,60420,13,410
07-09-2020,14:45,60421,15,303
07-09-2020,14:45,60422,96,1450
07-09-2020,14:45,60423,196,3020
07-09-2020,14:45,60424,6,145
07-09-2020,14:45,60425,192,2089
07-09-2020,14:45,60426,528,4853
07-09-2020,14:45,60428,245,2118
07-09-2020,14:45,60429,249,3069
07-09-2020,14:45,60430,300,3073
07-09-2020,14:45,60431,251,3533
07-09-2020,14:45,60432,495,2986
07-09-2020,14:45,60433,344,3044
07-09-2020,14:45,60434,170,398
07-09-2020,14:45,60435,752,8011
07-09-2020,14:45,60436,275,2818
07-09-2020,14:45,60438,441,4064
07-09-2020,14:45,60439,129,2297
07-09-2020,14:45,60440,936,9111
07-09-2020,14:45,60441,241,2937
07-09-2020,14:45,60442,49,768
07-09-2020,14:45,60443,401,3753
07-09-2020,14:45,60445,185,2468
07-09-2020,14:45,60446,588,5681
07-09-2020,14:45,60447,64,1246
07-09-2020,14:45,60448,184,2092
07-09-2020,14:45,60449,86,1173
07-09-2020,14:45,60450,79,1760
07-09-2020,14:45,60451,166,2774
07-09-2020,14:45,60452,268,3038
07-09-2020,14:45,60453,882,7879
07-09-2020,14:45,60455,380,2358
07-09-2020,14:45,60456,56,511
07-09-2020,14:45,60457,151,1636
07-09-2020,14:45,60458,171,1648
07-09-2020,14:45,60459,472,3900
07-09-2020,14:45,60461,67,849
07-09-2020,14:45,60462,400,4493
07-09-2020,14:45,60463,265,1851
07-09-2020,14:45,60464,65,1099
07-09-2020,14:45,60465,287,1836
07-09-2020,14:45,60466,514,4172
07-09-2020,14:45,60467,207,2561
07-09-2020,14:45,60468,42,583
07-09-2020,14:45,60469,102,848
07-09-2020,14:45,60471,231,2251
07-09-2020,14:45,60472,74,895
07-09-2020,14:45,60473,469,4814
07-09-2020,14:45,60475,102,1190
07-09-2020,14:45,60476,33,363
07-09-2020,14:45,60477,284,3920
07-09-2020,14:45,60478,361,3460
07-09-2020,14:45,60480,44,691
07-09-2020,14:45,60481,34,1436
07-09-2020,14:45,60482,114,1029
07-09-2020,14:45,60484,135,1008
07-09-2020,14:45,60487,179,2332
07-09-2020,14:45,60490,167,2607
07-09-2020,14:45,60491,171,1824
07-09-2020,14:45,60501,311,1704
07-09-2020,14:45,60502,115,2044
07-09-2020,14:45,60503,78,1435
07-09-2020,14:45,60504,390,4249
07-09-2020,14:45,60505,2074,11354
07-09-2020,14:45,60506,1190,9560
07-09-2020,14:45,60510,143,3354
07-09-2020,14:45,60513,186,2840
07-09-2020,14:45,60514,60,1102
07-09-2020,14:45,60515,123,2509
07-09-2020,14:45,60516,157,2960
07-09-2020,14:45,60517,257,3752
07-09-2020,14:45,60518,7,187
07-09-2020,14:45,60520,11,245
07-09-2020,14:45,60521,211,2235
07-09-2020,14:45,60523,117,1394
07-09-2020,14:45,60525,336,5332
07-09-2020,14:45,60526,98,3221
07-09-2020,14:45,60527,289,4482
07-09-2020,14:45,60532,159,3149
07-09-2020,14:45,60534,198,1559
07-09-2020,14:45,60538,346,3365
07-09-2020,14:45,60540,164,4241
07-09-2020,14:45,60541,12,226
07-09-2020,14:45,60542,214,2399
07-09-2020,14:45,60543,321,4077
07-09-2020,14:45,60544,211,3784
07-09-2020,14:45,60545,163,1645
07-09-2020,14:45,60546,177,3561
07-09-2020,14:45,60548,110,1713
07-09-2020,14:45,60551,29,287
07-09-2020,14:45,60552,13,380
07-09-2020,14:45,60554,54,1149
07-09-2020,14:45,60555,144,1599
07-09-2020,14:45,60558,78,1500
07-09-2020,14:45,60559,359,3141
07-09-2020,14:45,60560,141,2320
07-09-2020,14:45,60561,141,2625
07-09-2020,14:45,60563,206,4556
07-09-2020,14:45,60564,218,3878
07-09-2020,14:45,60565,219,3683
07-09-2020,14:45,60585,129,2319
07-09-2020,14:45,60586,446,5413
07-09-2020,14:45,60601,89,1570
07-09-2020,14:45,60602,18,319
07-09-2020,14:45,60603,8,162
07-09-2020,14:45,60604,24,224
07-09-2020,14:45,60605,235,3820
07-09-2020,14:45,60606,39,1229
07-09-2020,14:45,60607,501,4004
07-09-2020,14:45,60608,1887,11986
07-09-2020,14:45,60609,1916,10794
07-09-2020,14:45,60610,324,5459
07-09-2020,14:45,60611,201,5313
07-09-2020,14:45,60612,752,6765
07-09-2020,14:45,60613,450,6121
07-09-2020,14:45,60614,603,9075
07-09-2020,14:45,60615,435,6308
07-09-2020,14:45,60616,515,8336
07-09-2020,14:45,60617,1284,12849
07-09-2020,14:45,60618,1480,13570
07-09-2020,14:45,60619,1020,12290
07-09-2020,14:45,60620,1216,11516
07-09-2020,14:45,60621,590,5096
07-09-2020,14:45,60622,727,8226
07-09-2020,14:45,60623,3584,14432
07-09-2020,14:45,60624,943,6067
07-09-2020,14:45,60625,1557,11916
07-09-2020,14:45,60626,1172,11413
07-09-2020,14:45,60628,1219,10605
07-09-2020,14:45,60629,3573,16764
07-09-2020,14:45,60630,880,7593
07-09-2020,14:45,60631,376,5521
07-09-2020,14:45,60632,3365,13671
07-09-2020,14:45,60633,304,3073
07-09-2020,14:45,60634,1602,13502
07-09-2020,14:45,60636,818,5227
07-09-2020,14:45,60637,681,8382
07-09-2020,14:45,60638,1215,8496
07-09-2020,14:45,60639,3606,17600
07-09-2020,14:45,60640,908,11897
07-09-2020,14:45,60641,1656,12558
07-09-2020,14:45,60642,222,3044
07-09-2020,14:45,60643,797,8978
07-09-2020,14:45,60644,1338,9222
07-09-2020,14:45,60645,1145,8151
07-09-2020,14:45,60646,410,4562
07-09-2020,14:45,60647,1528,13434
07-09-2020,14:45,60649,883,8960
07-09-2020,14:45,60651,1879,10480
07-09-2020,14:45,60652,1046,6711
07-09-2020,14:45,60653,591,7479
07-09-2020,14:45,60654,182,2440
07-09-2020,14:45,60655,294,4596
07-09-2020,14:45,60656,321,4004
07-09-2020,14:45,60657,416,7984
07-09-2020,14:45,60659,834,5478
07-09-2020,14:45,60660,500,5790
07-09-2020,14:45,60661,56,1069
07-09-2020,14:45,60680,6,127
07-09-2020,14:45,60706,468,4629
07-09-2020,14:45,60707,856,7112
07-09-2020,14:45,60712,191,2281
07-09-2020,14:45,60714,938,6785
07-09-2020,14:45,60803,287,2636
07-09-2020,14:45,60804,3078,13795
07-09-2020,14:45,60805,248,2446
07-09-2020,14:45,60827,407,3658
07-09-2020,14:45,60901,724,6582
07-09-2020,14:45,60911,11,156
07-09-2020,14:45,60912,6,68
07-09-2020,14:45,60913,7,134
07-09-2020,14:45,60914,234,4310
07-09-2020,14:45,60915,91,1790
07-09-2020,14:45,60919,7,49
07-09-2020,14:45,60922,19,320
07-09-2020,14:45,60927,54,606
07-09-2020,14:45,60928,7,68
07-09-2020,14:45,60930,7,73
07-09-2020,14:45,60931,6,54
07-09-2020,14:45,60936,11,559
07-09-2020,14:45,60938,8,300
07-09-2020,14:45,60940,22,380
07-09-2020,14:45,60941,7,195
07-09-2020,14:45,60942,10,713
07-09-2020,14:45,60950,116,2331
07-09-2020,14:45,60953,6,221
07-09-2020,14:45,60954,50,1269
07-09-2020,14:45,60955,16,182
07-09-2020,14:45,60957,14,568
07-09-2020,14:45,60958,25,305
07-09-2020,14:45,60964,42,655
07-09-2020,14:45,60970,21,759
07-09-2020,14:45,61008,497,4410
07-09-2020,14:45,61010,31,967
07-09-2020,14:45,61011,12,213
07-09-2020,14:45,61012,24,199
07-09-2020,14:45,61016,48,533
07-09-2020,14:45,61019,13,283
07-09-2020,14:45,61020,18,269
07-09-2020,14:45,61021,97,2004
07-09-2020,14:45,61024,8,308
07-09-2020,14:45,61025,7,275
07-09-2020,14:45,61032,242,4134
07-09-2020,14:45,61036,19,824
07-09-2020,14:45,61041,6,80
07-09-2020,14:45,61048,6,253
07-09-2020,14:45,61054,13,298
07-09-2020,14:45,61061,17,539
07-09-2020,14:45,61063,12,337
07-09-2020,14:45,61064,10,206
07-09-2020,14:45,61065,80,970
07-09-2020,14:45,61068,160,1675
07-09-2020,14:45,61071,47,621
07-09-2020,14:45,61072,42,891
07-09-2020,14:45,61073,87,1674
07-09-2020,14:45,61080,62,755
07-09-2020,14:45,61081,97,1158
07-09-2020,14:45,61084,12,188
07-09-2020,14:45,61085,8,220
07-09-2020,14:45,61088,13,500
07-09-2020,14:45,61101,352,3290
07-09-2020,14:45,61102,305,2676
07-09-2020,14:45,61103,338,4357
07-09-2020,14:45,61104,350,2405
07-09-2020,14:45,61107,301,4208
07-09-2020,14:45,61108,469,4358
07-09-2020,14:45,61109,318,3353
07-09-2020,14:45,61111,128,2630
07-09-2020,14:45,61114,126,2122
07-09-2020,14:45,61115,150,2306
07-09-2020,14:45,61201,308,4766
07-09-2020,14:45,61231,6,396
07-09-2020,14:45,61235,8,141
07-09-2020,14:45,61238,8,269
07-09-2020,14:45,61239,8,129
07-09-2020,14:45,61240,21,680
07-09-2020,14:45,61241,19,702
07-09-2020,14:45,61244,288,3896
07-09-2020,14:45,61252,29,348
07-09-2020,14:45,61254,23,1080
07-09-2020,14:45,61256,7,202
07-09-2020,14:45,61264,38,1119
07-09-2020,14:45,61265,342,5620
07-09-2020,14:45,61270,13,465
07-09-2020,14:45,61273,9,294
07-09-2020,14:45,61275,17,364
07-09-2020,14:45,61282,64,1270
07-09-2020,14:45,61284,8,194
07-09-2020,14:45,61301,7,905
07-09-2020,14:45,61314,6,56
07-09-2020,14:45,61341,47,994
07-09-2020,14:45,61342,23,479
07-09-2020,14:45,61350,41,2329
07-09-2020,14:45,61354,8,701
07-09-2020,14:45,61356,10,994
07-09-2020,14:45,61360,9,171
07-09-2020,14:45,61362,6,667
07-09-2020,14:45,61364,9,1415
07-09-2020,14:45,61401,133,2852
07-09-2020,14:45,61410,8,173
07-09-2020,14:45,61443,20,792
07-09-2020,14:45,61455,88,1505
07-09-2020,14:45,61462,119,901
07-09-2020,14:45,61469,7,153
07-09-2020,14:45,61523,7,1248
07-09-2020,14:45,61525,30,947
07-09-2020,14:45,61547,8,321
07-09-2020,14:45,61548,16,933
07-09-2020,14:45,61550,26,2141
07-09-2020,14:45,61554,47,4439
07-09-2020,14:45,61568,6,306
07-09-2020,14:45,61571,33,2434
07-09-2020,14:45,61602,8,221
07-09-2020,14:45,61603,116,2276
07-09-2020,14:45,61604,95,3872
07-09-2020,14:45,61605,80,1819
07-09-2020,14:45,61606,20,552
07-09-2020,14:45,61607,12,987
07-09-2020,14:45,61610,8,489
07-09-2020,14:45,61611,36,2474
07-09-2020,14:45,61614,147,3943
07-09-2020,14:45,61615,56,3209
07-09-2020,14:45,61616,11,1081
07-09-2020,14:45,61701,75,4121
07-09-2020,14:45,61704,90,3158
07-09-2020,14:45,61705,21,1352
07-09-2020,14:45,61726,6,209
07-09-2020,14:45,61727,10,639
07-09-2020,14:45,61729,6,88
07-09-2020,14:45,61739,6,456
07-09-2020,14:45,61745,8,343
07-09-2020,14:45,61761,79,3925
07-09-2020,14:45,61764,23,1184
07-09-2020,14:45,61801,61,3994
07-09-2020,14:45,61802,135,4193
07-09-2020,14:45,61820,151,4300
07-09-2020,14:45,61821,181,6470
07-09-2020,14:45,61822,81,4677
07-09-2020,14:45,61832,44,2990
07-09-2020,14:45,61834,6,588
07-09-2020,14:45,61842,7,319
07-09-2020,14:45,61843,19,535
07-09-2020,14:45,61853,66,3247
07-09-2020,14:45,61856,11,1129
07-09-2020,14:45,61866,205,2889
07-09-2020,14:45,61873,16,917
07-09-2020,14:45,61874,41,2155
07-09-2020,14:45,61880,13,667
07-09-2020,14:45,61884,6,174
07-09-2020,14:45,61910,20,456
07-09-2020,14:45,61911,10,247
07-09-2020,14:45,61920,112,2726
07-09-2020,14:45,61938,60,3310
07-09-2020,14:45,61944,13,675
07-09-2020,14:45,61951,9,855
07-09-2020,14:45,61953,18,721
07-09-2020,14:45,61956,6,390
07-09-2020,14:45,62002,175,2149
07-09-2020,14:45,62010,47,482
07-09-2020,14:45,62012,16,455
07-09-2020,14:45,62018,12,189
07-09-2020,14:45,62024,17,473
07-09-2020,14:45,62025,150,2151
07-09-2020,14:45,62033,7,544
07-09-2020,14:45,62034,85,1340
07-09-2020,14:45,62035,58,1613
07-09-2020,14:45,62040,193,3303
07-09-2020,14:45,62049,9,1031
07-09-2020,14:45,62052,20,984
07-09-2020,14:45,62056,31,1219
07-09-2020,14:45,62059,7,54
07-09-2020,14:45,62060,49,468
07-09-2020,14:45,62062,20,1384
07-09-2020,14:45,62067,8,140
07-09-2020,14:45,62069,11,260
07-09-2020,14:45,62088,8,780
07-09-2020,14:45,62090,14,126
07-09-2020,14:45,62095,28,592
07-09-2020,14:45,62201,136,1039
07-09-2020,14:45,62203,77,692
07-09-2020,14:45,62204,75,640
07-09-2020,14:45,62205,91,909
07-09-2020,14:45,62206,213,1470
07-09-2020,14:45,62207,119,758
07-09-2020,14:45,62208,120,1369
07-09-2020,14:45,62215,7,138
07-09-2020,14:45,62216,7,263
07-09-2020,14:45,62217,9,62
07-09-2020,14:45,62220,210,1460
07-09-2020,14:45,62221,198,1823
07-09-2020,14:45,62223,80,1338
07-09-2020,14:45,62226,242,2434
07-09-2020,14:45,62230,28,556
07-09-2020,14:45,62231,88,759
07-09-2020,14:45,62232,50,1215
07-09-2020,14:45,62233,103,862
07-09-2020,14:45,62234,201,2601
07-09-2020,14:45,62236,59,539
07-09-2020,14:45,62237,6,550
07-09-2020,14:45,62238,8,56
07-09-2020,14:45,62239,22,240
07-09-2020,14:45,62240,6,62
07-09-2020,14:45,62241,7,80
07-09-2020,14:45,62242,6,66
07-09-2020,14:45,62243,11,283
07-09-2020,14:45,62245,7,112
07-09-2020,14:45,62246,13,824
07-09-2020,14:45,62249,24,1041
07-09-2020,14:45,62254,101,642
07-09-2020,14:45,62255,7,56
07-09-2020,14:45,62257,13,207
07-09-2020,14:45,62258,25,922
07-09-2020,14:45,62260,16,285
07-09-2020,14:45,62264,59,199
07-09-2020,14:45,62265,46,873
07-09-2020,14:45,62269,127,1868
07-09-2020,14:45,62272,50,209
07-09-2020,14:45,62274,12,581
07-09-2020,14:45,62278,16,566
07-09-2020,14:45,62285,22,250
07-09-2020,14:45,62286,52,566
07-09-2020,14:45,62288,33,318
07-09-2020,14:45,62293,11,425
07-09-2020,14:45,62294,41,865
07-09-2020,14:45,62295,14,95
07-09-2020,14:45,62298,76,1372
07-09-2020,14:45,62301,62,5457
07-09-2020,14:45,62305,58,832
07-09-2020,14:45,62353,7,435
07-09-2020,14:45,62401,8,1397
07-09-2020,14:45,62420,7,325
07-09-2020,14:45,62427,6,88
07-09-2020,14:45,62428,9,275
07-09-2020,14:45,62439,6,520
07-09-2020,14:45,62441,10,411
07-09-2020,14:45,62447,16,435
07-09-2020,14:45,62448,37,736
07-09-2020,14:45,62450,6,1207
07-09-2020,14:45,62454,10,550
07-09-2020,14:45,62467,6,199
07-09-2020,14:45,62471,17,762
07-09-2020,14:45,62474,6,79
07-09-2020,14:45,62521,118,3124
07-09-2020,14:45,62522,43,976
07-09-2020,14:45,62526,62,2385
07-09-2020,14:45,62549,6,492
07-09-2020,14:45,62560,8,156
07-09-2020,14:45,62561,9,654
07-09-2020,14:45,62563,8,763
07-09-2020,14:45,62565,14,1072
07-09-2020,14:45,62568,37,1362
07-09-2020,14:45,62613,6,432
07-09-2020,14:45,62615,8,785
07-09-2020,14:45,62618,78,1150
07-09-2020,14:45,62626,7,1315
07-09-2020,14:45,62627,6,141
07-09-2020,14:45,62629,29,1998
07-09-2020,14:45,62650,112,3654
07-09-2020,14:45,62656,16,2608
07-09-2020,14:45,62664,11,381
07-09-2020,14:45,62675,14,843
07-09-2020,14:45,62677,6,351
07-09-2020,14:45,62681,12,484
07-09-2020,14:45,62684,71,1027
07-09-2020,14:45,62691,48,344
07-09-2020,14:45,62692,9,259
07-09-2020,14:45,62702,95,6491
07-09-2020,14:45,62703,85,4928
07-09-2020,14:45,62704,70,5830
07-09-2020,14:45,62707,21,1643
07-09-2020,14:45,62711,48,2994
07-09-2020,14:45,62712,14,1459
07-09-2020,14:45,62801,76,2402
07-09-2020,14:45,62808,7,104
07-09-2020,14:45,62812,20,807
07-09-2020,14:45,62832,25,1180
07-09-2020,14:45,62837,9,716
07-09-2020,14:45,62848,7,56
07-09-2020,14:45,62859,7,297
07-09-2020,14:45,62863,22,752
07-09-2020,14:45,62864,92,2093
07-09-2020,14:45,62881,9,735
07-09-2020,14:45,62882,15,243
07-09-2020,14:45,62896,10,1025
07-09-2020,14:45,62901,181,3009
07-09-2020,14:45,62902,22,465
07-09-2020,14:45,62905,6,113
07-09-2020,14:45,62906,92,1188
07-09-2020,14:45,62907,20,204
07-09-2020,14:45,62910,6,152
07-09-2020,14:45,62912,9,101
07-09-2020,14:45,62914,10,419
07-09-2020,14:45,62918,22,1057
07-09-2020,14:45,62920,71,498
07-09-2020,14:45,62939,10,250
07-09-2020,14:45,62946,7,717
07-09-2020,14:45,62948,29,1207
07-09-2020,14:45,62951,12,410
07-09-2020,14:45,62952,14,305
07-09-2020,14:45,62959,59,3307
07-09-2020,14:45,62960,8,891
07-09-2020,14:45,62966,105,1653
07-09-2020,14:45,62992,58,237
07-09-2020,14:45,62995,7,248
07-08-2020,14:45,60002,122,1710
07-08-2020,14:45,60004,387,8526
07-08-2020,14:45,60005,232,4183
07-08-2020,14:45,60007,379,3768
07-08-2020,14:45,60008,359,4258
07-08-2020,14:45,60010,183,3796
07-08-2020,14:45,60012,93,864
07-08-2020,14:45,60013,126,1704
07-08-2020,14:45,60014,339,4103
07-08-2020,14:45,60015,203,3029
07-08-2020,14:45,60016,1156,8473
07-08-2020,14:45,60018,697,4907
07-08-2020,14:45,60020,46,1060
07-08-2020,14:45,60021,23,360
07-08-2020,14:45,60022,34,807
07-08-2020,14:45,60025,404,4882
07-08-2020,14:45,60026,164,2907
07-08-2020,14:45,60029,8,95
07-08-2020,14:45,60030,220,3615
07-08-2020,14:45,60031,377,4428
07-08-2020,14:45,60033,233,1494
07-08-2020,14:45,60035,295,4507
07-08-2020,14:45,60040,181,961
07-08-2020,14:45,60041,55,864
07-08-2020,14:45,60042,53,645
07-08-2020,14:45,60043,19,291
07-08-2020,14:45,60044,114,1433
07-08-2020,14:45,60045,136,2546
07-08-2020,14:45,60046,237,2973
07-08-2020,14:45,60047,487,5057
07-08-2020,14:45,60048,180,2757
07-08-2020,14:45,60050,242,2970
07-08-2020,14:45,60051,137,2006
07-08-2020,14:45,60053,331,3218
07-08-2020,14:45,60056,677,6182
07-08-2020,14:45,60060,476,3496
07-08-2020,14:45,60061,188,2637
07-08-2020,14:45,60062,358,6482
07-08-2020,14:45,60064,671,2358
07-08-2020,14:45,60067,270,5494
07-08-2020,14:45,60068,347,4686
07-08-2020,14:45,60069,99,2129
07-08-2020,14:45,60070,279,2166
07-08-2020,14:45,60071,17,267
07-08-2020,14:45,60073,1140,7718
07-08-2020,14:45,60074,492,4127
07-08-2020,14:45,60076,558,5345
07-08-2020,14:45,60077,437,4083
07-08-2020,14:45,60079,12,98
07-08-2020,14:45,60081,50,670
07-08-2020,14:45,60083,106,1162
07-08-2020,14:45,60084,196,1510
07-08-2020,14:45,60085,2496,11898
07-08-2020,14:45,60087,701,4434
07-08-2020,14:45,60088,184,659
07-08-2020,14:45,60089,343,4190
07-08-2020,14:45,60090,845,5203
07-08-2020,14:45,60091,179,2699
07-08-2020,14:45,60093,193,2331
07-08-2020,14:45,60096,41,548
07-08-2020,14:45,60097,45,832
07-08-2020,14:45,60098,375,4006
07-08-2020,14:45,60099,606,4459
07-08-2020,14:45,60101,845,5053
07-08-2020,14:45,60102,201,2565
07-08-2020,14:45,60103,325,4129
07-08-2020,14:45,60104,453,3192
07-08-2020,14:45,60106,542,3720
07-08-2020,14:45,60107,685,5266
07-08-2020,14:45,60108,353,3828
07-08-2020,14:45,60109,12,342
07-08-2020,14:45,60110,766,3874
07-08-2020,14:45,60112,30,414
07-08-2020,14:45,60115,316,4590
07-08-2020,14:45,60118,91,1329
07-08-2020,14:45,60119,41,888
07-08-2020,14:45,60120,1429,6849
07-08-2020,14:45,60123,964,6522
07-08-2020,14:45,60124,151,2020
07-08-2020,14:45,60126,371,5682
07-08-2020,14:45,60130,170,3576
07-08-2020,14:45,60131,372,2499
07-08-2020,14:45,60133,791,5310
07-08-2020,14:45,60134,213,2763
07-08-2020,14:45,60135,52,665
07-08-2020,14:45,60136,70,662
07-08-2020,14:45,60137,179,3693
07-08-2020,14:45,60139,682,4551
07-08-2020,14:45,60140,110,1511
07-08-2020,14:45,60141,27,894
07-08-2020,14:45,60142,121,2521
07-08-2020,14:45,60143,204,1613
07-08-2020,14:45,60145,8,157
07-08-2020,14:45,60146,10,231
07-08-2020,14:45,60148,426,5577
07-08-2020,14:45,60151,20,311
07-08-2020,14:45,60152,85,1020
07-08-2020,14:45,60153,540,3563
07-08-2020,14:45,60154,225,2603
07-08-2020,14:45,60155,183,1138
07-08-2020,14:45,60156,175,2169
07-08-2020,14:45,60157,12,223
07-08-2020,14:45,60160,786,4098
07-08-2020,14:45,60162,179,1792
07-08-2020,14:45,60163,101,734
07-08-2020,14:45,60164,550,4822
07-08-2020,14:45,60165,186,730
07-08-2020,14:45,60169,428,3730
07-08-2020,14:45,60171,139,1302
07-08-2020,14:45,60172,248,2611
07-08-2020,14:45,60173,113,1093
07-08-2020,14:45,60174,213,3558
07-08-2020,14:45,60175,122,1989
07-08-2020,14:45,60176,180,1257
07-08-2020,14:45,60177,311,2637
07-08-2020,14:45,60178,76,1833
07-08-2020,14:45,60181,302,3039
07-08-2020,14:45,60184,8,196
07-08-2020,14:45,60185,795,4761
07-08-2020,14:45,60187,167,3528
07-08-2020,14:45,60188,529,4810
07-08-2020,14:45,60189,124,2858
07-08-2020,14:45,60190,69,1473
07-08-2020,14:45,60191,235,1662
07-08-2020,14:45,60192,70,1216
07-08-2020,14:45,60193,294,4557
07-08-2020,14:45,60194,190,3079
07-08-2020,14:45,60195,21,353
07-08-2020,14:45,60201,354,5712
07-08-2020,14:45,60202,462,4622
07-08-2020,14:45,60203,39,612
07-08-2020,14:45,60301,31,432
07-08-2020,14:45,60302,242,4615
07-08-2020,14:45,60304,87,1972
07-08-2020,14:45,60305,59,1169
07-08-2020,14:45,60401,50,1124
07-08-2020,14:45,60402,1496,10000
07-08-2020,14:45,60403,243,2509
07-08-2020,14:45,60404,131,2261
07-08-2020,14:45,60406,555,4237
07-08-2020,14:45,60408,27,674
07-08-2020,14:45,60409,665,6152
07-08-2020,14:45,60410,56,1154
07-08-2020,14:45,60411,1022,9414
07-08-2020,14:45,60415,228,2110
07-08-2020,14:45,60416,24,602
07-08-2020,14:45,60417,189,2338
07-08-2020,14:45,60418,125,844
07-08-2020,14:45,60419,438,4316
07-08-2020,14:45,60420,13,401
07-08-2020,14:45,60421,15,296
07-08-2020,14:45,60422,96,1422
07-08-2020,14:45,60423,191,2950
07-08-2020,14:45,60424,6,138
07-08-2020,14:45,60425,192,2070
07-08-2020,14:45,60426,526,4753
07-08-2020,14:45,60428,243,2087
07-08-2020,14:45,60429,248,3021
07-08-2020,14:45,60430,299,3016
07-08-2020,14:45,60431,248,3483
07-08-2020,14:45,60432,492,2955
07-08-2020,14:45,60433,343,2967
07-08-2020,14:45,60434,170,377
07-08-2020,14:45,60435,749,7891
07-08-2020,14:45,60436,276,2777
07-08-2020,14:45,60438,440,3983
07-08-2020,14:45,60439,128,2141
07-08-2020,14:45,60440,935,8985
07-08-2020,14:45,60441,239,2879
07-08-2020,14:45,60442,49,758
07-08-2020,14:45,60443,397,3616
07-08-2020,14:45,60445,183,2430
07-08-2020,14:45,60446,583,5603
07-08-2020,14:45,60447,64,1224
07-08-2020,14:45,60448,182,2050
07-08-2020,14:45,60449,86,1152
07-08-2020,14:45,60450,77,1737
07-08-2020,14:45,60451,162,2703
07-08-2020,14:45,60452,264,2977
07-08-2020,14:45,60453,878,7763
07-08-2020,14:45,60455,368,2294
07-08-2020,14:45,60456,56,504
07-08-2020,14:45,60457,148,1603
07-08-2020,14:45,60458,169,1610
07-08-2020,14:45,60459,466,3808
07-08-2020,14:45,60461,66,831
07-08-2020,14:45,60462,398,4308
07-08-2020,14:45,60463,264,1792
07-08-2020,14:45,60464,65,1079
07-08-2020,14:45,60465,284,1795
07-08-2020,14:45,60466,512,4123
07-08-2020,14:45,60467,205,2496
07-08-2020,14:45,60468,41,574
07-08-2020,14:45,60469,100,833
07-08-2020,14:45,60471,230,2194
07-08-2020,14:45,60472,74,873
07-08-2020,14:45,60473,466,4737
07-08-2020,14:45,60475,100,1169
07-08-2020,14:45,60476,30,348
07-08-2020,14:45,60477,283,3840
07-08-2020,14:45,60478,359,3418
07-08-2020,14:45,60480,43,680
07-08-2020,14:45,60481,34,1421
07-08-2020,14:45,60482,113,1018
07-08-2020,14:45,60484,134,991
07-08-2020,14:45,60487,176,2285
07-08-2020,14:45,60490,166,2561
07-08-2020,14:45,60491,167,1783
07-08-2020,14:45,60501,311,1683
07-08-2020,14:45,60502,113,2006
07-08-2020,14:45,60503,76,1399
07-08-2020,14:45,60504,388,4143
07-08-2020,14:45,60505,2071,11201
07-08-2020,14:45,60506,1189,9324
07-08-2020,14:45,60510,143,3263
07-08-2020,14:45,60513,186,2810
07-08-2020,14:45,60514,58,1077
07-08-2020,14:45,60515,122,2447
07-08-2020,14:45,60516,156,2895
07-08-2020,14:45,60517,255,3685
07-08-2020,14:45,60518,7,184
07-08-2020,14:45,60520,10,242
07-08-2020,14:45,60521,209,2169
07-08-2020,14:45,60523,115,1372
07-08-2020,14:45,60525,330,5221
07-08-2020,14:45,60526,96,3171
07-08-2020,14:45,60527,286,4382
07-08-2020,14:45,60532,157,3094
07-08-2020,14:45,60534,194,1533
07-08-2020,14:45,60538,343,3299
07-08-2020,14:45,60540,164,4143
07-08-2020,14:45,60541,12,222
07-08-2020,14:45,60542,213,2346
07-08-2020,14:45,60543,316,3992
07-08-2020,14:45,60544,205,3709
07-08-2020,14:45,60545,163,1613
07-08-2020,14:45,60546,175,3518
07-08-2020,14:45,60548,108,1684
07-08-2020,14:45,60551,29,284
07-08-2020,14:45,60552,13,368
07-08-2020,14:45,60554,54,1117
07-08-2020,14:45,60555,143,1561
07-08-2020,14:45,60558,73,1455
07-08-2020,14:45,60559,356,3077
07-08-2020,14:45,60560,139,2254
07-08-2020,14:45,60561,141,2570
07-08-2020,14:45,60563,204,4469
07-08-2020,14:45,60564,216,3781
07-08-2020,14:45,60565,215,3615
07-08-2020,14:45,60585,128,2217
07-08-2020,14:45,60586,442,5312
07-08-2020,14:45,60601,88,1535
07-08-2020,14:45,60602,17,311
07-08-2020,14:45,60603,8,161
07-08-2020,14:45,60604,24,222
07-08-2020,14:45,60605,233,3763
07-08-2020,14:45,60606,38,1215
07-08-2020,14:45,60607,495,3921
07-08-2020,14:45,60608,1882,11863
07-08-2020,14:45,60609,1909,10654
07-08-2020,14:45,60610,323,5328
07-08-2020,14:45,60611,199,5203
07-08-2020,14:45,60612,750,6689
07-08-2020,14:45,60613,443,5980
07-08-2020,14:45,60614,595,8820
07-08-2020,14:45,60615,433,6208
07-08-2020,14:45,60616,510,8131
07-08-2020,14:45,60617,1274,12668
07-08-2020,14:45,60618,1468,13342
07-08-2020,14:45,60619,1017,12136
07-08-2020,14:45,60620,1209,11372
07-08-2020,14:45,60621,587,4981
07-08-2020,14:45,60622,724,8052
07-08-2020,14:45,60623,3584,14309
07-08-2020,14:45,60624,947,5992
07-08-2020,14:45,60625,1556,11678
07-08-2020,14:45,60626,1160,11044
07-08-2020,14:45,60628,1213,10466
07-08-2020,14:45,60629,3564,16611
07-08-2020,14:45,60630,879,7483
07-08-2020,14:45,60631,372,5414
07-08-2020,14:45,60632,3362,13561
07-08-2020,14:45,60633,304,3052
07-08-2020,14:45,60634,1596,13265
07-08-2020,14:45,60636,816,5168
07-08-2020,14:45,60637,677,8267
07-08-2020,14:45,60638,1205,8347
07-08-2020,14:45,60639,3588,17317
07-08-2020,14:45,60640,898,11637
07-08-2020,14:45,60641,1650,12347
07-08-2020,14:45,60642,216,2994
07-08-2020,14:45,60643,789,8815
07-08-2020,14:45,60644,1333,9072
07-08-2020,14:45,60645,1142,8021
07-08-2020,14:45,60646,408,4506
07-08-2020,14:45,60647,1517,13228
07-08-2020,14:45,60649,878,8856
07-08-2020,14:45,60651,1876,10322
07-08-2020,14:45,60652,1041,6629
07-08-2020,14:45,60653,585,7378
07-08-2020,14:45,60654,178,2385
07-08-2020,14:45,60655,292,4531
07-08-2020,14:45,60656,317,3922
07-08-2020,14:45,60657,405,7830
07-08-2020,14:45,60659,831,5347
07-08-2020,14:45,60660,497,5698
07-08-2020,14:45,60661,56,1049
07-08-2020,14:45,60680,6,126
07-08-2020,14:45,60706,468,4565
07-08-2020,14:45,60707,849,6964
07-08-2020,14:45,60712,191,2245
07-08-2020,14:45,60714,938,6710
07-08-2020,14:45,60803,286,2605
07-08-2020,14:45,60804,3061,13352
07-08-2020,14:45,60805,246,2408
07-08-2020,14:45,60827,402,3601
07-08-2020,14:45,60901,721,6447
07-08-2020,14:45,60911,11,155
07-08-2020,14:45,60912,6,67
07-08-2020,14:45,60913,7,128
07-08-2020,14:45,60914,233,4163
07-08-2020,14:45,60915,90,1748
07-08-2020,14:45,60919,7,48
07-08-2020,14:45,60922,18,312
07-08-2020,14:45,60927,53,598
07-08-2020,14:45,60928,7,68
07-08-2020,14:45,60930,7,72
07-08-2020,14:45,60931,6,50
07-08-2020,14:45,60936,11,554
07-08-2020,14:45,60938,8,291
07-08-2020,14:45,60940,21,364
07-08-2020,14:45,60941,7,188
07-08-2020,14:45,60942,10,707
07-08-2020,14:45,60950,114,2277
07-08-2020,14:45,60953,6,216
07-08-2020,14:45,60954,50,1247
07-08-2020,14:45,60955,16,179
07-08-2020,14:45,60957,13,559
07-08-2020,14:45,60958,25,298
07-08-2020,14:45,60964,42,631
07-08-2020,14:45,60970,20,735
07-08-2020,14:45,61008,493,4342
07-08-2020,14:45,61010,31,947
07-08-2020,14:45,61011,12,201
07-08-2020,14:45,61012,24,197
07-08-2020,14:45,61016,48,525
07-08-2020,14:45,61019,13,275
07-08-2020,14:45,61020,18,267
07-08-2020,14:45,61021,97,1949
07-08-2020,14:45,61024,8,304
07-08-2020,14:45,61025,7,273
07-08-2020,14:45,61032,241,4093
07-08-2020,14:45,61036,19,810
07-08-2020,14:45,61041,6,79
07-08-2020,14:45,61048,6,249
07-08-2020,14:45,61054,12,293
07-08-2020,14:45,61061,14,536
07-08-2020,14:45,61063,12,329
07-08-2020,14:45,61064,10,202
07-08-2020,14:45,61065,79,954
07-08-2020,14:45,61068,160,1670
07-08-2020,14:45,61071,45,617
07-08-2020,14:45,61072,42,868
07-08-2020,14:45,61073,86,1621
07-08-2020,14:45,61080,60,740
07-08-2020,14:45,61081,97,1154
07-08-2020,14:45,61084,12,185
07-08-2020,14:45,61085,8,219
07-08-2020,14:45,61088,13,492
07-08-2020,14:45,61101,352,3259
07-08-2020,14:45,61102,305,2653
07-08-2020,14:45,61103,338,4307
07-08-2020,14:45,61104,349,2377
07-08-2020,14:45,61107,301,4117
07-08-2020,14:45,61108,464,4304
07-08-2020,14:45,61109,317,3327
07-08-2020,14:45,61111,128,2577
07-08-2020,14:45,61114,124,2089
07-08-2020,14:45,61115,150,2264
07-08-2020,14:45,61201,303,4659
07-08-2020,14:45,61231,6,391
07-08-2020,14:45,61235,8,140
07-08-2020,14:45,61238,8,262
07-08-2020,14:45,61239,8,127
07-08-2020,14:45,61240,21,664
07-08-2020,14:45,61241,19,690
07-08-2020,14:45,61244,285,3819
07-08-2020,14:45,61252,28,341
07-08-2020,14:45,61254,23,1065
07-08-2020,14:45,61256,7,195
07-08-2020,14:45,61264,38,1094
07-08-2020,14:45,61265,340,5471
07-08-2020,14:45,61270,13,463
07-08-2020,14:45,61273,9,284
07-08-2020,14:45,61275,17,357
07-08-2020,14:45,61282,62,1224
07-08-2020,14:45,61284,7,188
07-08-2020,14:45,61301,7,899
07-08-2020,14:45,61314,6,56
07-08-2020,14:45,61341,47,986
07-08-2020,14:45,61342,23,477
07-08-2020,14:45,61350,41,2319
07-08-2020,14:45,61354,7,695
07-08-2020,14:45,61356,10,989
07-08-2020,14:45,61360,9,167
07-08-2020,14:45,61362,6,664
07-08-2020,14:45,61364,9,1401
07-08-2020,14:45,61401,130,2796
07-08-2020,14:45,61410,8,171
07-08-2020,14:45,61443,20,784
07-08-2020,14:45,61455,89,1479
07-08-2020,14:45,61462,119,888
07-08-2020,14:45,61469,7,152
07-08-2020,14:45,61523,7,1200
07-08-2020,14:45,61525,27,895
07-08-2020,14:45,61547,8,303
07-08-2020,14:45,61548,14,899
07-08-2020,14:45,61550,24,2093
07-08-2020,14:45,61554,46,4321
07-08-2020,14:45,61568,6,301
07-08-2020,14:45,61571,33,2321
07-08-2020,14:45,61602,8,219
07-08-2020,14:45,61603,113,2230
07-08-2020,14:45,61604,95,3779
07-08-2020,14:45,61605,78,1775
07-08-2020,14:45,61606,15,520
07-08-2020,14:45,61607,10,950
07-08-2020,14:45,61610,8,470
07-08-2020,14:45,61611,33,2394
07-08-2020,14:45,61614,142,3801
07-08-2020,14:45,61615,52,3112
07-08-2020,14:45,61616,11,1062
07-08-2020,14:45,61701,74,4077
07-08-2020,14:45,61704,88,3105
07-08-2020,14:45,61705,20,1326
07-08-2020,14:45,61726,6,203
07-08-2020,14:45,61727,10,618
07-08-2020,14:45,61729,6,87
07-08-2020,14:45,61739,6,441
07-08-2020,14:45,61745,7,340
07-08-2020,14:45,61761,77,3859
07-08-2020,14:45,61764,22,1141
07-08-2020,14:45,61801,60,3811
07-08-2020,14:45,61802,135,4116
07-08-2020,14:45,61820,149,4138
07-08-2020,14:45,61821,177,6350
07-08-2020,14:45,61822,80,4566
07-08-2020,14:45,61832,43,2920
07-08-2020,14:45,61842,7,312
07-08-2020,14:45,61843,16,521
07-08-2020,14:45,61853,65,3190
07-08-2020,14:45,61856,10,1117
07-08-2020,14:45,61866,204,2847
07-08-2020,14:45,61873,16,904
07-08-2020,14:45,61874,40,2114
07-08-2020,14:45,61880,11,643
07-08-2020,14:45,61884,6,171
07-08-2020,14:45,61910,19,449
07-08-2020,14:45,61911,10,239
07-08-2020,14:45,61920,111,2667
07-08-2020,14:45,61938,58,3260
07-08-2020,14:45,61944,13,668
07-08-2020,14:45,61951,9,837
07-08-2020,14:45,61953,18,707
07-08-2020,14:45,61956,6,379
07-08-2020,14:45,62002,173,2117
07-08-2020,14:45,62010,47,476
07-08-2020,14:45,62012,15,442
07-08-2020,14:45,62018,12,184
07-08-2020,14:45,62024,16,468
07-08-2020,14:45,62025,148,2105
07-08-2020,14:45,62033,6,524
07-08-2020,14:45,62034,86,1279
07-08-2020,14:45,62035,57,1486
07-08-2020,14:45,62040,186,3078
07-08-2020,14:45,62049,7,1021
07-08-2020,14:45,62052,20,963
07-08-2020,14:45,62056,30,1184
07-08-2020,14:45,62059,7,54
07-08-2020,14:45,62060,49,456
07-08-2020,14:45,62062,19,1369
07-08-2020,14:45,62067,8,140
07-08-2020,14:45,62069,11,257
07-08-2020,14:45,62088,8,767
07-08-2020,14:45,62090,14,126
07-08-2020,14:45,62095,28,578
07-08-2020,14:45,62201,134,993
07-08-2020,14:45,62203,76,681
07-08-2020,14:45,62204,75,629
07-08-2020,14:45,62205,88,885
07-08-2020,14:45,62206,210,1443
07-08-2020,14:45,62207,117,743
07-08-2020,14:45,62208,117,1340
07-08-2020,14:45,62215,7,138
07-08-2020,14:45,62216,7,258
07-08-2020,14:45,62217,8,58
07-08-2020,14:45,62220,204,1427
07-08-2020,14:45,62221,196,1787
07-08-2020,14:45,62223,79,1311
07-08-2020,14:45,62226,236,2380
07-08-2020,14:45,62230,28,547
07-08-2020,14:45,62231,88,745
07-08-2020,14:45,62232,47,1200
07-08-2020,14:45,62233,103,844
07-08-2020,14:45,62234,199,2550
07-08-2020,14:45,62236,57,517
07-08-2020,14:45,62237,6,534
07-08-2020,14:45,62238,8,55
07-08-2020,14:45,62239,22,233
07-08-2020,14:45,62240,6,62
07-08-2020,14:45,62241,7,79
07-08-2020,14:45,62242,6,65
07-08-2020,14:45,62243,11,276
07-08-2020,14:45,62245,7,112
07-08-2020,14:45,62246,11,809
07-08-2020,14:45,62249,23,1015
07-08-2020,14:45,62254,101,629
07-08-2020,14:45,62255,7,56
07-08-2020,14:45,62257,13,204
07-08-2020,14:45,62258,24,913
07-08-2020,14:45,62260,16,275
07-08-2020,14:45,62264,57,191
07-08-2020,14:45,62265,46,870
07-08-2020,14:45,62269,123,1830
07-08-2020,14:45,62272,50,203
07-08-2020,14:45,62274,12,570
07-08-2020,14:45,62278,16,555
07-08-2020,14:45,62285,21,241
07-08-2020,14:45,62286,52,548
07-08-2020,14:45,62288,33,313
07-08-2020,14:45,62293,11,420
07-08-2020,14:45,62294,39,846
07-08-2020,14:45,62295,13,88
07-08-2020,14:45,62298,73,1338
07-08-2020,14:45,62301,60,4645
07-08-2020,14:45,62305,57,793
07-08-2020,14:45,62353,7,431
07-08-2020,14:45,62401,8,1367
07-08-2020,14:45,62427,6,87
07-08-2020,14:45,62428,9,272
07-08-2020,14:45,62439,6,517
07-08-2020,14:45,62441,10,409
07-08-2020,14:45,62447,15,415
07-08-2020,14:45,62448,37,723
07-08-2020,14:45,62450,6,1125
07-08-2020,14:45,62454,10,544
07-08-2020,14:45,62471,18,751
07-08-2020,14:45,62474,6,78
07-08-2020,14:45,62521,118,3000
07-08-2020,14:45,62522,42,958
07-08-2020,14:45,62526,62,2323
07-08-2020,14:45,62549,6,483
07-08-2020,14:45,62560,7,151
07-08-2020,14:45,62561,8,637
07-08-2020,14:45,62563,8,733
07-08-2020,14:45,62565,14,1061
07-08-2020,14:45,62568,36,1258
07-08-2020,14:45,62613,6,422
07-08-2020,14:45,62615,8,760
07-08-2020,14:45,62618,78,1131
07-08-2020,14:45,62626,7,1159
07-08-2020,14:45,62627,6,139
07-08-2020,14:45,62629,23,1896
07-08-2020,14:45,62650,112,3594
07-08-2020,14:45,62656,16,2553
07-08-2020,14:45,62664,11,377
07-08-2020,14:45,62675,12,829
07-08-2020,14:45,62677,6,339
07-08-2020,14:45,62681,12,476
07-08-2020,14:45,62684,71,1013
07-08-2020,14:45,62691,48,339
07-08-2020,14:45,62692,9,253
07-08-2020,14:45,62702,91,6363
07-08-2020,14:45,62703,84,4829
07-08-2020,14:45,62704,70,5666
07-08-2020,14:45,62707,21,1610
07-08-2020,14:45,62711,45,2896
07-08-2020,14:45,62712,11,1401
07-08-2020,14:45,62801,73,2343
07-08-2020,14:45,62808,7,104
07-08-2020,14:45,62812,18,725
07-08-2020,14:45,62832,24,942
07-08-2020,14:45,62837,9,714
07-08-2020,14:45,62848,7,53
07-08-2020,14:45,62859,6,290
07-08-2020,14:45,62863,22,631
07-08-2020,14:45,62864,90,2039
07-08-2020,14:45,62881,8,724
07-08-2020,14:45,62882,15,238
07-08-2020,14:45,62896,9,978
07-08-2020,14:45,62901,181,2957
07-08-2020,14:45,62902,22,457
07-08-2020,14:45,62905,6,113
07-08-2020,14:45,62906,91,1181
07-08-2020,14:45,62907,20,201
07-08-2020,14:45,62910,6,149
07-08-2020,14:45,62912,9,101
07-08-2020,14:45,62914,10,413
07-08-2020,14:45,62918,19,1016
07-08-2020,14:45,62920,71,493
07-08-2020,14:45,62939,10,245
07-08-2020,14:45,62946,7,680
07-08-2020,14:45,62948,29,1175
07-08-2020,14:45,62951,11,396
07-08-2020,14:45,62952,14,300
07-08-2020,14:45,62959,58,3170
07-08-2020,14:45,62960,8,872
07-08-2020,14:45,62966,104,1614
07-08-2020,14:45,62992,58,237
07-07-2020,14:45,60002,119,1685
07-07-2020,14:45,60004,385,8343
07-07-2020,14:45,60005,228,4110
07-07-2020,14:45,60007,377,3709
07-07-2020,14:45,60008,356,4177
07-07-2020,14:45,60010,180,3721
07-07-2020,14:45,60012,90,841
07-07-2020,14:45,60013,125,1656
07-07-2020,14:45,60014,330,4039
07-07-2020,14:45,60015,198,2954
07-07-2020,14:45,60016,1154,8321
07-07-2020,14:45,60018,693,4873
07-07-2020,14:45,60020,45,1037
07-07-2020,14:45,60021,22,354
07-07-2020,14:45,60022,34,780
07-07-2020,14:45,60025,401,4813
07-07-2020,14:45,60026,161,2731
07-07-2020,14:45,60029,8,94
07-07-2020,14:45,60030,215,3556
07-07-2020,14:45,60031,375,4391
07-07-2020,14:45,60033,233,1488
07-07-2020,14:45,60035,292,4361
07-07-2020,14:45,60040,181,948
07-07-2020,14:45,60041,55,842
07-07-2020,14:45,60042,51,626
07-07-2020,14:45,60043,19,284
07-07-2020,14:45,60044,113,1409
07-07-2020,14:45,60045,136,2499
07-07-2020,14:45,60046,232,2926
07-07-2020,14:45,60047,480,4939
07-07-2020,14:45,60048,178,2718
07-07-2020,14:45,60050,243,2894
07-07-2020,14:45,60051,135,1968
07-07-2020,14:45,60053,330,3108
07-07-2020,14:45,60056,674,6056
07-07-2020,14:45,60060,470,3446
07-07-2020,14:45,60061,186,2595
07-07-2020,14:45,60062,358,6299
07-07-2020,14:45,60064,670,2337
07-07-2020,14:45,60067,265,5363
07-07-2020,14:45,60068,346,4424
07-07-2020,14:45,60069,100,2002
07-07-2020,14:45,60070,278,2132
07-07-2020,14:45,60071,16,265
07-07-2020,14:45,60073,1135,7650
07-07-2020,14:45,60074,490,4050
07-07-2020,14:45,60076,551,5276
07-07-2020,14:45,60077,435,4027
07-07-2020,14:45,60079,12,97
07-07-2020,14:45,60081,49,659
07-07-2020,14:45,60083,106,1138
07-07-2020,14:45,60084,194,1491
07-07-2020,14:45,60085,2491,11800
07-07-2020,14:45,60087,700,4391
07-07-2020,14:45,60088,180,638
07-07-2020,14:45,60089,339,4115
07-07-2020,14:45,60090,841,5141
07-07-2020,14:45,60091,178,2639
07-07-2020,14:45,60093,190,2292
07-07-2020,14:45,60096,41,541
07-07-2020,14:45,60097,45,820
07-07-2020,14:45,60098,365,3946
07-07-2020,14:45,60099,602,4352
07-07-2020,14:45,60101,843,5002
07-07-2020,14:45,60102,197,2534
07-07-2020,14:45,60103,320,4081
07-07-2020,14:45,60104,454,3155
07-07-2020,14:45,60106,541,3697
07-07-2020,14:45,60107,685,5225
07-07-2020,14:45,60108,354,3767
07-07-2020,14:45,60109,11,342
07-07-2020,14:45,60110,764,3837
07-07-2020,14:45,60112,29,408
07-07-2020,14:45,60115,312,4545
07-07-2020,14:45,60118,90,1308
07-07-2020,14:45,60119,40,872
07-07-2020,14:45,60120,1427,6788
07-07-2020,14:45,60123,963,6455
07-07-2020,14:45,60124,151,2004
07-07-2020,14:45,60126,358,5527
07-07-2020,14:45,60130,169,3374
07-07-2020,14:45,60131,371,2480
07-07-2020,14:45,60133,789,5269
07-07-2020,14:45,60134,209,2719
07-07-2020,14:45,60135,52,660
07-07-2020,14:45,60136,67,650
07-07-2020,14:45,60137,175,3629
07-07-2020,14:45,60139,680,4503
07-07-2020,14:45,60140,110,1495
07-07-2020,14:45,60141,26,864
07-07-2020,14:45,60142,120,2480
07-07-2020,14:45,60143,205,1604
07-07-2020,14:45,60145,8,156
07-07-2020,14:45,60146,10,229
07-07-2020,14:45,60148,423,5495
07-07-2020,14:45,60151,20,309
07-07-2020,14:45,60152,85,1012
07-07-2020,14:45,60153,538,3517
07-07-2020,14:45,60154,224,2562
07-07-2020,14:45,60155,182,1126
07-07-2020,14:45,60156,174,2130
07-07-2020,14:45,60157,12,222
07-07-2020,14:45,60160,785,4066
07-07-2020,14:45,60162,178,1774
07-07-2020,14:45,60163,101,728
07-07-2020,14:45,60164,549,4798
07-07-2020,14:45,60165,187,728
07-07-2020,14:45,60169,426,3689
07-07-2020,14:45,60171,138,1290
07-07-2020,14:45,60172,249,2581
07-07-2020,14:45,60173,112,1072
07-07-2020,14:45,60174,210,3418
07-07-2020,14:45,60175,117,1938
07-07-2020,14:45,60176,181,1253
07-07-2020,14:45,60177,308,2523
07-07-2020,14:45,60178,74,1812
07-07-2020,14:45,60181,301,3001
07-07-2020,14:45,60184,8,185
07-07-2020,14:45,60185,793,4700
07-07-2020,14:45,60187,165,3434
07-07-2020,14:45,60188,524,4743
07-07-2020,14:45,60189,125,2831
07-07-2020,14:45,60190,69,1458
07-07-2020,14:45,60191,235,1644
07-07-2020,14:45,60192,69,1195
07-07-2020,14:45,60193,294,4497
07-07-2020,14:45,60194,190,3066
07-07-2020,14:45,60195,21,347
07-07-2020,14:45,60201,351,5634
07-07-2020,14:45,60202,460,4532
07-07-2020,14:45,60203,37,601
07-07-2020,14:45,60301,31,427
07-07-2020,14:45,60302,241,4547
07-07-2020,14:45,60304,87,1935
07-07-2020,14:45,60305,59,1146
07-07-2020,14:45,60401,50,1113
07-07-2020,14:45,60402,1491,9843
07-07-2020,14:45,60403,242,2469
07-07-2020,14:45,60404,130,2219
07-07-2020,14:45,60406,553,4186
07-07-2020,14:45,60408,26,668
07-07-2020,14:45,60409,662,6041
07-07-2020,14:45,60410,56,1137
07-07-2020,14:45,60411,1016,9242
07-07-2020,14:45,60415,226,2085
07-07-2020,14:45,60416,21,588
07-07-2020,14:45,60417,188,2306
07-07-2020,14:45,60418,124,831
07-07-2020,14:45,60419,435,4202
07-07-2020,14:45,60420,13,392
07-07-2020,14:45,60421,15,292
07-07-2020,14:45,60422,95,1400
07-07-2020,14:45,60423,184,2889
07-07-2020,14:45,60424,6,138
07-07-2020,14:45,60425,187,1957
07-07-2020,14:45,60426,522,4662
07-07-2020,14:45,60428,239,2048
07-07-2020,14:45,60429,247,2993
07-07-2020,14:45,60430,298,2956
07-07-2020,14:45,60431,249,3435
07-07-2020,14:45,60432,491,2931
07-07-2020,14:45,60433,337,2941
07-07-2020,14:45,60434,171,377
07-07-2020,14:45,60435,743,7842
07-07-2020,14:45,60436,272,2746
07-07-2020,14:45,60438,434,3901
07-07-2020,14:45,60439,124,2105
07-07-2020,14:45,60440,936,8866
07-07-2020,14:45,60441,238,2843
07-07-2020,14:45,60442,49,746
07-07-2020,14:45,60443,397,3567
07-07-2020,14:45,60445,182,2354
07-07-2020,14:45,60446,578,5513
07-07-2020,14:45,60447,63,1198
07-07-2020,14:45,60448,181,2015
07-07-2020,14:45,60449,86,1134
07-07-2020,14:45,60450,74,1713
07-07-2020,14:45,60451,157,2672
07-07-2020,14:45,60452,260,2923
07-07-2020,14:45,60453,868,7654
07-07-2020,14:45,60455,364,2259
07-07-2020,14:45,60456,56,498
07-07-2020,14:45,60457,149,1564
07-07-2020,14:45,60458,162,1593
07-07-2020,14:45,60459,459,3673
07-07-2020,14:45,60461,66,820
07-07-2020,14:45,60462,393,4239
07-07-2020,14:45,60463,262,1776
07-07-2020,14:45,60464,63,1057
07-07-2020,14:45,60465,283,1777
07-07-2020,14:45,60466,509,4077
07-07-2020,14:45,60467,202,2397
07-07-2020,14:45,60468,41,562
07-07-2020,14:45,60469,98,824
07-07-2020,14:45,60471,228,2163
07-07-2020,14:45,60472,74,858
07-07-2020,14:45,60473,462,4637
07-07-2020,14:45,60475,98,1144
07-07-2020,14:45,60476,27,338
07-07-2020,14:45,60477,279,3780
07-07-2020,14:45,60478,358,3372
07-07-2020,14:45,60480,42,669
07-07-2020,14:45,60481,33,1279
07-07-2020,14:45,60482,113,1003
07-07-2020,14:45,60484,132,979
07-07-2020,14:45,60487,175,2245
07-07-2020,14:45,60490,166,2532
07-07-2020,14:45,60491,165,1748
07-07-2020,14:45,60501,311,1664
07-07-2020,14:45,60502,111,1963
07-07-2020,14:45,60503,72,1362
07-07-2020,14:45,60504,382,4060
07-07-2020,14:45,60505,2065,11115
07-07-2020,14:45,60506,1186,9194
07-07-2020,14:45,60510,141,3210
07-07-2020,14:45,60513,184,2784
07-07-2020,14:45,60514,58,1054
07-07-2020,14:45,60515,121,2397
07-07-2020,14:45,60516,154,2846
07-07-2020,14:45,60517,254,3612
07-07-2020,14:45,60518,7,183
07-07-2020,14:45,60520,10,237
07-07-2020,14:45,60521,207,2137
07-07-2020,14:45,60523,115,1350
07-07-2020,14:45,60525,328,5142
07-07-2020,14:45,60526,94,3139
07-07-2020,14:45,60527,280,4327
07-07-2020,14:45,60532,154,3040
07-07-2020,14:45,60534,194,1519
07-07-2020,14:45,60538,342,3225
07-07-2020,14:45,60540,161,4042
07-07-2020,14:45,60541,12,217
07-07-2020,14:45,60542,213,2294
07-07-2020,14:45,60543,316,3887
07-07-2020,14:45,60544,202,3639
07-07-2020,14:45,60545,161,1592
07-07-2020,14:45,60546,175,3424
07-07-2020,14:45,60548,107,1663
07-07-2020,14:45,60551,29,277
07-07-2020,14:45,60552,12,359
07-07-2020,14:45,60554,54,1093
07-07-2020,14:45,60555,142,1532
07-07-2020,14:45,60558,72,1417
07-07-2020,14:45,60559,354,3016
07-07-2020,14:45,60560,139,2213
07-07-2020,14:45,60561,141,2529
07-07-2020,14:45,60563,203,4357
07-07-2020,14:45,60564,213,3688
07-07-2020,14:45,60565,212,3545
07-07-2020,14:45,60585,126,2183
07-07-2020,14:45,60586,436,5232
07-07-2020,14:45,60601,87,1514
07-07-2020,14:45,60602,17,306
07-07-2020,14:45,60603,8,160
07-07-2020,14:45,60604,24,221
07-07-2020,14:45,60605,231,3729
07-07-2020,14:45,60606,38,1198
07-07-2020,14:45,60607,491,3864
07-07-2020,14:45,60608,1878,11776
07-07-2020,14:45,60609,1905,10543
07-07-2020,14:45,60610,318,5128
07-07-2020,14:45,60611,197,5095
07-07-2020,14:45,60612,746,6632
07-07-2020,14:45,60613,443,5867
07-07-2020,14:45,60614,591,8602
07-07-2020,14:45,60615,431,6124
07-07-2020,14:45,60616,505,7959
07-07-2020,14:45,60617,1268,12497
07-07-2020,14:45,60618,1462,13208
07-07-2020,14:45,60619,1009,11986
07-07-2020,14:45,60620,1205,11238
07-07-2020,14:45,60621,588,4912
07-07-2020,14:45,60622,719,7973
07-07-2020,14:45,60623,3582,14174
07-07-2020,14:45,60624,944,5946
07-07-2020,14:45,60625,1548,11510
07-07-2020,14:45,60626,1147,10567
07-07-2020,14:45,60628,1205,10309
07-07-2020,14:45,60629,3558,16501
07-07-2020,14:45,60630,879,7429
07-07-2020,14:45,60631,369,5370
07-07-2020,14:45,60632,3357,13484
07-07-2020,14:45,60633,302,2825
07-07-2020,14:45,60634,1592,13185
07-07-2020,14:45,60636,816,5115
07-07-2020,14:45,60637,675,8165
07-07-2020,14:45,60638,1199,8273
07-07-2020,14:45,60639,3586,17221
07-07-2020,14:45,60640,887,11422
07-07-2020,14:45,60641,1642,12208
07-07-2020,14:45,60642,216,2908
07-07-2020,14:45,60643,783,8645
07-07-2020,14:45,60644,1331,8895
07-07-2020,14:45,60645,1138,7815
07-07-2020,14:45,60646,407,4459
07-07-2020,14:45,60647,1512,13109
07-07-2020,14:45,60649,876,8766
07-07-2020,14:45,60651,1868,10244
07-07-2020,14:45,60652,1033,6420
07-07-2020,14:45,60653,583,7194
07-07-2020,14:45,60654,175,2352
07-07-2020,14:45,60655,289,4479
07-07-2020,14:45,60656,316,3892
07-07-2020,14:45,60657,398,7717
07-07-2020,14:45,60659,825,5272
07-07-2020,14:45,60660,495,5538
07-07-2020,14:45,60661,54,1035
07-07-2020,14:45,60680,6,126
07-07-2020,14:45,60706,467,4523
07-07-2020,14:45,60707,844,6908
07-07-2020,14:45,60712,191,2223
07-07-2020,14:45,60714,933,6539
07-07-2020,14:45,60803,285,2564
07-07-2020,14:45,60804,3053,13238
07-07-2020,14:45,60805,245,2369
07-07-2020,14:45,60827,398,3542
07-07-2020,14:45,60901,715,6383
07-07-2020,14:45,60911,11,151
07-07-2020,14:45,60912,6,67
07-07-2020,14:45,60913,7,127
07-07-2020,14:45,60914,230,4108
07-07-2020,14:45,60915,88,1730
07-07-2020,14:45,60919,6,45
07-07-2020,14:45,60922,18,306
07-07-2020,14:45,60927,53,595
07-07-2020,14:45,60928,7,65
07-07-2020,14:45,60930,7,71
07-07-2020,14:45,60936,11,548
07-07-2020,14:45,60938,8,289
07-07-2020,14:45,60940,19,357
07-07-2020,14:45,60941,7,183
07-07-2020,14:45,60942,9,693
07-07-2020,14:45,60950,110,2253
07-07-2020,14:45,60953,6,211
07-07-2020,14:45,60954,47,1179
07-07-2020,14:45,60955,16,177
07-07-2020,14:45,60957,13,549
07-07-2020,14:45,60958,25,295
07-07-2020,14:45,60964,40,620
07-07-2020,14:45,60970,20,714
07-07-2020,14:45,61008,491,4283
07-07-2020,14:45,61010,30,940
07-07-2020,14:45,61011,11,198
07-07-2020,14:45,61012,24,191
07-07-2020,14:45,61016,48,517
07-07-2020,14:45,61019,14,270
07-07-2020,14:45,61020,18,267
07-07-2020,14:45,61021,97,1939
07-07-2020,14:45,61024,8,301
07-07-2020,14:45,61025,6,266
07-07-2020,14:45,61032,240,4056
07-07-2020,14:45,61036,18,795
07-07-2020,14:45,61041,6,77
07-07-2020,14:45,61048,6,245
07-07-2020,14:45,61054,13,292
07-07-2020,14:45,61061,13,530
07-07-2020,14:45,61063,11,326
07-07-2020,14:45,61064,10,199
07-07-2020,14:45,61065,77,945
07-07-2020,14:45,61068,160,1666
07-07-2020,14:45,61071,45,609
07-07-2020,14:45,61072,42,857
07-07-2020,14:45,61073,85,1605
07-07-2020,14:45,61080,60,734
07-07-2020,14:45,61081,96,1150
07-07-2020,14:45,61084,12,180
07-07-2020,14:45,61085,8,216
07-07-2020,14:45,61088,13,488
07-07-2020,14:45,61101,351,3225
07-07-2020,14:45,61102,304,2627
07-07-2020,14:45,61103,337,4241
07-07-2020,14:45,61104,349,2356
07-07-2020,14:45,61107,298,4071
07-07-2020,14:45,61108,463,4267
07-07-2020,14:45,61109,316,3294
07-07-2020,14:45,61111,127,2549
07-07-2020,14:45,61114,123,2057
07-07-2020,14:45,61115,149,2232
07-07-2020,14:45,61201,294,4438
07-07-2020,14:45,61231,6,382
07-07-2020,14:45,61235,8,140
07-07-2020,14:45,61238,8,258
07-07-2020,14:45,61239,8,123
07-07-2020,14:45,61240,17,632
07-07-2020,14:45,61241,19,677
07-07-2020,14:45,61244,285,3757
07-07-2020,14:45,61252,28,337
07-07-2020,14:45,61254,23,1055
07-07-2020,14:45,61256,7,187
07-07-2020,14:45,61264,37,1055
07-07-2020,14:45,61265,330,5295
07-07-2020,14:45,61270,13,457
07-07-2020,14:45,61273,8,269
07-07-2020,14:45,61275,17,337
07-07-2020,14:45,61282,62,1207
07-07-2020,14:45,61284,7,182
07-07-2020,14:45,61301,7,896
07-07-2020,14:45,61314,6,54
07-07-2020,14:45,61341,47,975
07-07-2020,14:45,61342,21,466
07-07-2020,14:45,61350,42,2239
07-07-2020,14:45,61354,6,690
07-07-2020,14:45,61356,10,972
07-07-2020,14:45,61360,8,165
07-07-2020,14:45,61362,6,663
07-07-2020,14:45,61364,8,1373
07-07-2020,14:45,61401,130,2738
07-07-2020,14:45,61410,8,165
07-07-2020,14:45,61443,19,765
07-07-2020,14:45,61455,87,1462
07-07-2020,14:45,61462,119,876
07-07-2020,14:45,61469,7,147
07-07-2020,14:45,61523,7,1174
07-07-2020,14:45,61525,26,879
07-07-2020,14:45,61547,8,297
07-07-2020,14:45,61548,14,879
07-07-2020,14:45,61550,23,2066
07-07-2020,14:45,61554,46,4234
07-07-2020,14:45,61568,6,296
07-07-2020,14:45,61571,32,2285
07-07-2020,14:45,61602,8,216
07-07-2020,14:45,61603,112,2190
07-07-2020,14:45,61604,92,3717
07-07-2020,14:45,61605,78,1753
07-07-2020,14:45,61606,15,510
07-07-2020,14:45,61607,10,936
07-07-2020,14:45,61610,8,457
07-07-2020,14:45,61611,31,2347
07-07-2020,14:45,61614,142,3740
07-07-2020,14:45,61615,48,3053
07-07-2020,14:45,61616,11,1046
07-07-2020,14:45,61701,73,4039
07-07-2020,14:45,61704,88,3068
07-07-2020,14:45,61705,19,1315
07-07-2020,14:45,61726,6,201
07-07-2020,14:45,61727,9,604
07-07-2020,14:45,61729,6,86
07-07-2020,14:45,61739,6,434
07-07-2020,14:45,61745,7,334
07-07-2020,14:45,61761,77,3826
07-07-2020,14:45,61764,22,1109
07-07-2020,14:45,61801,58,3723
07-07-2020,14:45,61802,135,3993
07-07-2020,14:45,61820,147,3997
07-07-2020,14:45,61821,172,6193
07-07-2020,14:45,61822,78,4441
07-07-2020,14:45,61832,42,2858
07-07-2020,14:45,61843,16,482
07-07-2020,14:45,61853,62,3079
07-07-2020,14:45,61856,10,1079
07-07-2020,14:45,61866,200,2778
07-07-2020,14:45,61873,16,885
07-07-2020,14:45,61874,39,2073
07-07-2020,14:45,61880,11,618
07-07-2020,14:45,61884,6,169
07-07-2020,14:45,61910,19,443
07-07-2020,14:45,61911,10,231
07-07-2020,14:45,61920,108,2620
07-07-2020,14:45,61938,57,3189
07-07-2020,14:45,61944,8,659
07-07-2020,14:45,61951,9,832
07-07-2020,14:45,61953,18,684
07-07-2020,14:45,61956,6,368
07-07-2020,14:45,62002,170,2078
07-07-2020,14:45,62010,45,466
07-07-2020,14:45,62012,15,436
07-07-2020,14:45,62018,12,182
07-07-2020,14:45,62024,16,463
07-07-2020,14:45,62025,147,2041
07-07-2020,14:45,62033,6,511
07-07-2020,14:45,62034,85,1262
07-07-2020,14:45,62035,54,1435
07-07-2020,14:45,62040,178,3026
07-07-2020,14:45,62049,7,1009
07-07-2020,14:45,62052,20,947
07-07-2020,14:45,62056,27,1142
07-07-2020,14:45,62059,8,53
07-07-2020,14:45,62060,49,453
07-07-2020,14:45,62062,17,1343
07-07-2020,14:45,62067,8,139
07-07-2020,14:45,62069,11,248
07-07-2020,14:45,62088,8,762
07-07-2020,14:45,62090,14,125
07-07-2020,14:45,62095,28,569
07-07-2020,14:45,62201,131,975
07-07-2020,14:45,62203,76,675
07-07-2020,14:45,62204,73,618
07-07-2020,14:45,62205,89,870
07-07-2020,14:45,62206,205,1415
07-07-2020,14:45,62207,116,725
07-07-2020,14:45,62208,114,1309
07-07-2020,14:45,62215,7,133
07-07-2020,14:45,62216,7,254
07-07-2020,14:45,62217,7,58
07-07-2020,14:45,62220,198,1384
07-07-2020,14:45,62221,191,1736
07-07-2020,14:45,62223,78,1284
07-07-2020,14:45,62226,233,2331
07-07-2020,14:45,62230,28,537
07-07-2020,14:45,62231,88,740
07-07-2020,14:45,62232,47,1186
07-07-2020,14:45,62233,102,840
07-07-2020,14:45,62234,196,2481
07-07-2020,14:45,62236,56,507
07-07-2020,14:45,62237,6,529
07-07-2020,14:45,62238,8,55
07-07-2020,14:45,62239,22,229
07-07-2020,14:45,62240,6,62
07-07-2020,14:45,62241,7,78
07-07-2020,14:45,62242,6,65
07-07-2020,14:45,62243,11,263
07-07-2020,14:45,62245,7,107
07-07-2020,14:45,62246,11,795
07-07-2020,14:45,62249,23,996
07-07-2020,14:45,62254,101,625
07-07-2020,14:45,62255,7,56
07-07-2020,14:45,62257,13,204
07-07-2020,14:45,62258,24,857
07-07-2020,14:45,62260,16,267
07-07-2020,14:45,62264,57,189
07-07-2020,14:45,62265,45,856
07-07-2020,14:45,62269,117,1785
07-07-2020,14:45,62272,50,202
07-07-2020,14:45,62274,11,474
07-07-2020,14:45,62278,16,547
07-07-2020,14:45,62285,21,237
07-07-2020,14:45,62286,51,543
07-07-2020,14:45,62288,33,313
07-07-2020,14:45,62293,11,405
07-07-2020,14:45,62294,38,822
07-07-2020,14:45,62295,13,88
07-07-2020,14:45,62298,70,1322
07-07-2020,14:45,62301,58,4580
07-07-2020,14:45,62305,55,790
07-07-2020,14:45,62353,7,430
07-07-2020,14:45,62401,8,1319
07-07-2020,14:45,62427,6,87
07-07-2020,14:45,62428,9,269
07-07-2020,14:45,62439,6,512
07-07-2020,14:45,62441,10,408
07-07-2020,14:45,62447,8,397
07-07-2020,14:45,62448,37,713
07-07-2020,14:45,62450,6,1121
07-07-2020,14:45,62454,10,540
07-07-2020,14:45,62471,17,744
07-07-2020,14:45,62474,6,75
07-07-2020,14:45,62521,118,2962
07-07-2020,14:45,62522,42,948
07-07-2020,14:45,62526,62,2295
07-07-2020,14:45,62560,7,148
07-07-2020,14:45,62561,8,630
07-07-2020,14:45,62563,8,724
07-07-2020,14:45,62565,14,1056
07-07-2020,14:45,62568,36,1247
07-07-2020,14:45,62613,6,417
07-07-2020,14:45,62615,8,732
07-07-2020,14:45,62618,78,1124
07-07-2020,14:45,62626,6,1129
07-07-2020,14:45,62627,6,139
07-07-2020,14:45,62629,21,1808
07-07-2020,14:45,62650,112,3567
07-07-2020,14:45,62656,16,2399
07-07-2020,14:45,62664,11,374
07-07-2020,14:45,62675,12,820
07-07-2020,14:45,62677,6,334
07-07-2020,14:45,62681,12,472
07-07-2020,14:45,62684,71,1001
07-07-2020,14:45,62691,47,336
07-07-2020,14:45,62692,9,251
07-07-2020,14:45,62702,89,6304
07-07-2020,14:45,62703,83,4762
07-07-2020,14:45,62704,68,5577
07-07-2020,14:45,62707,21,1595
07-07-2020,14:45,62711,43,2832
07-07-2020,14:45,62712,10,1386
07-07-2020,14:45,62801,70,2316
07-07-2020,14:45,62808,7,104
07-07-2020,14:45,62812,17,713
07-07-2020,14:45,62832,24,934
07-07-2020,14:45,62837,9,714
07-07-2020,14:45,62848,6,53
07-07-2020,14:45,62859,6,283
07-07-2020,14:45,62863,22,536
07-07-2020,14:45,62864,86,2025
07-07-2020,14:45,62881,8,718
07-07-2020,14:45,62882,15,234
07-07-2020,14:45,62896,9,911
07-07-2020,14:45,62901,178,2923
07-07-2020,14:45,62902,22,448
07-07-2020,14:45,62905,6,112
07-07-2020,14:45,62906,91,1180
07-07-2020,14:45,62907,20,187
07-07-2020,14:45,62910,6,148
07-07-2020,14:45,62912,9,101
07-07-2020,14:45,62914,10,384
07-07-2020,14:45,62918,18,1002
07-07-2020,14:45,62920,71,493
07-07-2020,14:45,62939,10,243
07-07-2020,14:45,62946,7,674
07-07-2020,14:45,62948,29,1171
07-07-2020,14:45,62951,11,393
07-07-2020,14:45,62952,14,299
07-07-2020,14:45,62959,57,3137
07-07-2020,14:45,62960,8,862
07-07-2020,14:45,62966,104,1601
07-07-2020,14:45,62992,59,237
07-06-2020,14:45,60002,119,1668
07-06-2020,14:45,60004,385,8236
07-06-2020,14:45,60005,226,3996
07-06-2020,14:45,60007,376,3654
07-06-2020,14:45,60008,354,4113
07-06-2020,14:45,60010,177,3643
07-06-2020,14:45,60012,90,828
07-06-2020,14:45,60013,123,1625
07-06-2020,14:45,60014,326,3971
07-06-2020,14:45,60015,198,2908
07-06-2020,14:45,60016,1148,8216
07-06-2020,14:45,60018,691,4834
07-06-2020,14:45,60020,44,1023
07-06-2020,14:45,60021,22,351
07-06-2020,14:45,60022,34,762
07-06-2020,14:45,60025,400,4765
07-06-2020,14:45,60026,160,2672
07-06-2020,14:45,60029,8,92
07-06-2020,14:45,60030,212,3485
07-06-2020,14:45,60031,374,4341
07-06-2020,14:45,60033,233,1482
07-06-2020,14:45,60035,293,4276
07-06-2020,14:45,60040,181,938
07-06-2020,14:45,60041,55,829
07-06-2020,14:45,60042,48,618
07-06-2020,14:45,60043,19,283
07-06-2020,14:45,60044,112,1377
07-06-2020,14:45,60045,135,2406
07-06-2020,14:45,60046,232,2882
07-06-2020,14:45,60047,473,4858
07-06-2020,14:45,60048,177,2666
07-06-2020,14:45,60050,242,2854
07-06-2020,14:45,60051,135,1945
07-06-2020,14:45,60053,329,3027
07-06-2020,14:45,60056,672,5951
07-06-2020,14:45,60060,468,3405
07-06-2020,14:45,60061,184,2561
07-06-2020,14:45,60062,356,6107
07-06-2020,14:45,60064,670,2303
07-06-2020,14:45,60067,263,5155
07-06-2020,14:45,60068,344,4351
07-06-2020,14:45,60069,98,1964
07-06-2020,14:45,60070,278,2108
07-06-2020,14:45,60071,16,263
07-06-2020,14:45,60073,1135,7574
07-06-2020,14:45,60074,490,3992
07-06-2020,14:45,60076,550,5233
07-06-2020,14:45,60077,435,3967
07-06-2020,14:45,60079,12,97
07-06-2020,14:45,60081,45,648
07-06-2020,14:45,60083,106,1114
07-06-2020,14:45,60084,194,1469
07-06-2020,14:45,60085,2490,11694
07-06-2020,14:45,60087,699,4346
07-06-2020,14:45,60088,171,628
07-06-2020,14:45,60089,337,4063
07-06-2020,14:45,60090,839,5070
07-06-2020,14:45,60091,178,2613
07-06-2020,14:45,60093,190,2275
07-06-2020,14:45,60096,41,535
07-06-2020,14:45,60097,45,810
07-06-2020,14:45,60098,363,3913
07-06-2020,14:45,60099,602,4278
07-06-2020,14:45,60101,840,4951
07-06-2020,14:45,60102,190,2501
07-06-2020,14:45,60103,319,4038
07-06-2020,14:45,60104,454,3127
07-06-2020,14:45,60106,540,3677
07-06-2020,14:45,60107,684,5174
07-06-2020,14:45,60108,354,3692
07-06-2020,14:45,60109,11,340
07-06-2020,14:45,60110,764,3814
07-06-2020,14:45,60112,29,403
07-06-2020,14:45,60115,310,4499
07-06-2020,14:45,60118,90,1287
07-06-2020,14:45,60119,39,856
07-06-2020,14:45,60120,1426,6724
07-06-2020,14:45,60123,961,6415
07-06-2020,14:45,60124,148,1968
07-06-2020,14:45,60126,355,5446
07-06-2020,14:45,60130,168,3301
07-06-2020,14:45,60131,369,2463
07-06-2020,14:45,60133,789,5214
07-06-2020,14:45,60134,199,2636
07-06-2020,14:45,60135,52,650
07-06-2020,14:45,60136,67,641
07-06-2020,14:45,60137,174,3581
07-06-2020,14:45,60139,677,4457
07-06-2020,14:45,60140,109,1479
07-06-2020,14:45,60141,26,864
07-06-2020,14:45,60142,119,2420
07-06-2020,14:45,60143,205,1584
07-06-2020,14:45,60145,8,155
07-06-2020,14:45,60146,10,227
07-06-2020,14:45,60148,423,5428
07-06-2020,14:45,60151,20,308
07-06-2020,14:45,60152,85,990
07-06-2020,14:45,60153,536,3491
07-06-2020,14:45,60154,222,2541
07-06-2020,14:45,60155,182,1122
07-06-2020,14:45,60156,170,2102
07-06-2020,14:45,60157,12,221
07-06-2020,14:45,60160,786,4057
07-06-2020,14:45,60162,178,1733
07-06-2020,14:45,60163,101,723
07-06-2020,14:45,60164,549,4784
07-06-2020,14:45,60165,187,727
07-06-2020,14:45,60169,423,3649
07-06-2020,14:45,60171,137,1283
07-06-2020,14:45,60172,249,2550
07-06-2020,14:45,60173,112,1058
07-06-2020,14:45,60174,207,3373
07-06-2020,14:45,60175,117,1901
07-06-2020,14:45,60176,180,1242
07-06-2020,14:45,60177,306,2487
07-06-2020,14:45,60178,74,1788
07-06-2020,14:45,60181,301,2967
07-06-2020,14:45,60184,8,183
07-06-2020,14:45,60185,790,4624
07-06-2020,14:45,60187,164,3390
07-06-2020,14:45,60188,524,4681
07-06-2020,14:45,60189,125,2784
07-06-2020,14:45,60190,68,1432
07-06-2020,14:45,60191,235,1626
07-06-2020,14:45,60192,69,1173
07-06-2020,14:45,60193,293,4452
07-06-2020,14:45,60194,190,3039
07-06-2020,14:45,60195,21,341
07-06-2020,14:45,60201,351,5578
07-06-2020,14:45,60202,458,4495
07-06-2020,14:45,60203,36,594
07-06-2020,14:45,60301,30,422
07-06-2020,14:45,60302,241,4504
07-06-2020,14:45,60304,87,1909
07-06-2020,14:45,60305,59,1133
07-06-2020,14:45,60401,49,1102
07-06-2020,14:45,60402,1489,9731
07-06-2020,14:45,60403,241,2453
07-06-2020,14:45,60404,129,2210
07-06-2020,14:45,60406,552,4079
07-06-2020,14:45,60408,26,664
07-06-2020,14:45,60409,660,5960
07-06-2020,14:45,60410,56,1128
07-06-2020,14:45,60411,1012,9144
07-06-2020,14:45,60415,224,2070
07-06-2020,14:45,60416,21,580
07-06-2020,14:45,60417,188,2279
07-06-2020,14:45,60418,122,821
07-06-2020,14:45,60419,434,4154
07-06-2020,14:45,60420,13,377
07-06-2020,14:45,60421,15,291
07-06-2020,14:45,60422,95,1389
07-06-2020,14:45,60423,182,2861
07-06-2020,14:45,60424,6,137
07-06-2020,14:45,60425,184,1935
07-06-2020,14:45,60426,522,4623
07-06-2020,14:45,60428,234,2017
07-06-2020,14:45,60429,247,2973
07-06-2020,14:45,60430,297,2931
07-06-2020,14:45,60431,247,3407
07-06-2020,14:45,60432,489,2920
07-06-2020,14:45,60433,335,2921
07-06-2020,14:45,60434,171,375
07-06-2020,14:45,60435,743,7782
07-06-2020,14:45,60436,272,2739
07-06-2020,14:45,60438,434,3848
07-06-2020,14:45,60439,123,2090
07-06-2020,14:45,60440,937,8743
07-06-2020,14:45,60441,235,2816
07-06-2020,14:45,60442,49,745
07-06-2020,14:45,60443,394,3535
07-06-2020,14:45,60445,182,2335
07-06-2020,14:45,60446,575,5456
07-06-2020,14:45,60447,63,1182
07-06-2020,14:45,60448,179,1997
07-06-2020,14:45,60449,85,1126
07-06-2020,14:45,60450,74,1656
07-06-2020,14:45,60451,150,2628
07-06-2020,14:45,60452,259,2895
07-06-2020,14:45,60453,862,7504
07-06-2020,14:45,60455,362,2236
07-06-2020,14:45,60456,56,493
07-06-2020,14:45,60457,148,1545
07-06-2020,14:45,60458,161,1579
07-06-2020,14:45,60459,462,3651
07-06-2020,14:45,60461,66,812
07-06-2020,14:45,60462,392,4180
07-06-2020,14:45,60463,257,1753
07-06-2020,14:45,60464,63,1043
07-06-2020,14:45,60465,283,1761
07-06-2020,14:45,60466,507,4032
07-06-2020,14:45,60467,200,2378
07-06-2020,14:45,60468,40,558
07-06-2020,14:45,60469,98,815
07-06-2020,14:45,60471,228,2140
07-06-2020,14:45,60472,73,852
07-06-2020,14:45,60473,458,4535
07-06-2020,14:45,60475,97,1130
07-06-2020,14:45,60476,27,331
07-06-2020,14:45,60477,278,3739
07-06-2020,14:45,60478,356,3341
07-06-2020,14:45,60480,42,657
07-06-2020,14:45,60481,33,1193
07-06-2020,14:45,60482,113,994
07-06-2020,14:45,60484,129,969
07-06-2020,14:45,60487,174,2229
07-06-2020,14:45,60490,164,2495
07-06-2020,14:45,60491,165,1732
07-06-2020,14:45,60501,312,1654
07-06-2020,14:45,60502,111,1931
07-06-2020,14:45,60503,72,1325
07-06-2020,14:45,60504,381,4010
07-06-2020,14:45,60505,2065,11036
07-06-2020,14:45,60506,1184,9121
07-06-2020,14:45,60510,136,3150
07-06-2020,14:45,60513,183,2765
07-06-2020,14:45,60514,57,1032
07-06-2020,14:45,60515,121,2360
07-06-2020,14:45,60516,152,2801
07-06-2020,14:45,60517,255,3559
07-06-2020,14:45,60518,6,178
07-06-2020,14:45,60520,10,232
07-06-2020,14:45,60521,203,2118
07-06-2020,14:45,60523,115,1332
07-06-2020,14:45,60525,327,5076
07-06-2020,14:45,60526,93,3116
07-06-2020,14:45,60527,276,4253
07-06-2020,14:45,60532,149,2997
07-06-2020,14:45,60534,194,1501
07-06-2020,14:45,60538,341,3180
07-06-2020,14:45,60540,161,3986
07-06-2020,14:45,60541,12,211
07-06-2020,14:45,60542,212,2260
07-06-2020,14:45,60543,315,3821
07-06-2020,14:45,60544,199,3585
07-06-2020,14:45,60545,159,1571
07-06-2020,14:45,60546,175,3402
07-06-2020,14:45,60548,104,1573
07-06-2020,14:45,60551,29,269
07-06-2020,14:45,60552,12,350
07-06-2020,14:45,60554,55,1077
07-06-2020,14:45,60555,143,1510
07-06-2020,14:45,60558,68,1383
07-06-2020,14:45,60559,354,2980
07-06-2020,14:45,60560,136,2181
07-06-2020,14:45,60561,140,2496
07-06-2020,14:45,60563,202,4294
07-06-2020,14:45,60564,209,3642
07-06-2020,14:45,60565,212,3496
07-06-2020,14:45,60585,126,2164
07-06-2020,14:45,60586,435,5175
07-06-2020,14:45,60601,87,1495
07-06-2020,14:45,60602,17,302
07-06-2020,14:45,60603,8,159
07-06-2020,14:45,60604,24,218
07-06-2020,14:45,60605,230,3674
07-06-2020,14:45,60606,39,1183
07-06-2020,14:45,60607,491,3814
07-06-2020,14:45,60608,1877,11712
07-06-2020,14:45,60609,1902,10411
07-06-2020,14:45,60610,314,5078
07-06-2020,14:45,60611,195,5061
07-06-2020,14:45,60612,742,6592
07-06-2020,14:45,60613,438,5760
07-06-2020,14:45,60614,583,8462
07-06-2020,14:45,60615,428,6054
07-06-2020,14:45,60616,504,7776
07-06-2020,14:45,60617,1266,12370
07-06-2020,14:45,60618,1461,12921
07-06-2020,14:45,60619,1004,11835
07-06-2020,14:45,60620,1201,11125
07-06-2020,14:45,60621,584,4833
07-06-2020,14:45,60622,713,7891
07-06-2020,14:45,60623,3575,14092
07-06-2020,14:45,60624,941,5899
07-06-2020,14:45,60625,1544,11406
07-06-2020,14:45,60626,1143,10423
07-06-2020,14:45,60628,1200,10200
07-06-2020,14:45,60629,3551,16387
07-06-2020,14:45,60630,878,7361
07-06-2020,14:45,60631,363,5315
07-06-2020,14:45,60632,3350,13404
07-06-2020,14:45,60633,302,2606
07-06-2020,14:45,60634,1590,13098
07-06-2020,14:45,60636,813,5069
07-06-2020,14:45,60637,672,8096
07-06-2020,14:45,60638,1195,8233
07-06-2020,14:45,60639,3582,17134
07-06-2020,14:45,60640,884,11136
07-06-2020,14:45,60641,1639,12088
07-06-2020,14:45,60642,216,2868
07-06-2020,14:45,60643,779,8551
07-06-2020,14:45,60644,1330,8807
07-06-2020,14:45,60645,1138,7718
07-06-2020,14:45,60646,406,4415
07-06-2020,14:45,60647,1510,12961
07-06-2020,14:45,60649,871,8677
07-06-2020,14:45,60651,1867,10155
07-06-2020,14:45,60652,1025,6348
07-06-2020,14:45,60653,583,6988
07-06-2020,14:45,60654,173,2328
07-06-2020,14:45,60655,288,4448
07-06-2020,14:45,60656,316,3851
07-06-2020,14:45,60657,397,7638
07-06-2020,14:45,60659,822,5218
07-06-2020,14:45,60660,495,5461
07-06-2020,14:45,60661,53,1024
07-06-2020,14:45,60680,6,125
07-06-2020,14:45,60706,464,4415
07-06-2020,14:45,60707,841,6863
07-06-2020,14:45,60712,190,2210
07-06-2020,14:45,60714,932,6421
07-06-2020,14:45,60803,284,2536
07-06-2020,14:45,60804,3052,13190
07-06-2020,14:45,60805,243,2342
07-06-2020,14:45,60827,396,3505
07-06-2020,14:45,60901,715,6274
07-06-2020,14:45,60911,11,148
07-06-2020,14:45,60912,6,67
07-06-2020,14:45,60913,7,127
07-06-2020,14:45,60914,229,3946
07-06-2020,14:45,60915,88,1712
07-06-2020,14:45,60919,6,45
07-06-2020,14:45,60922,16,302
07-06-2020,14:45,60927,53,593
07-06-2020,14:45,60928,7,65
07-06-2020,14:45,60930,7,70
07-06-2020,14:45,60936,11,509
07-06-2020,14:45,60938,8,284
07-06-2020,14:45,60940,18,354
07-06-2020,14:45,60941,7,180
07-06-2020,14:45,60942,9,686
07-06-2020,14:45,60950,111,2238
07-06-2020,14:45,60953,6,207
07-06-2020,14:45,60954,47,1160
07-06-2020,14:45,60955,16,175
07-06-2020,14:45,60957,13,539
07-06-2020,14:45,60958,25,292
07-06-2020,14:45,60964,40,611
07-06-2020,14:45,60970,20,709
07-06-2020,14:45,61008,487,4189
07-06-2020,14:45,61010,30,884
07-06-2020,14:45,61011,11,194
07-06-2020,14:45,61012,24,187
07-06-2020,14:45,61016,48,512
07-06-2020,14:45,61019,12,262
07-06-2020,14:45,61020,18,264
07-06-2020,14:45,61021,97,1913
07-06-2020,14:45,61024,8,295
07-06-2020,14:45,61025,6,257
07-06-2020,14:45,61032,239,3985
07-06-2020,14:45,61036,18,788
07-06-2020,14:45,61041,6,77
07-06-2020,14:45,61048,6,241
07-06-2020,14:45,61054,13,289
07-06-2020,14:45,61061,13,521
07-06-2020,14:45,61063,11,316
07-06-2020,14:45,61064,10,196
07-06-2020,14:45,61065,76,924
07-06-2020,14:45,61068,158,1654
07-06-2020,14:45,61071,44,595
07-06-2020,14:45,61072,42,846
07-06-2020,14:45,61073,84,1585
07-06-2020,14:45,61080,60,720
07-06-2020,14:45,61081,94,1130
07-06-2020,14:45,61084,12,175
07-06-2020,14:45,61085,8,211
07-06-2020,14:45,61088,13,476
07-06-2020,14:45,61101,351,3198
07-06-2020,14:45,61102,302,2608
07-06-2020,14:45,61103,337,4030
07-06-2020,14:45,61104,348,2339
07-06-2020,14:45,61107,298,4023
07-06-2020,14:45,61108,462,4188
07-06-2020,14:45,61109,315,3257
07-06-2020,14:45,61111,125,2510
07-06-2020,14:45,61114,122,2030
07-06-2020,14:45,61115,149,2202
07-06-2020,14:45,61201,291,4308
07-06-2020,14:45,61231,6,377
07-06-2020,14:45,61235,8,138
07-06-2020,14:45,61238,8,251
07-06-2020,14:45,61239,8,122
07-06-2020,14:45,61240,17,604
07-06-2020,14:45,61241,19,659
07-06-2020,14:45,61244,284,3643
07-06-2020,14:45,61252,27,334
07-06-2020,14:45,61254,24,1033
07-06-2020,14:45,61256,7,183
07-06-2020,14:45,61264,37,1029
07-06-2020,14:45,61265,323,5166
07-06-2020,14:45,61270,12,449
07-06-2020,14:45,61273,7,263
07-06-2020,14:45,61275,16,329
07-06-2020,14:45,61282,62,1169
07-06-2020,14:45,61284,7,177
07-06-2020,14:45,61301,6,883
07-06-2020,14:45,61314,6,53
07-06-2020,14:45,61341,47,958
07-06-2020,14:45,61342,21,458
07-06-2020,14:45,61350,39,2167
07-06-2020,14:45,61354,6,674
07-06-2020,14:45,61356,10,968
07-06-2020,14:45,61360,8,159
07-06-2020,14:45,61364,8,1346
07-06-2020,14:45,61401,128,2695
07-06-2020,14:45,61410,8,162
07-06-2020,14:45,61443,19,718
07-06-2020,14:45,61455,87,1445
07-06-2020,14:45,61462,119,865
07-06-2020,14:45,61469,7,146
07-06-2020,14:45,61523,6,1151
07-06-2020,14:45,61525,25,865
07-06-2020,14:45,61547,8,295
07-06-2020,14:45,61548,13,869
07-06-2020,14:45,61550,23,2041
07-06-2020,14:45,61554,44,4174
07-06-2020,14:45,61568,6,288
07-06-2020,14:45,61571,33,2251
07-06-2020,14:45,61602,7,211
07-06-2020,14:45,61603,111,2162
07-06-2020,14:45,61604,91,3682
07-06-2020,14:45,61605,78,1730
07-06-2020,14:45,61606,15,508
07-06-2020,14:45,61607,10,925
07-06-2020,14:45,61610,8,451
07-06-2020,14:45,61611,31,2319
07-06-2020,14:45,61614,140,3694
07-06-2020,14:45,61615,48,2929
07-06-2020,14:45,61616,11,1036
07-06-2020,14:45,61701,70,3976
07-06-2020,14:45,61704,88,3012
07-06-2020,14:45,61705,18,1288
07-06-2020,14:45,61726,6,198
07-06-2020,14:45,61727,9,596
07-06-2020,14:45,61729,6,83
07-06-2020,14:45,61739,6,429
07-06-2020,14:45,61745,7,325
07-06-2020,14:45,61761,77,3754
07-06-2020,14:45,61764,22,1089
07-06-2020,14:45,61801,56,3673
07-06-2020,14:45,61802,133,3954
07-06-2020,14:45,61820,145,3957
07-06-2020,14:45,61821,171,6115
07-06-2020,14:45,61822,77,4378
07-06-2020,14:45,61832,42,2795
07-06-2020,14:45,61843,16,456
07-06-2020,14:45,61853,62,3025
07-06-2020,14:45,61856,10,1056
07-06-2020,14:45,61866,198,2751
07-06-2020,14:45,61873,14,866
07-06-2020,14:45,61874,39,2044
07-06-2020,14:45,61880,10,613
07-06-2020,14:45,61884,6,168
07-06-2020,14:45,61910,19,440
07-06-2020,14:45,61911,10,228
07-06-2020,14:45,61920,108,2612
07-06-2020,14:45,61938,55,3180
07-06-2020,14:45,61944,7,657
07-06-2020,14:45,61951,9,825
07-06-2020,14:45,61953,18,675
07-06-2020,14:45,61956,6,365
07-06-2020,14:45,62002,166,2002
07-06-2020,14:45,62010,44,461
07-06-2020,14:45,62012,14,427
07-06-2020,14:45,62018,12,178
07-06-2020,14:45,62024,15,455
07-06-2020,14:45,62025,146,2021
07-06-2020,14:45,62033,6,505
07-06-2020,14:45,62034,85,1229
07-06-2020,14:45,62035,52,1269
07-06-2020,14:45,62040,177,2980
07-06-2020,14:45,62049,7,997
07-06-2020,14:45,62052,20,929
07-06-2020,14:45,62056,20,1102
07-06-2020,14:45,62059,7,53
07-06-2020,14:45,62060,48,446
07-06-2020,14:45,62062,17,1338
07-06-2020,14:45,62067,8,139
07-06-2020,14:45,62069,11,239
07-06-2020,14:45,62088,8,750
07-06-2020,14:45,62090,14,124
07-06-2020,14:45,62095,28,556
07-06-2020,14:45,62201,130,958
07-06-2020,14:45,62203,75,665
07-06-2020,14:45,62204,72,616
07-06-2020,14:45,62205,87,853
07-06-2020,14:45,62206,202,1399
07-06-2020,14:45,62207,118,722
07-06-2020,14:45,62208,113,1289
07-06-2020,14:45,62215,6,131
07-06-2020,14:45,62216,7,252
07-06-2020,14:45,62217,7,58
07-06-2020,14:45,62220,194,1367
07-06-2020,14:45,62221,189,1710
07-06-2020,14:45,62223,79,1258
07-06-2020,14:45,62226,232,2282
07-06-2020,14:45,62230,28,532
07-06-2020,14:45,62231,88,734
07-06-2020,14:45,62232,46,1175
07-06-2020,14:45,62233,102,840
07-06-2020,14:45,62234,196,2442
07-06-2020,14:45,62236,56,491
07-06-2020,14:45,62237,6,523
07-06-2020,14:45,62238,8,55
07-06-2020,14:45,62239,22,222
07-06-2020,14:45,62240,6,62
07-06-2020,14:45,62241,7,76
07-06-2020,14:45,62242,6,65
07-06-2020,14:45,62243,11,254
07-06-2020,14:45,62245,7,105
07-06-2020,14:45,62246,10,732
07-06-2020,14:45,62249,22,992
07-06-2020,14:45,62254,101,621
07-06-2020,14:45,62255,7,56
07-06-2020,14:45,62257,13,202
07-06-2020,14:45,62258,24,845
07-06-2020,14:45,62260,14,256
07-06-2020,14:45,62264,57,186
07-06-2020,14:45,62265,45,843
07-06-2020,14:45,62269,116,1755
07-06-2020,14:45,62272,50,202
07-06-2020,14:45,62274,11,453
07-06-2020,14:45,62278,16,539
07-06-2020,14:45,62285,21,234
07-06-2020,14:45,62286,51,543
07-06-2020,14:45,62288,33,311
07-06-2020,14:45,62293,11,392
07-06-2020,14:45,62294,37,814
07-06-2020,14:45,62295,13,88
07-06-2020,14:45,62298,69,1304
07-06-2020,14:45,62301,55,4353
07-06-2020,14:45,62305,53,766
07-06-2020,14:45,62353,7,429
07-06-2020,14:45,62401,8,1315
07-06-2020,14:45,62427,6,86
07-06-2020,14:45,62428,9,268
07-06-2020,14:45,62439,6,510
07-06-2020,14:45,62441,10,407
07-06-2020,14:45,62447,8,396
07-06-2020,14:45,62448,37,708
07-06-2020,14:45,62454,10,535
07-06-2020,14:45,62471,17,741
07-06-2020,14:45,62474,6,75
07-06-2020,14:45,62521,117,2864
07-06-2020,14:45,62522,42,910
07-06-2020,14:45,62526,61,2211
07-06-2020,14:45,62560,7,147
07-06-2020,14:45,62561,8,609
07-06-2020,14:45,62563,7,705
07-06-2020,14:45,62565,14,1048
07-06-2020,14:45,62568,36,1226
07-06-2020,14:45,62613,6,410
07-06-2020,14:45,62615,8,717
07-06-2020,14:45,62618,78,1112
07-06-2020,14:45,62627,6,139
07-06-2020,14:45,62629,20,1774
07-06-2020,14:45,62650,110,3538
07-06-2020,14:45,62656,15,2346
07-06-2020,14:45,62664,11,365
07-06-2020,14:45,62675,12,808
07-06-2020,14:45,62677,6,324
07-06-2020,14:45,62681,12,470
07-06-2020,14:45,62684,71,984
07-06-2020,14:45,62691,47,334
07-06-2020,14:45,62692,9,250
07-06-2020,14:45,62702,89,6201
07-06-2020,14:45,62703,82,4679
07-06-2020,14:45,62704,68,5450
07-06-2020,14:45,62707,20,1572
07-06-2020,14:45,62711,40,2711
07-06-2020,14:45,62712,9,1360
07-06-2020,14:45,62801,70,2304
07-06-2020,14:45,62808,7,104
07-06-2020,14:45,62812,16,707
07-06-2020,14:45,62832,24,916
07-06-2020,14:45,62837,8,713
07-06-2020,14:45,62859,6,280
07-06-2020,14:45,62863,22,536
07-06-2020,14:45,62864,86,2010
07-06-2020,14:45,62881,8,714
07-06-2020,14:45,62882,15,233
07-06-2020,14:45,62896,8,903
07-06-2020,14:45,62901,178,2858
07-06-2020,14:45,62902,22,431
07-06-2020,14:45,62905,6,104
07-06-2020,14:45,62906,91,1173
07-06-2020,14:45,62907,20,171
07-06-2020,14:45,62910,6,148
07-06-2020,14:45,62912,9,101
07-06-2020,14:45,62914,10,334
07-06-2020,14:45,62918,18,986
07-06-2020,14:45,62920,72,489
07-06-2020,14:45,62939,10,238
07-06-2020,14:45,62946,7,668
07-06-2020,14:45,62948,29,1155
07-06-2020,14:45,62951,11,392
07-06-2020,14:45,62952,14,297
07-06-2020,14:45,62959,58,3116
07-06-2020,14:45,62960,8,852
07-06-2020,14:45,62966,104,1580
07-06-2020,14:45,62992,59,237
07-05-2020,14:45,60002,119,1646
07-05-2020,14:45,60004,385,8175
07-05-2020,14:45,60005,226,3917
07-05-2020,14:45,60007,376,3612
07-05-2020,14:45,60008,354,4087
07-05-2020,14:45,60010,177,3598
07-05-2020,14:45,60012,89,820
07-05-2020,14:45,60013,123,1605
07-05-2020,14:45,60014,324,3926
07-05-2020,14:45,60015,198,2868
07-05-2020,14:45,60016,1146,8175
07-05-2020,14:45,60018,689,4807
07-05-2020,14:45,60020,44,1015
07-05-2020,14:45,60021,22,344
07-05-2020,14:45,60022,33,754
07-05-2020,14:45,60025,398,4725
07-05-2020,14:45,60026,160,2658
07-05-2020,14:45,60029,8,92
07-05-2020,14:45,60030,207,3417
07-05-2020,14:45,60031,372,4259
07-05-2020,14:45,60033,233,1472
07-05-2020,14:45,60035,291,4195
07-05-2020,14:45,60040,180,932
07-05-2020,14:45,60041,54,819
07-05-2020,14:45,60042,48,609
07-05-2020,14:45,60043,19,280
07-05-2020,14:45,60044,112,1357
07-05-2020,14:45,60045,134,2366
07-05-2020,14:45,60046,227,2835
07-05-2020,14:45,60047,469,4728
07-05-2020,14:45,60048,174,2609
07-05-2020,14:45,60050,241,2812
07-05-2020,14:45,60051,134,1917
07-05-2020,14:45,60053,328,2922
07-05-2020,14:45,60056,670,5907
07-05-2020,14:45,60060,467,3354
07-05-2020,14:45,60061,183,2537
07-05-2020,14:45,60062,356,5963
07-05-2020,14:45,60064,670,2281
07-05-2020,14:45,60067,259,5103
07-05-2020,14:45,60068,345,4282
07-05-2020,14:45,60069,96,1939
07-05-2020,14:45,60070,275,2090
07-05-2020,14:45,60071,16,262
07-05-2020,14:45,60073,1132,7528
07-05-2020,14:45,60074,488,3952
07-05-2020,14:45,60076,546,5192
07-05-2020,14:45,60077,436,3910
07-05-2020,14:45,60079,12,96
07-05-2020,14:45,60081,44,639
07-05-2020,14:45,60083,105,1099
07-05-2020,14:45,60084,194,1457
07-05-2020,14:45,60085,2484,11583
07-05-2020,14:45,60087,697,4299
07-05-2020,14:45,60088,165,617
07-05-2020,14:45,60089,335,4018
07-05-2020,14:45,60090,839,5024
07-05-2020,14:45,60091,178,2582
07-05-2020,14:45,60093,189,2244
07-05-2020,14:45,60096,41,525
07-05-2020,14:45,60097,45,801
07-05-2020,14:45,60098,362,3866
07-05-2020,14:45,60099,597,4156
07-05-2020,14:45,60101,838,4902
07-05-2020,14:45,60102,190,2478
07-05-2020,14:45,60103,317,3988
07-05-2020,14:45,60104,450,3107
07-05-2020,14:45,60106,540,3662
07-05-2020,14:45,60107,683,4984
07-05-2020,14:45,60108,352,3651
07-05-2020,14:45,60109,11,338
07-05-2020,14:45,60110,764,3775
07-05-2020,14:45,60112,29,399
07-05-2020,14:45,60115,309,4461
07-05-2020,14:45,60118,90,1280
07-05-2020,14:45,60119,39,848
07-05-2020,14:45,60120,1419,6659
07-05-2020,14:45,60123,960,6356
07-05-2020,14:45,60124,147,1948
07-05-2020,14:45,60126,350,5356
07-05-2020,14:45,60130,169,3284
07-05-2020,14:45,60131,369,2454
07-05-2020,14:45,60133,787,5168
07-05-2020,14:45,60134,192,2612
07-05-2020,14:45,60135,50,637
07-05-2020,14:45,60136,66,634
07-05-2020,14:45,60137,175,3525
07-05-2020,14:45,60139,673,4415
07-05-2020,14:45,60140,107,1460
07-05-2020,14:45,60141,26,862
07-05-2020,14:45,60142,119,2394
07-05-2020,14:45,60143,204,1575
07-05-2020,14:45,60145,8,154
07-05-2020,14:45,60146,10,225
07-05-2020,14:45,60148,421,5370
07-05-2020,14:45,60151,20,303
07-05-2020,14:45,60152,86,962
07-05-2020,14:45,60153,536,3464
07-05-2020,14:45,60154,222,2518
07-05-2020,14:45,60155,182,1114
07-05-2020,14:45,60156,170,2083
07-05-2020,14:45,60157,12,215
07-05-2020,14:45,60160,783,4041
07-05-2020,14:45,60162,178,1725
07-05-2020,14:45,60163,101,717
07-05-2020,14:45,60164,547,4765
07-05-2020,14:45,60165,187,726
07-05-2020,14:45,60169,423,3617
07-05-2020,14:45,60171,137,1273
07-05-2020,14:45,60172,248,2517
07-05-2020,14:45,60173,113,1052
07-05-2020,14:45,60174,206,3293
07-05-2020,14:45,60175,116,1880
07-05-2020,14:45,60176,179,1238
07-05-2020,14:45,60177,304,2453
07-05-2020,14:45,60178,73,1768
07-05-2020,14:45,60181,298,2923
07-05-2020,14:45,60184,8,182
07-05-2020,14:45,60185,785,4580
07-05-2020,14:45,60187,160,3335
07-05-2020,14:45,60188,521,4619
07-05-2020,14:45,60189,125,2751
07-05-2020,14:45,60190,66,1411
07-05-2020,14:45,60191,235,1605
07-05-2020,14:45,60192,69,1155
07-05-2020,14:45,60193,291,4401
07-05-2020,14:45,60194,189,2964
07-05-2020,14:45,60195,21,336
07-05-2020,14:45,60201,350,5518
07-05-2020,14:45,60202,459,4448
07-05-2020,14:45,60203,36,589
07-05-2020,14:45,60301,30,415
07-05-2020,14:45,60302,241,4468
07-05-2020,14:45,60304,87,1891
07-05-2020,14:45,60305,60,1121
07-05-2020,14:45,60401,49,1094
07-05-2020,14:45,60402,1488,9682
07-05-2020,14:45,60403,241,2435
07-05-2020,14:45,60404,129,2195
07-05-2020,14:45,60406,549,4044
07-05-2020,14:45,60408,26,664
07-05-2020,14:45,60409,658,5905
07-05-2020,14:45,60410,56,1118
07-05-2020,14:45,60411,1007,9091
07-05-2020,14:45,60415,224,2059
07-05-2020,14:45,60416,21,575
07-05-2020,14:45,60417,189,2261
07-05-2020,14:45,60418,121,813
07-05-2020,14:45,60419,431,4099
07-05-2020,14:45,60420,13,375
07-05-2020,14:45,60421,15,286
07-05-2020,14:45,60422,95,1379
07-05-2020,14:45,60423,181,2845
07-05-2020,14:45,60424,6,137
07-05-2020,14:45,60425,184,1926
07-05-2020,14:45,60426,520,4576
07-05-2020,14:45,60428,234,2006
07-05-2020,14:45,60429,247,2957
07-05-2020,14:45,60430,295,2916
07-05-2020,14:45,60431,247,3388
07-05-2020,14:45,60432,487,2902
07-05-2020,14:45,60433,332,2909
07-05-2020,14:45,60434,170,365
07-05-2020,14:45,60435,742,7741
07-05-2020,14:45,60436,272,2724
07-05-2020,14:45,60438,435,3821
07-05-2020,14:45,60439,122,2078
07-05-2020,14:45,60440,934,8664
07-05-2020,14:45,60441,233,2792
07-05-2020,14:45,60442,49,744
07-05-2020,14:45,60443,394,3520
07-05-2020,14:45,60445,182,2312
07-05-2020,14:45,60446,573,5413
07-05-2020,14:45,60447,63,1180
07-05-2020,14:45,60448,176,1964
07-05-2020,14:45,60449,85,1124
07-05-2020,14:45,60450,71,1629
07-05-2020,14:45,60451,149,2604
07-05-2020,14:45,60452,259,2881
07-05-2020,14:45,60453,860,7436
07-05-2020,14:45,60455,358,2219
07-05-2020,14:45,60456,56,492
07-05-2020,14:45,60457,147,1534
07-05-2020,14:45,60458,159,1573
07-05-2020,14:45,60459,459,3631
07-05-2020,14:45,60461,65,806
07-05-2020,14:45,60462,391,4147
07-05-2020,14:45,60463,257,1735
07-05-2020,14:45,60464,62,1035
07-05-2020,14:45,60465,281,1744
07-05-2020,14:45,60466,507,4011
07-05-2020,14:45,60467,198,2357
07-05-2020,14:45,60468,40,551
07-05-2020,14:45,60469,97,809
07-05-2020,14:45,60471,228,2133
07-05-2020,14:45,60472,73,844
07-05-2020,14:45,60473,453,4463
07-05-2020,14:45,60475,95,1115
07-05-2020,14:45,60476,27,326
07-05-2020,14:45,60477,277,3715
07-05-2020,14:45,60478,354,3316
07-05-2020,14:45,60480,42,651
07-05-2020,14:45,60481,33,1185
07-05-2020,14:45,60482,113,986
07-05-2020,14:45,60484,129,965
07-05-2020,14:45,60487,173,2207
07-05-2020,14:45,60490,164,2475
07-05-2020,14:45,60491,165,1723
07-05-2020,14:45,60501,311,1651
07-05-2020,14:45,60502,109,1908
07-05-2020,14:45,60503,72,1316
07-05-2020,14:45,60504,379,3976
07-05-2020,14:45,60505,2060,10973
07-05-2020,14:45,60506,1184,9030
07-05-2020,14:45,60510,135,3117
07-05-2020,14:45,60513,179,2755
07-05-2020,14:45,60514,55,1019
07-05-2020,14:45,60515,119,2336
07-05-2020,14:45,60516,150,2765
07-05-2020,14:45,60517,255,3526
07-05-2020,14:45,60518,6,176
07-05-2020,14:45,60520,10,231
07-05-2020,14:45,60521,201,2098
07-05-2020,14:45,60523,114,1314
07-05-2020,14:45,60525,325,5015
07-05-2020,14:45,60526,93,3101
07-05-2020,14:45,60527,276,4210
07-05-2020,14:45,60532,149,2967
07-05-2020,14:45,60534,194,1486
07-05-2020,14:45,60538,341,3154
07-05-2020,14:45,60540,160,3942
07-05-2020,14:45,60541,12,208
07-05-2020,14:45,60542,212,2237
07-05-2020,14:45,60543,314,3779
07-05-2020,14:45,60544,198,3538
07-05-2020,14:45,60545,158,1564
07-05-2020,14:45,60546,175,3377
07-05-2020,14:45,60548,104,1558
07-05-2020,14:45,60551,29,268
07-05-2020,14:45,60552,12,347
07-05-2020,14:45,60554,54,1063
07-05-2020,14:45,60555,143,1487
07-05-2020,14:45,60558,65,1351
07-05-2020,14:45,60559,352,2939
07-05-2020,14:45,60560,134,2159
07-05-2020,14:45,60561,140,2466
07-05-2020,14:45,60563,199,4248
07-05-2020,14:45,60564,206,3591
07-05-2020,14:45,60565,211,3428
07-05-2020,14:45,60585,125,2142
07-05-2020,14:45,60586,426,5119
07-05-2020,14:45,60601,87,1475
07-05-2020,14:45,60602,17,297
07-05-2020,14:45,60603,8,155
07-05-2020,14:45,60604,24,217
07-05-2020,14:45,60605,227,3625
07-05-2020,14:45,60606,39,1155
07-05-2020,14:45,60607,492,3771
07-05-2020,14:45,60608,1870,11545
07-05-2020,14:45,60609,1899,10265
07-05-2020,14:45,60610,311,5028
07-05-2020,14:45,60611,192,5003
07-05-2020,14:45,60612,740,6539
07-05-2020,14:45,60613,437,5670
07-05-2020,14:45,60614,584,8319
07-05-2020,14:45,60615,427,5986
07-05-2020,14:45,60616,501,7584
07-05-2020,14:45,60617,1260,12238
07-05-2020,14:45,60618,1457,12688
07-05-2020,14:45,60619,1001,11760
07-05-2020,14:45,60620,1196,11035
07-05-2020,14:45,60621,583,4784
07-05-2020,14:45,60622,710,7751
07-05-2020,14:45,60623,3563,13934
07-05-2020,14:45,60624,939,5853
07-05-2020,14:45,60625,1542,11304
07-05-2020,14:45,60626,1132,10274
07-05-2020,14:45,60628,1195,10096
07-05-2020,14:45,60629,3546,16248
07-05-2020,14:45,60630,876,7292
07-05-2020,14:45,60631,360,5230
07-05-2020,14:45,60632,3339,13278
07-05-2020,14:45,60633,300,2556
07-05-2020,14:45,60634,1591,13003
07-05-2020,14:45,60636,811,5014
07-05-2020,14:45,60637,672,8044
07-05-2020,14:45,60638,1195,8171
07-05-2020,14:45,60639,3570,16795
07-05-2020,14:45,60640,881,10978
07-05-2020,14:45,60641,1639,11938
07-05-2020,14:45,60642,213,2816
07-05-2020,14:45,60643,776,8495
07-05-2020,14:45,60644,1325,8705
07-05-2020,14:45,60645,1138,7657
07-05-2020,14:45,60646,405,4373
07-05-2020,14:45,60647,1506,12711
07-05-2020,14:45,60649,867,8519
07-05-2020,14:45,60651,1864,10043
07-05-2020,14:45,60652,1025,6303
07-05-2020,14:45,60653,583,6938
07-05-2020,14:45,60654,173,2294
07-05-2020,14:45,60655,288,4421
07-05-2020,14:45,60656,313,3825
07-05-2020,14:45,60657,395,7549
07-05-2020,14:45,60659,823,5173
07-05-2020,14:45,60660,492,5373
07-05-2020,14:45,60661,53,1002
07-05-2020,14:45,60680,6,123
07-05-2020,14:45,60706,464,4403
07-05-2020,14:45,60707,840,6822
07-05-2020,14:45,60712,190,2193
07-05-2020,14:45,60714,931,6285
07-05-2020,14:45,60803,284,2516
07-05-2020,14:45,60804,3051,13150
07-05-2020,14:45,60805,243,2325
07-05-2020,14:45,60827,396,3484
07-05-2020,14:45,60901,712,6226
07-05-2020,14:45,60911,11,146
07-05-2020,14:45,60912,6,65
07-05-2020,14:45,60913,7,122
07-05-2020,14:45,60914,229,3868
07-05-2020,14:45,60915,88,1698
07-05-2020,14:45,60919,6,45
07-05-2020,14:45,60922,16,296
07-05-2020,14:45,60927,52,587
07-05-2020,14:45,60928,7,65
07-05-2020,14:45,60930,6,67
07-05-2020,14:45,60936,10,486
07-05-2020,14:45,60938,8,280
07-05-2020,14:45,60940,18,352
07-05-2020,14:45,60941,7,179
07-05-2020,14:45,60942,9,681
07-05-2020,14:45,60950,110,2221
07-05-2020,14:45,60953,6,204
07-05-2020,14:45,60954,47,1146
07-05-2020,14:45,60955,16,175
07-05-2020,14:45,60957,13,532
07-05-2020,14:45,60958,25,291
07-05-2020,14:45,60964,40,602
07-05-2020,14:45,60970,20,699
07-05-2020,14:45,61008,486,4088
07-05-2020,14:45,61010,30,840
07-05-2020,14:45,61011,11,191
07-05-2020,14:45,61012,24,186
07-05-2020,14:45,61016,48,502
07-05-2020,14:45,61019,9,260
07-05-2020,14:45,61020,18,263
07-05-2020,14:45,61021,94,1897
07-05-2020,14:45,61024,8,294
07-05-2020,14:45,61025,6,254
07-05-2020,14:45,61032,239,3961
07-05-2020,14:45,61036,17,783
07-05-2020,14:45,61041,6,76
07-05-2020,14:45,61048,6,230
07-05-2020,14:45,61054,11,282
07-05-2020,14:45,61061,13,517
07-05-2020,14:45,61063,10,314
07-05-2020,14:45,61064,10,192
07-05-2020,14:45,61065,75,915
07-05-2020,14:45,61068,157,1615
07-05-2020,14:45,61071,44,586
07-05-2020,14:45,61072,41,837
07-05-2020,14:45,61073,83,1560
07-05-2020,14:45,61080,58,709
07-05-2020,14:45,61081,93,1120
07-05-2020,14:45,61084,12,171
07-05-2020,14:45,61085,8,208
07-05-2020,14:45,61088,13,472
07-05-2020,14:45,61101,351,3182
07-05-2020,14:45,61102,301,2592
07-05-2020,14:45,61103,331,3845
07-05-2020,14:45,61104,347,2323
07-05-2020,14:45,61107,296,3982
07-05-2020,14:45,61108,462,4146
07-05-2020,14:45,61109,314,3229
07-05-2020,14:45,61111,124,2484
07-05-2020,14:45,61114,122,2009
07-05-2020,14:45,61115,148,2179
07-05-2020,14:45,61201,284,4110
07-05-2020,14:45,61235,8,138
07-05-2020,14:45,61238,8,241
07-05-2020,14:45,61239,8,116
07-05-2020,14:45,61240,17,575
07-05-2020,14:45,61241,19,639
07-05-2020,14:45,61244,280,3559
07-05-2020,14:45,61252,27,328
07-05-2020,14:45,61254,22,1012
07-05-2020,14:45,61256,7,176
07-05-2020,14:45,61264,35,982
07-05-2020,14:45,61265,312,4983
07-05-2020,14:45,61270,12,443
07-05-2020,14:45,61273,7,255
07-05-2020,14:45,61275,15,316
07-05-2020,14:45,61282,60,1113
07-05-2020,14:45,61284,6,175
07-05-2020,14:45,61301,6,877
07-05-2020,14:45,61314,6,52
07-05-2020,14:45,61341,47,947
07-05-2020,14:45,61342,21,457
07-05-2020,14:45,61350,37,2115
07-05-2020,14:45,61354,6,673
07-05-2020,14:45,61356,10,951
07-05-2020,14:45,61360,8,157
07-05-2020,14:45,61364,8,1332
07-05-2020,14:45,61401,123,2583
07-05-2020,14:45,61410,8,153
07-05-2020,14:45,61443,19,710
07-05-2020,14:45,61455,87,1437
07-05-2020,14:45,61462,119,858
07-05-2020,14:45,61469,7,146
07-05-2020,14:45,61520,6,1247
07-05-2020,14:45,61523,6,1137
07-05-2020,14:45,61525,24,856
07-05-2020,14:45,61547,8,292
07-05-2020,14:45,61548,13,860
07-05-2020,14:45,61550,23,2013
07-05-2020,14:45,61554,44,4102
07-05-2020,14:45,61568,6,287
07-05-2020,14:45,61571,31,2221
07-05-2020,14:45,61602,7,209
07-05-2020,14:45,61603,111,2129
07-05-2020,14:45,61604,90,3641
07-05-2020,14:45,61605,78,1714
07-05-2020,14:45,61606,14,500
07-05-2020,14:45,61607,9,917
07-05-2020,14:45,61610,8,447
07-05-2020,14:45,61611,31,2290
07-05-2020,14:45,61614,138,3535
07-05-2020,14:45,61615,45,2865
07-05-2020,14:45,61616,10,1020
07-05-2020,14:45,61701,69,3952
07-05-2020,14:45,61704,86,2991
07-05-2020,14:45,61705,18,1274
07-05-2020,14:45,61726,6,197
07-05-2020,14:45,61727,9,592
07-05-2020,14:45,61729,6,81
07-05-2020,14:45,61739,6,427
07-05-2020,14:45,61745,6,325
07-05-2020,14:45,61761,75,3721
07-05-2020,14:45,61764,22,1079
07-05-2020,14:45,61801,57,3603
07-05-2020,14:45,61802,133,3920
07-05-2020,14:45,61820,144,3902
07-05-2020,14:45,61821,167,6045
07-05-2020,14:45,61822,76,4324
07-05-2020,14:45,61832,42,2694
07-05-2020,14:45,61843,12,414
07-05-2020,14:45,61853,61,2952
07-05-2020,14:45,61856,10,1034
07-05-2020,14:45,61866,197,2713
07-05-2020,14:45,61873,14,847
07-05-2020,14:45,61874,38,2003
07-05-2020,14:45,61880,10,606
07-05-2020,14:45,61884,6,168
07-05-2020,14:45,61910,19,436
07-05-2020,14:45,61911,10,223
07-05-2020,14:45,61920,105,2514
07-05-2020,14:45,61938,52,3071
07-05-2020,14:45,61944,7,638
07-05-2020,14:45,61951,9,808
07-05-2020,14:45,61953,18,662
07-05-2020,14:45,61956,6,359
07-05-2020,14:45,62002,164,1980
07-05-2020,14:45,62010,44,459
07-05-2020,14:45,62012,14,422
07-05-2020,14:45,62018,12,178
07-05-2020,14:45,62024,15,454
07-05-2020,14:45,62025,145,1962
07-05-2020,14:45,62033,6,474
07-05-2020,14:45,62034,85,1191
07-05-2020,14:45,62035,52,1208
07-05-2020,14:45,62040,176,2935
07-05-2020,14:45,62049,7,988
07-05-2020,14:45,62052,20,927
07-05-2020,14:45,62056,19,989
07-05-2020,14:45,62059,7,53
07-05-2020,14:45,62060,48,443
07-05-2020,14:45,62062,17,1325
07-05-2020,14:45,62067,8,137
07-05-2020,14:45,62069,11,224
07-05-2020,14:45,62088,8,738
07-05-2020,14:45,62090,14,123
07-05-2020,14:45,62095,28,551
07-05-2020,14:45,62201,130,949
07-05-2020,14:45,62203,74,653
07-05-2020,14:45,62204,73,592
07-05-2020,14:45,62205,86,836
07-05-2020,14:45,62206,200,1383
07-05-2020,14:45,62207,118,712
07-05-2020,14:45,62208,111,1265
07-05-2020,14:45,62215,6,130
07-05-2020,14:45,62216,7,249
07-05-2020,14:45,62217,7,58
07-05-2020,14:45,62220,194,1345
07-05-2020,14:45,62221,182,1673
07-05-2020,14:45,62223,79,1242
07-05-2020,14:45,62226,229,2249
07-05-2020,14:45,62230,28,529
07-05-2020,14:45,62231,88,728
07-05-2020,14:45,62232,44,1156
07-05-2020,14:45,62233,102,837
07-05-2020,14:45,62234,198,2387
07-05-2020,14:45,62236,55,487
07-05-2020,14:45,62237,6,522
07-05-2020,14:45,62238,8,55
07-05-2020,14:45,62239,23,221
07-05-2020,14:45,62240,6,62
07-05-2020,14:45,62241,7,76
07-05-2020,14:45,62242,6,65
07-05-2020,14:45,62243,11,250
07-05-2020,14:45,62245,7,104
07-05-2020,14:45,62246,10,704
07-05-2020,14:45,62249,21,981
07-05-2020,14:45,62254,101,614
07-05-2020,14:45,62255,7,56
07-05-2020,14:45,62257,13,200
07-05-2020,14:45,62258,23,825
07-05-2020,14:45,62260,14,251
07-05-2020,14:45,62264,56,185
07-05-2020,14:45,62265,45,841
07-05-2020,14:45,62269,114,1707
07-05-2020,14:45,62272,50,201
07-05-2020,14:45,62274,11,450
07-05-2020,14:45,62278,16,537
07-05-2020,14:45,62285,21,232
07-05-2020,14:45,62286,51,536
07-05-2020,14:45,62288,33,311
07-05-2020,14:45,62293,11,388
07-05-2020,14:45,62294,35,787
07-05-2020,14:45,62295,13,88
07-05-2020,14:45,62298,64,1301
07-05-2020,14:45,62301,49,4322
07-05-2020,14:45,62305,49,759
07-05-2020,14:45,62353,7,429
07-05-2020,14:45,62401,8,1286
07-05-2020,14:45,62427,6,85
07-05-2020,14:45,62428,9,261
07-05-2020,14:45,62439,6,504
07-05-2020,14:45,62441,10,404
07-05-2020,14:45,62447,7,382
07-05-2020,14:45,62448,37,700
07-05-2020,14:45,62454,10,530
07-05-2020,14:45,62471,17,733
07-05-2020,14:45,62474,6,73
07-05-2020,14:45,62521,116,2774
07-05-2020,14:45,62522,42,883
07-05-2020,14:45,62526,61,2171
07-05-2020,14:45,62560,7,143
07-05-2020,14:45,62561,8,605
07-05-2020,14:45,62563,7,697
07-05-2020,14:45,62565,14,1045
07-05-2020,14:45,62568,35,1204
07-05-2020,14:45,62613,6,408
07-05-2020,14:45,62615,8,714
07-05-2020,14:45,62618,78,1112
07-05-2020,14:45,62627,6,139
07-05-2020,14:45,62629,18,1749
07-05-2020,14:45,62650,110,3518
07-05-2020,14:45,62656,15,2331
07-05-2020,14:45,62664,11,363
07-05-2020,14:45,62675,12,801
07-05-2020,14:45,62677,6,322
07-05-2020,14:45,62681,12,469
07-05-2020,14:45,62684,71,977
07-05-2020,14:45,62691,47,334
07-05-2020,14:45,62692,9,250
07-05-2020,14:45,62702,88,6139
07-05-2020,14:45,62703,78,4628
07-05-2020,14:45,62704,69,5397
07-05-2020,14:45,62707,21,1545
07-05-2020,14:45,62711,40,2678
07-05-2020,14:45,62712,9,1347
07-05-2020,14:45,62801,70,2280
07-05-2020,14:45,62808,7,102
07-05-2020,14:45,62812,14,689
07-05-2020,14:45,62832,23,901
07-05-2020,14:45,62837,8,712
07-05-2020,14:45,62859,6,273
07-05-2020,14:45,62863,22,529
07-05-2020,14:45,62864,86,1992
07-05-2020,14:45,62881,7,707
07-05-2020,14:45,62882,15,233
07-05-2020,14:45,62896,8,894
07-05-2020,14:45,62901,177,2835
07-05-2020,14:45,62902,22,425
07-05-2020,14:45,62905,6,104
07-05-2020,14:45,62906,91,1162
07-05-2020,14:45,62907,20,166
07-05-2020,14:45,62910,6,148
07-05-2020,14:45,62912,9,100
07-05-2020,14:45,62914,10,303
07-05-2020,14:45,62918,18,947
07-05-2020,14:45,62920,72,486
07-05-2020,14:45,62939,10,237
07-05-2020,14:45,62946,7,666
07-05-2020,14:45,62948,28,1149
07-05-2020,14:45,62951,11,385
07-05-2020,14:45,62952,13,296
07-05-2020,14:45,62959,58,3051
07-05-2020,14:45,62960,8,845
07-05-2020,14:45,62966,104,1572
07-05-2020,14:45,62992,59,237
07-04-2020,14:45,60002,119,1631
07-04-2020,14:45,60004,381,8090
07-04-2020,14:45,60005,223,3871
07-04-2020,14:45,60007,375,3571
07-04-2020,14:45,60008,354,4060
07-04-2020,14:45,60010,174,3509
07-04-2020,14:45,60012,89,812
07-04-2020,14:45,60013,122,1572
07-04-2020,14:45,60014,321,3868
07-04-2020,14:45,60015,198,2811
07-04-2020,14:45,60016,1143,8074
07-04-2020,14:45,60018,687,4768
07-04-2020,14:45,60020,44,1003
07-04-2020,14:45,60021,22,339
07-04-2020,14:45,60022,33,741
07-04-2020,14:45,60025,397,4663
07-04-2020,14:45,60026,159,2456
07-04-2020,14:45,60029,8,91
07-04-2020,14:45,60030,206,3386
07-04-2020,14:45,60031,371,4228
07-04-2020,14:45,60033,233,1453
07-04-2020,14:45,60035,291,4142
07-04-2020,14:45,60040,180,916
07-04-2020,14:45,60041,54,810
07-04-2020,14:45,60042,48,598
07-04-2020,14:45,60043,19,272
07-04-2020,14:45,60044,112,1338
07-04-2020,14:45,60045,134,2340
07-04-2020,14:45,60046,226,2811
07-04-2020,14:45,60047,464,4644
07-04-2020,14:45,60048,172,2564
07-04-2020,14:45,60050,241,2786
07-04-2020,14:45,60051,133,1896
07-04-2020,14:45,60053,327,2856
07-04-2020,14:45,60056,670,5823
07-04-2020,14:45,60060,466,3314
07-04-2020,14:45,60061,183,2512
07-04-2020,14:45,60062,354,5832
07-04-2020,14:45,60064,669,2259
07-04-2020,14:45,60067,257,4942
07-04-2020,14:45,60068,345,4218
07-04-2020,14:45,60069,96,1916
07-04-2020,14:45,60070,274,2061
07-04-2020,14:45,60071,15,258
07-04-2020,14:45,60073,1127,7464
07-04-2020,14:45,60074,483,3913
07-04-2020,14:45,60076,545,5116
07-04-2020,14:45,60077,436,3856
07-04-2020,14:45,60079,12,96
07-04-2020,14:45,60081,43,633
07-04-2020,14:45,60083,105,1094
07-04-2020,14:45,60084,193,1439
07-04-2020,14:45,60085,2479,11513
07-04-2020,14:45,60087,697,4269
07-04-2020,14:45,60088,161,605
07-04-2020,14:45,60089,335,3966
07-04-2020,14:45,60090,835,4942
07-04-2020,14:45,60091,177,2523
07-04-2020,14:45,60093,189,2206
07-04-2020,14:45,60096,41,517
07-04-2020,14:45,60097,45,796
07-04-2020,14:45,60098,362,3818
07-04-2020,14:45,60099,596,4045
07-04-2020,14:45,60101,835,4859
07-04-2020,14:45,60102,184,2422
07-04-2020,14:45,60103,316,3940
07-04-2020,14:45,60104,445,3072
07-04-2020,14:45,60106,540,3638
07-04-2020,14:45,60107,683,4922
07-04-2020,14:45,60108,347,3611
07-04-2020,14:45,60109,11,337
07-04-2020,14:45,60110,764,3734
07-04-2020,14:45,60112,29,397
07-04-2020,14:45,60115,308,4432
07-04-2020,14:45,60118,90,1264
07-04-2020,14:45,60119,39,835
07-04-2020,14:45,60120,1417,6575
07-04-2020,14:45,60123,959,6278
07-04-2020,14:45,60124,144,1920
07-04-2020,14:45,60126,345,5224
07-04-2020,14:45,60130,168,3263
07-04-2020,14:45,60131,368,2436
07-04-2020,14:45,60133,787,4943
07-04-2020,14:45,60134,190,2578
07-04-2020,14:45,60135,47,624
07-04-2020,14:45,60136,66,619
07-04-2020,14:45,60137,174,3447
07-04-2020,14:45,60139,671,4373
07-04-2020,14:45,60140,106,1434
07-04-2020,14:45,60141,26,856
07-04-2020,14:45,60142,119,2325
07-04-2020,14:45,60143,204,1566
07-04-2020,14:45,60145,7,150
07-04-2020,14:45,60146,10,224
07-04-2020,14:45,60148,420,5303
07-04-2020,14:45,60151,19,297
07-04-2020,14:45,60152,86,940
07-04-2020,14:45,60153,534,3437
07-04-2020,14:45,60154,220,2498
07-04-2020,14:45,60155,182,1102
07-04-2020,14:45,60156,169,2036
07-04-2020,14:45,60157,12,212
07-04-2020,14:45,60160,782,4009
07-04-2020,14:45,60162,175,1707
07-04-2020,14:45,60163,101,710
07-04-2020,14:45,60164,547,4622
07-04-2020,14:45,60165,187,724
07-04-2020,14:45,60169,423,3571
07-04-2020,14:45,60171,137,1249
07-04-2020,14:45,60172,246,2484
07-04-2020,14:45,60173,112,1037
07-04-2020,14:45,60174,205,3222
07-04-2020,14:45,60175,115,1855
07-04-2020,14:45,60176,178,1213
07-04-2020,14:45,60177,301,2409
07-04-2020,14:45,60178,73,1744
07-04-2020,14:45,60181,297,2892
07-04-2020,14:45,60184,8,179
07-04-2020,14:45,60185,781,4541
07-04-2020,14:45,60187,159,3261
07-04-2020,14:45,60188,521,4572
07-04-2020,14:45,60189,125,2712
07-04-2020,14:45,60190,65,1397
07-04-2020,14:45,60191,235,1592
07-04-2020,14:45,60192,69,1133
07-04-2020,14:45,60193,290,4361
07-04-2020,14:45,60194,186,2753
07-04-2020,14:45,60195,21,332
07-04-2020,14:45,60201,347,5450
07-04-2020,14:45,60202,460,4359
07-04-2020,14:45,60203,36,581
07-04-2020,14:45,60301,30,406
07-04-2020,14:45,60302,239,4348
07-04-2020,14:45,60304,87,1844
07-04-2020,14:45,60305,60,1090
07-04-2020,14:45,60401,45,1068
07-04-2020,14:45,60402,1485,9584
07-04-2020,14:45,60403,241,2411
07-04-2020,14:45,60404,129,2170
07-04-2020,14:45,60406,546,4002
07-04-2020,14:45,60408,26,657
07-04-2020,14:45,60409,657,5835
07-04-2020,14:45,60410,56,1106
07-04-2020,14:45,60411,1003,9018
07-04-2020,14:45,60415,219,2047
07-04-2020,14:45,60416,21,570
07-04-2020,14:45,60417,185,2231
07-04-2020,14:45,60418,121,809
07-04-2020,14:45,60419,429,4063
07-04-2020,14:45,60420,13,370
07-04-2020,14:45,60421,14,281
07-04-2020,14:45,60422,94,1358
07-04-2020,14:45,60423,179,2796
07-04-2020,14:45,60424,6,133
07-04-2020,14:45,60425,184,1916
07-04-2020,14:45,60426,517,4530
07-04-2020,14:45,60428,232,1992
07-04-2020,14:45,60429,245,2927
07-04-2020,14:45,60430,295,2885
07-04-2020,14:45,60431,247,3364
07-04-2020,14:45,60432,484,2888
07-04-2020,14:45,60433,331,2898
07-04-2020,14:45,60434,170,352
07-04-2020,14:45,60435,743,7693
07-04-2020,14:45,60436,272,2708
07-04-2020,14:45,60438,433,3766
07-04-2020,14:45,60439,121,2043
07-04-2020,14:45,60440,932,8569
07-04-2020,14:45,60441,232,2768
07-04-2020,14:45,60442,49,741
07-04-2020,14:45,60443,394,3492
07-04-2020,14:45,60445,178,2288
07-04-2020,14:45,60446,573,5369
07-04-2020,14:45,60447,63,1158
07-04-2020,14:45,60448,175,1943
07-04-2020,14:45,60449,84,1107
07-04-2020,14:45,60450,70,1593
07-04-2020,14:45,60451,145,2573
07-04-2020,14:45,60452,259,2854
07-04-2020,14:45,60453,859,7360
07-04-2020,14:45,60455,353,2197
07-04-2020,14:45,60456,56,489
07-04-2020,14:45,60457,147,1517
07-04-2020,14:45,60458,158,1562
07-04-2020,14:45,60459,459,3603
07-04-2020,14:45,60461,65,799
07-04-2020,14:45,60462,390,4060
07-04-2020,14:45,60463,257,1694
07-04-2020,14:45,60464,60,1019
07-04-2020,14:45,60465,279,1720
07-04-2020,14:45,60466,507,3987
07-04-2020,14:45,60467,198,2334
07-04-2020,14:45,60468,40,539
07-04-2020,14:45,60469,96,800
07-04-2020,14:45,60471,228,2101
07-04-2020,14:45,60472,73,839
07-04-2020,14:45,60473,452,4409
07-04-2020,14:45,60475,93,1103
07-04-2020,14:45,60476,27,320
07-04-2020,14:45,60477,274,3668
07-04-2020,14:45,60478,353,3290
07-04-2020,14:45,60480,41,642
07-04-2020,14:45,60481,33,1177
07-04-2020,14:45,60482,111,979
07-04-2020,14:45,60484,129,959
07-04-2020,14:45,60487,173,2169
07-04-2020,14:45,60490,161,2446
07-04-2020,14:45,60491,165,1702
07-04-2020,14:45,60501,311,1645
07-04-2020,14:45,60502,109,1886
07-04-2020,14:45,60503,72,1298
07-04-2020,14:45,60504,377,3922
07-04-2020,14:45,60505,2058,10911
07-04-2020,14:45,60506,1182,8832
07-04-2020,14:45,60510,135,3087
07-04-2020,14:45,60513,177,2722
07-04-2020,14:45,60514,55,1007
07-04-2020,14:45,60515,119,2290
07-04-2020,14:45,60516,149,2719
07-04-2020,14:45,60517,253,3479
07-04-2020,14:45,60518,6,174
07-04-2020,14:45,60520,10,227
07-04-2020,14:45,60521,200,2062
07-04-2020,14:45,60523,113,1292
07-04-2020,14:45,60525,324,4818
07-04-2020,14:45,60526,93,3049
07-04-2020,14:45,60527,273,4146
07-04-2020,14:45,60532,148,2921
07-04-2020,14:45,60534,194,1470
07-04-2020,14:45,60538,340,3123
07-04-2020,14:45,60540,160,3878
07-04-2020,14:45,60541,11,205
07-04-2020,14:45,60542,207,2207
07-04-2020,14:45,60543,312,3733
07-04-2020,14:45,60544,198,3454
07-04-2020,14:45,60545,158,1557
07-04-2020,14:45,60546,175,3252
07-04-2020,14:45,60548,103,1537
07-04-2020,14:45,60551,29,264
07-04-2020,14:45,60552,12,340
07-04-2020,14:45,60554,53,1044
07-04-2020,14:45,60555,143,1467
07-04-2020,14:45,60558,64,1308
07-04-2020,14:45,60559,351,2890
07-04-2020,14:45,60560,130,2126
07-04-2020,14:45,60561,140,2425
07-04-2020,14:45,60563,198,4132
07-04-2020,14:45,60564,202,3517
07-04-2020,14:45,60565,208,3363
07-04-2020,14:45,60585,124,2114
07-04-2020,14:45,60586,422,5068
07-04-2020,14:45,60601,86,1446
07-04-2020,14:45,60602,16,289
07-04-2020,14:45,60603,8,153
07-04-2020,14:45,60604,24,213
07-04-2020,14:45,60605,226,3562
07-04-2020,14:45,60606,38,1139
07-04-2020,14:45,60607,493,3727
07-04-2020,14:45,60608,1871,11310
07-04-2020,14:45,60609,1894,10134
07-04-2020,14:45,60610,308,4937
07-04-2020,14:45,60611,192,4921
07-04-2020,14:45,60612,735,6437
07-04-2020,14:45,60613,437,5544
07-04-2020,14:45,60614,583,8145
07-04-2020,14:45,60615,423,5862
07-04-2020,14:45,60616,500,7483
07-04-2020,14:45,60617,1255,11997
07-04-2020,14:45,60618,1456,12449
07-04-2020,14:45,60619,999,11626
07-04-2020,14:45,60620,1195,10918
07-04-2020,14:45,60621,580,4707
07-04-2020,14:45,60622,707,7592
07-04-2020,14:45,60623,3554,13720
07-04-2020,14:45,60624,939,5767
07-04-2020,14:45,60625,1541,11156
07-04-2020,14:45,60626,1132,10083
07-04-2020,14:45,60628,1189,9925
07-04-2020,14:45,60629,3535,16040
07-04-2020,14:45,60630,876,7184
07-04-2020,14:45,60631,359,5171
07-04-2020,14:45,60632,3324,13027
07-04-2020,14:45,60633,300,2466
07-04-2020,14:45,60634,1585,12818
07-04-2020,14:45,60636,806,4931
07-04-2020,14:45,60637,671,7913
07-04-2020,14:45,60638,1192,8082
07-04-2020,14:45,60639,3555,16586
07-04-2020,14:45,60640,881,10754
07-04-2020,14:45,60641,1632,11764
07-04-2020,14:45,60642,211,2760
07-04-2020,14:45,60643,774,8413
07-04-2020,14:45,60644,1319,8554
07-04-2020,14:45,60645,1137,7569
07-04-2020,14:45,60646,405,4253
07-04-2020,14:45,60647,1501,12359
07-04-2020,14:45,60649,866,8345
07-04-2020,14:45,60651,1861,9896
07-04-2020,14:45,60652,1022,6202
07-04-2020,14:45,60653,577,6757
07-04-2020,14:45,60654,174,2236
07-04-2020,14:45,60655,287,4369
07-04-2020,14:45,60656,312,3767
07-04-2020,14:45,60657,394,7432
07-04-2020,14:45,60659,821,5112
07-04-2020,14:45,60660,490,5260
07-04-2020,14:45,60661,54,983
07-04-2020,14:45,60680,6,120
07-04-2020,14:45,60706,464,4356
07-04-2020,14:45,60707,838,6715
07-04-2020,14:45,60712,190,2177
07-04-2020,14:45,60714,921,6194
07-04-2020,14:45,60803,283,2483
07-04-2020,14:45,60804,3046,13083
07-04-2020,14:45,60805,243,2312
07-04-2020,14:45,60827,395,3440
07-04-2020,14:45,60901,709,6159
07-04-2020,14:45,60911,11,145
07-04-2020,14:45,60912,6,65
07-04-2020,14:45,60913,7,122
07-04-2020,14:45,60914,229,3809
07-04-2020,14:45,60915,88,1676
07-04-2020,14:45,60919,6,45
07-04-2020,14:45,60922,16,295
07-04-2020,14:45,60927,52,568
07-04-2020,14:45,60928,7,64
07-04-2020,14:45,60930,6,66
07-04-2020,14:45,60936,9,468
07-04-2020,14:45,60938,8,270
07-04-2020,14:45,60940,18,338
07-04-2020,14:45,60941,7,178
07-04-2020,14:45,60942,9,673
07-04-2020,14:45,60950,110,2198
07-04-2020,14:45,60953,6,203
07-04-2020,14:45,60954,47,1130
07-04-2020,14:45,60955,16,173
07-04-2020,14:45,60957,13,523
07-04-2020,14:45,60958,25,288
07-04-2020,14:45,60964,40,598
07-04-2020,14:45,60970,19,687
07-04-2020,14:45,61008,486,4000
07-04-2020,14:45,61010,29,693
07-04-2020,14:45,61011,11,188
07-04-2020,14:45,61012,24,183
07-04-2020,14:45,61016,49,492
07-04-2020,14:45,61019,9,255
07-04-2020,14:45,61020,18,260
07-04-2020,14:45,61021,94,1874
07-04-2020,14:45,61024,8,292
07-04-2020,14:45,61025,6,248
07-04-2020,14:45,61032,239,3940
07-04-2020,14:45,61036,17,780
07-04-2020,14:45,61041,6,76
07-04-2020,14:45,61048,6,229
07-04-2020,14:45,61054,10,277
07-04-2020,14:45,61061,13,513
07-04-2020,14:45,61063,10,311
07-04-2020,14:45,61064,10,189
07-04-2020,14:45,61065,75,910
07-04-2020,14:45,61068,157,1578
07-04-2020,14:45,61071,44,571
07-04-2020,14:45,61072,41,819
07-04-2020,14:45,61073,82,1535
07-04-2020,14:45,61080,58,697
07-04-2020,14:45,61081,93,1099
07-04-2020,14:45,61084,12,166
07-04-2020,14:45,61085,8,205
07-04-2020,14:45,61088,13,456
07-04-2020,14:45,61101,350,3149
07-04-2020,14:45,61102,301,2570
07-04-2020,14:45,61103,330,3791
07-04-2020,14:45,61104,344,2295
07-04-2020,14:45,61107,296,3931
07-04-2020,14:45,61108,462,4068
07-04-2020,14:45,61109,314,3197
07-04-2020,14:45,61111,123,2446
07-04-2020,14:45,61114,121,1970
07-04-2020,14:45,61115,148,2144
07-04-2020,14:45,61201,280,3995
07-04-2020,14:45,61235,8,136
07-04-2020,14:45,61238,8,235
07-04-2020,14:45,61239,8,115
07-04-2020,14:45,61240,17,561
07-04-2020,14:45,61241,19,624
07-04-2020,14:45,61244,278,3473
07-04-2020,14:45,61252,26,319
07-04-2020,14:45,61254,21,993
07-04-2020,14:45,61256,7,166
07-04-2020,14:45,61264,34,953
07-04-2020,14:45,61265,305,4819
07-04-2020,14:45,61270,11,401
07-04-2020,14:45,61273,7,244
07-04-2020,14:45,61275,14,306
07-04-2020,14:45,61282,60,1067
07-04-2020,14:45,61284,6,170
07-04-2020,14:45,61301,6,873
07-04-2020,14:45,61314,6,50
07-04-2020,14:45,61341,47,934
07-04-2020,14:45,61342,21,451
07-04-2020,14:45,61350,37,2071
07-04-2020,14:45,61354,6,670
07-04-2020,14:45,61356,10,948
07-04-2020,14:45,61360,8,152
07-04-2020,14:45,61364,8,1311
07-04-2020,14:45,61401,120,2456
07-04-2020,14:45,61410,8,150
07-04-2020,14:45,61443,19,697
07-04-2020,14:45,61455,87,1432
07-04-2020,14:45,61462,119,850
07-04-2020,14:45,61469,7,145
07-04-2020,14:45,61525,24,844
07-04-2020,14:45,61547,8,287
07-04-2020,14:45,61548,13,841
07-04-2020,14:45,61550,23,1958
07-04-2020,14:45,61554,44,4035
07-04-2020,14:45,61568,6,280
07-04-2020,14:45,61571,31,2185
07-04-2020,14:45,61602,7,204
07-04-2020,14:45,61603,110,2098
07-04-2020,14:45,61604,89,3542
07-04-2020,14:45,61605,78,1693
07-04-2020,14:45,61606,13,491
07-04-2020,14:45,61607,9,902
07-04-2020,14:45,61610,8,436
07-04-2020,14:45,61611,30,2239
07-04-2020,14:45,61614,137,3489
07-04-2020,14:45,61615,44,2803
07-04-2020,14:45,61616,10,1006
07-04-2020,14:45,61701,68,3896
07-04-2020,14:45,61704,85,2937
07-04-2020,14:45,61705,18,1248
07-04-2020,14:45,61726,6,195
07-04-2020,14:45,61727,9,581
07-04-2020,14:45,61729,6,81
07-04-2020,14:45,61739,6,425
07-04-2020,14:45,61745,6,324
07-04-2020,14:45,61761,73,3675
07-04-2020,14:45,61764,22,1061
07-04-2020,14:45,61801,56,3483
07-04-2020,14:45,61802,133,3831
07-04-2020,14:45,61820,145,3798
07-04-2020,14:45,61821,165,5860
07-04-2020,14:45,61822,76,4151
07-04-2020,14:45,61832,42,2639
07-04-2020,14:45,61843,10,359
07-04-2020,14:45,61853,60,2850
07-04-2020,14:45,61856,10,885
07-04-2020,14:45,61866,195,2671
07-04-2020,14:45,61873,14,829
07-04-2020,14:45,61874,38,1948
07-04-2020,14:45,61880,10,585
07-04-2020,14:45,61884,6,164
07-04-2020,14:45,61910,19,434
07-04-2020,14:45,61911,10,222
07-04-2020,14:45,61920,105,2501
07-04-2020,14:45,61938,52,3064
07-04-2020,14:45,61944,7,636
07-04-2020,14:45,61951,9,805
07-04-2020,14:45,61953,18,645
07-04-2020,14:45,61956,6,346
07-04-2020,14:45,62002,161,1948
07-04-2020,14:45,62010,43,452
07-04-2020,14:45,62012,14,417
07-04-2020,14:45,62018,12,176
07-04-2020,14:45,62024,14,441
07-04-2020,14:45,62025,137,1866
07-04-2020,14:45,62034,83,1159
07-04-2020,14:45,62035,50,1173
07-04-2020,14:45,62040,173,2874
07-04-2020,14:45,62049,7,986
07-04-2020,14:45,62052,20,916
07-04-2020,14:45,62056,19,976
07-04-2020,14:45,62059,7,53
07-04-2020,14:45,62060,47,436
07-04-2020,14:45,62062,16,1313
07-04-2020,14:45,62067,8,128
07-04-2020,14:45,62069,10,213
07-04-2020,14:45,62088,8,707
07-04-2020,14:45,62090,14,123
07-04-2020,14:45,62095,28,538
07-04-2020,14:45,62201,124,906
07-04-2020,14:45,62203,74,640
07-04-2020,14:45,62204,70,580
07-04-2020,14:45,62205,86,823
07-04-2020,14:45,62206,197,1350
07-04-2020,14:45,62207,115,696
07-04-2020,14:45,62208,111,1231
07-04-2020,14:45,62215,6,125
07-04-2020,14:45,62216,7,245
07-04-2020,14:45,62217,7,58
07-04-2020,14:45,62220,188,1303
07-04-2020,14:45,62221,179,1633
07-04-2020,14:45,62223,79,1152
07-04-2020,14:45,62226,228,2178
07-04-2020,14:45,62230,28,518
07-04-2020,14:45,62231,88,727
07-04-2020,14:45,62232,43,1135
07-04-2020,14:45,62233,102,823
07-04-2020,14:45,62234,195,2313
07-04-2020,14:45,62236,54,467
07-04-2020,14:45,62237,6,520
07-04-2020,14:45,62238,8,55
07-04-2020,14:45,62239,23,215
07-04-2020,14:45,62240,6,60
07-04-2020,14:45,62241,7,76
07-04-2020,14:45,62242,6,64
07-04-2020,14:45,62243,10,240
07-04-2020,14:45,62245,7,102
07-04-2020,14:45,62246,10,667
07-04-2020,14:45,62249,21,975
07-04-2020,14:45,62254,100,593
07-04-2020,14:45,62255,7,56
07-04-2020,14:45,62257,13,196
07-04-2020,14:45,62258,22,802
07-04-2020,14:45,62260,14,245
07-04-2020,14:45,62264,56,180
07-04-2020,14:45,62265,44,834
07-04-2020,14:45,62269,114,1658
07-04-2020,14:45,62272,50,200
07-04-2020,14:45,62274,11,442
07-04-2020,14:45,62278,16,533
07-04-2020,14:45,62285,21,224
07-04-2020,14:45,62286,51,528
07-04-2020,14:45,62288,33,310
07-04-2020,14:45,62293,11,387
07-04-2020,14:45,62294,32,759
07-04-2020,14:45,62295,13,86
07-04-2020,14:45,62298,64,1282
07-04-2020,14:45,62301,47,4299
07-04-2020,14:45,62305,47,746
07-04-2020,14:45,62353,7,429
07-04-2020,14:45,62401,7,1270
07-04-2020,14:45,62427,6,85
07-04-2020,14:45,62428,9,261
07-04-2020,14:45,62439,6,502
07-04-2020,14:45,62441,10,397
07-04-2020,14:45,62447,7,377
07-04-2020,14:45,62448,37,698
07-04-2020,14:45,62454,10,530
07-04-2020,14:45,62471,17,732
07-04-2020,14:45,62474,6,73
07-04-2020,14:45,62521,116,2754
07-04-2020,14:45,62522,42,872
07-04-2020,14:45,62526,60,2152
07-04-2020,14:45,62560,7,142
07-04-2020,14:45,62561,8,597
07-04-2020,14:45,62563,7,694
07-04-2020,14:45,62565,14,1043
07-04-2020,14:45,62568,35,1200
07-04-2020,14:45,62613,6,402
07-04-2020,14:45,62615,8,707
07-04-2020,14:45,62618,78,1107
07-04-2020,14:45,62627,6,138
07-04-2020,14:45,62629,18,1720
07-04-2020,14:45,62650,110,3506
07-04-2020,14:45,62656,14,2307
07-04-2020,14:45,62664,11,363
07-04-2020,14:45,62675,12,796
07-04-2020,14:45,62677,6,319
07-04-2020,14:45,62681,12,468
07-04-2020,14:45,62684,71,966
07-04-2020,14:45,62691,47,333
07-04-2020,14:45,62692,9,247
07-04-2020,14:45,62702,88,6079
07-04-2020,14:45,62703,76,4572
07-04-2020,14:45,62704,68,5294
07-04-2020,14:45,62707,21,1446
07-04-2020,14:45,62711,40,2636
07-04-2020,14:45,62712,9,1319
07-04-2020,14:45,62801,70,2271
07-04-2020,14:45,62808,7,101
07-04-2020,14:45,62812,14,658
07-04-2020,14:45,62832,22,874
07-04-2020,14:45,62837,8,700
07-04-2020,14:45,62863,21,526
07-04-2020,14:45,62864,86,1950
07-04-2020,14:45,62881,7,703
07-04-2020,14:45,62882,15,232
07-04-2020,14:45,62896,8,882
07-04-2020,14:45,62901,175,2801
07-04-2020,14:45,62902,21,414
07-04-2020,14:45,62905,6,102
07-04-2020,14:45,62906,91,1144
07-04-2020,14:45,62907,20,163
07-04-2020,14:45,62910,6,147
07-04-2020,14:45,62912,9,99
07-04-2020,14:45,62914,10,302
07-04-2020,14:45,62918,18,927
07-04-2020,14:45,62920,71,482
07-04-2020,14:45,62939,10,236
07-04-2020,14:45,62946,7,661
07-04-2020,14:45,62948,28,1131
07-04-2020,14:45,62951,11,375
07-04-2020,14:45,62952,13,291
07-04-2020,14:45,62959,55,2989
07-04-2020,14:45,62960,8,825
07-04-2020,14:45,62966,104,1558
07-04-2020,14:45,62992,59,236
07-03-2020,14:45,60002,119,1603
07-03-2020,14:45,60004,377,7947
07-03-2020,14:45,60005,220,3780
07-03-2020,14:45,60007,374,3514
07-03-2020,14:45,60008,354,4000
07-03-2020,14:45,60010,171,3382
07-03-2020,14:45,60012,89,796
07-03-2020,14:45,60013,120,1536
07-03-2020,14:45,60014,319,3782
07-03-2020,14:45,60015,194,2697
07-03-2020,14:45,60016,1139,7961
07-03-2020,14:45,60018,685,4641
07-03-2020,14:45,60020,44,986
07-03-2020,14:45,60021,22,334
07-03-2020,14:45,60022,31,729
07-03-2020,14:45,60025,393,4600
07-03-2020,14:45,60026,160,2442
07-03-2020,14:45,60029,8,90
07-03-2020,14:45,60030,206,3330
07-03-2020,14:45,60031,371,4162
07-03-2020,14:45,60033,232,1433
07-03-2020,14:45,60035,290,4066
07-03-2020,14:45,60040,179,902
07-03-2020,14:45,60041,53,793
07-03-2020,14:45,60042,47,587
07-03-2020,14:45,60043,19,271
07-03-2020,14:45,60044,111,1308
07-03-2020,14:45,60045,132,2306
07-03-2020,14:45,60046,225,2767
07-03-2020,14:45,60047,456,4433
07-03-2020,14:45,60048,170,2496
07-03-2020,14:45,60050,240,2761
07-03-2020,14:45,60051,132,1863
07-03-2020,14:45,60053,324,2830
07-03-2020,14:45,60056,668,5727
07-03-2020,14:45,60060,465,3278
07-03-2020,14:45,60061,183,2482
07-03-2020,14:45,60062,352,5463
07-03-2020,14:45,60064,669,2236
07-03-2020,14:45,60067,254,4789
07-03-2020,14:45,60068,343,4135
07-03-2020,14:45,60069,95,1898
07-03-2020,14:45,60070,273,2019
07-03-2020,14:45,60071,15,255
07-03-2020,14:45,60073,1123,7339
07-03-2020,14:45,60074,481,3856
07-03-2020,14:45,60076,544,5064
07-03-2020,14:45,60077,435,3805
07-03-2020,14:45,60079,12,96
07-03-2020,14:45,60081,43,622
07-03-2020,14:45,60083,105,1074
07-03-2020,14:45,60084,192,1412
07-03-2020,14:45,60085,2471,11364
07-03-2020,14:45,60087,693,4209
07-03-2020,14:45,60088,160,594
07-03-2020,14:45,60089,333,3764
07-03-2020,14:45,60090,834,4868
07-03-2020,14:45,60091,176,2464
07-03-2020,14:45,60093,188,2177
07-03-2020,14:45,60096,41,511
07-03-2020,14:45,60097,45,790
07-03-2020,14:45,60098,358,3772
07-03-2020,14:45,60099,592,3985
07-03-2020,14:45,60101,833,4808
07-03-2020,14:45,60102,184,2378
07-03-2020,14:45,60103,313,3881
07-03-2020,14:45,60104,441,3032
07-03-2020,14:45,60106,539,3593
07-03-2020,14:45,60107,683,4870
07-03-2020,14:45,60108,344,3578
07-03-2020,14:45,60109,11,334
07-03-2020,14:45,60110,759,3687
07-03-2020,14:45,60112,29,390
07-03-2020,14:45,60115,305,4386
07-03-2020,14:45,60118,90,1246
07-03-2020,14:45,60119,39,822
07-03-2020,14:45,60120,1416,6505
07-03-2020,14:45,60123,958,6226
07-03-2020,14:45,60124,142,1896
07-03-2020,14:45,60126,335,5052
07-03-2020,14:45,60130,169,3236
07-03-2020,14:45,60131,367,2404
07-03-2020,14:45,60133,785,4886
07-03-2020,14:45,60134,189,2530
07-03-2020,14:45,60135,47,621
07-03-2020,14:45,60136,66,609
07-03-2020,14:45,60137,172,3351
07-03-2020,14:45,60139,670,4305
07-03-2020,14:45,60140,106,1415
07-03-2020,14:45,60141,26,854
07-03-2020,14:45,60142,118,2294
07-03-2020,14:45,60143,203,1535
07-03-2020,14:45,60145,7,147
07-03-2020,14:45,60146,10,220
07-03-2020,14:45,60148,412,5194
07-03-2020,14:45,60151,19,296
07-03-2020,14:45,60152,86,931
07-03-2020,14:45,60153,532,3410
07-03-2020,14:45,60154,218,2461
07-03-2020,14:45,60155,182,1090
07-03-2020,14:45,60156,168,2002
07-03-2020,14:45,60157,12,208
07-03-2020,14:45,60160,779,3976
07-03-2020,14:45,60162,175,1691
07-03-2020,14:45,60163,101,700
07-03-2020,14:45,60164,545,4505
07-03-2020,14:45,60165,187,721
07-03-2020,14:45,60169,421,3538
07-03-2020,14:45,60171,136,1222
07-03-2020,14:45,60172,245,2444
07-03-2020,14:45,60173,111,1020
07-03-2020,14:45,60174,205,3112
07-03-2020,14:45,60175,115,1831
07-03-2020,14:45,60176,176,1186
07-03-2020,14:45,60177,297,2364
07-03-2020,14:45,60178,72,1708
07-03-2020,14:45,60181,294,2844
07-03-2020,14:45,60184,8,175
07-03-2020,14:45,60185,776,4471
07-03-2020,14:45,60187,157,3173
07-03-2020,14:45,60188,521,4490
07-03-2020,14:45,60189,123,2624
07-03-2020,14:45,60190,60,1352
07-03-2020,14:45,60191,234,1574
07-03-2020,14:45,60192,70,1115
07-03-2020,14:45,60193,290,4306
07-03-2020,14:45,60194,184,2725
07-03-2020,14:45,60195,21,328
07-03-2020,14:45,60201,345,5372
07-03-2020,14:45,60202,460,4289
07-03-2020,14:45,60203,36,579
07-03-2020,14:45,60301,31,396
07-03-2020,14:45,60302,236,4231
07-03-2020,14:45,60304,87,1775
07-03-2020,14:45,60305,60,1076
07-03-2020,14:45,60401,44,1056
07-03-2020,14:45,60402,1482,9458
07-03-2020,14:45,60403,241,2390
07-03-2020,14:45,60404,128,2147
07-03-2020,14:45,60406,542,3954
07-03-2020,14:45,60408,26,648
07-03-2020,14:45,60409,648,5779
07-03-2020,14:45,60410,55,1097
07-03-2020,14:45,60411,1000,8916
07-03-2020,14:45,60415,218,2031
07-03-2020,14:45,60416,21,563
07-03-2020,14:45,60417,181,2175
07-03-2020,14:45,60418,121,796
07-03-2020,14:45,60419,426,4022
07-03-2020,14:45,60420,13,362
07-03-2020,14:45,60421,14,279
07-03-2020,14:45,60422,92,1340
07-03-2020,14:45,60423,179,2763
07-03-2020,14:45,60424,6,133
07-03-2020,14:45,60425,183,1906
07-03-2020,14:45,60426,514,4470
07-03-2020,14:45,60428,230,1960
07-03-2020,14:45,60429,244,2901
07-03-2020,14:45,60430,294,2848
07-03-2020,14:45,60431,247,3330
07-03-2020,14:45,60432,483,2850
07-03-2020,14:45,60433,331,2868
07-03-2020,14:45,60434,170,322
07-03-2020,14:45,60435,743,7578
07-03-2020,14:45,60436,270,2638
07-03-2020,14:45,60438,428,3629
07-03-2020,14:45,60439,119,2017
07-03-2020,14:45,60440,931,8469
07-03-2020,14:45,60441,232,2730
07-03-2020,14:45,60442,49,728
07-03-2020,14:45,60443,393,3467
07-03-2020,14:45,60445,175,2249
07-03-2020,14:45,60446,572,5331
07-03-2020,14:45,60447,61,1145
07-03-2020,14:45,60448,171,1914
07-03-2020,14:45,60449,84,1087
07-03-2020,14:45,60450,69,1579
07-03-2020,14:45,60451,143,2525
07-03-2020,14:45,60452,256,2813
07-03-2020,14:45,60453,849,7187
07-03-2020,14:45,60455,353,2185
07-03-2020,14:45,60456,56,485
07-03-2020,14:45,60457,147,1409
07-03-2020,14:45,60458,159,1535
07-03-2020,14:45,60459,458,3559
07-03-2020,14:45,60461,65,793
07-03-2020,14:45,60462,386,4004
07-03-2020,14:45,60463,256,1640
07-03-2020,14:45,60464,60,997
07-03-2020,14:45,60465,279,1698
07-03-2020,14:45,60466,507,3953
07-03-2020,14:45,60467,197,2298
07-03-2020,14:45,60468,40,531
07-03-2020,14:45,60469,94,798
07-03-2020,14:45,60471,228,2083
07-03-2020,14:45,60472,73,831
07-03-2020,14:45,60473,450,4366
07-03-2020,14:45,60475,93,1098
07-03-2020,14:45,60476,27,316
07-03-2020,14:45,60477,274,3625
07-03-2020,14:45,60478,353,3260
07-03-2020,14:45,60480,40,631
07-03-2020,14:45,60481,33,1168
07-03-2020,14:45,60482,110,972
07-03-2020,14:45,60484,126,949
07-03-2020,14:45,60487,171,2132
07-03-2020,14:45,60490,155,2402
07-03-2020,14:45,60491,165,1672
07-03-2020,14:45,60501,310,1632
07-03-2020,14:45,60502,107,1855
07-03-2020,14:45,60503,69,1277
07-03-2020,14:45,60504,375,3867
07-03-2020,14:45,60505,2055,10763
07-03-2020,14:45,60506,1179,8697
07-03-2020,14:45,60510,133,3034
07-03-2020,14:45,60513,175,2651
07-03-2020,14:45,60514,55,986
07-03-2020,14:45,60515,118,2248
07-03-2020,14:45,60516,149,2672
07-03-2020,14:45,60517,252,3435
07-03-2020,14:45,60520,10,225
07-03-2020,14:45,60521,197,2022
07-03-2020,14:45,60523,112,1270
07-03-2020,14:45,60525,321,4737
07-03-2020,14:45,60526,92,2853
07-03-2020,14:45,60527,269,4065
07-03-2020,14:45,60532,146,2866
07-03-2020,14:45,60534,192,1456
07-03-2020,14:45,60538,338,3073
07-03-2020,14:45,60540,158,3795
07-03-2020,14:45,60541,11,204
07-03-2020,14:45,60542,207,2187
07-03-2020,14:45,60543,310,3666
07-03-2020,14:45,60544,197,3273
07-03-2020,14:45,60545,157,1534
07-03-2020,14:45,60546,175,3176
07-03-2020,14:45,60548,103,1523
07-03-2020,14:45,60551,29,263
07-03-2020,14:45,60552,11,334
07-03-2020,14:45,60554,52,1034
07-03-2020,14:45,60555,143,1442
07-03-2020,14:45,60558,59,1267
07-03-2020,14:45,60559,350,2864
07-03-2020,14:45,60560,128,2095
07-03-2020,14:45,60561,140,2396
07-03-2020,14:45,60563,197,4028
07-03-2020,14:45,60564,201,3464
07-03-2020,14:45,60565,206,3279
07-03-2020,14:45,60585,121,2070
07-03-2020,14:45,60586,413,4989
07-03-2020,14:45,60601,84,1411
07-03-2020,14:45,60602,16,286
07-03-2020,14:45,60603,8,150
07-03-2020,14:45,60604,24,210
07-03-2020,14:45,60605,221,3355
07-03-2020,14:45,60606,38,1112
07-03-2020,14:45,60607,488,3635
07-03-2020,14:45,60608,1858,10947
07-03-2020,14:45,60609,1880,9925
07-03-2020,14:45,60610,305,4824
07-03-2020,14:45,60611,189,4856
07-03-2020,14:45,60612,731,6280
07-03-2020,14:45,60613,432,5403
07-03-2020,14:45,60614,573,7842
07-03-2020,14:45,60615,419,5761
07-03-2020,14:45,60616,497,7327
07-03-2020,14:45,60617,1240,11840
07-03-2020,14:45,60618,1451,12100
07-03-2020,14:45,60619,995,11464
07-03-2020,14:45,60620,1193,10804
07-03-2020,14:45,60621,577,4634
07-03-2020,14:45,60622,705,7327
07-03-2020,14:45,60623,3543,13455
07-03-2020,14:45,60624,938,5663
07-03-2020,14:45,60625,1536,10941
07-03-2020,14:45,60626,1129,9896
07-03-2020,14:45,60628,1180,9755
07-03-2020,14:45,60629,3518,15786
07-03-2020,14:45,60630,874,7059
07-03-2020,14:45,60631,358,5009
07-03-2020,14:45,60632,3306,12794
07-03-2020,14:45,60633,296,2433
07-03-2020,14:45,60634,1578,12563
07-03-2020,14:45,60636,795,4839
07-03-2020,14:45,60637,667,7809
07-03-2020,14:45,60638,1188,7981
07-03-2020,14:45,60639,3543,16248
07-03-2020,14:45,60640,877,10044
07-03-2020,14:45,60641,1617,11433
07-03-2020,14:45,60642,210,2690
07-03-2020,14:45,60643,771,8304
07-03-2020,14:45,60644,1317,8413
07-03-2020,14:45,60645,1135,7471
07-03-2020,14:45,60646,403,4146
07-03-2020,14:45,60647,1495,11868
07-03-2020,14:45,60649,865,8233
07-03-2020,14:45,60651,1850,9701
07-03-2020,14:45,60652,1016,6114
07-03-2020,14:45,60653,576,6630
07-03-2020,14:45,60654,171,2169
07-03-2020,14:45,60655,285,4326
07-03-2020,14:45,60656,309,3701
07-03-2020,14:45,60657,389,7234
07-03-2020,14:45,60659,819,5015
07-03-2020,14:45,60660,487,5154
07-03-2020,14:45,60661,53,947
07-03-2020,14:45,60680,6,120
07-03-2020,14:45,60706,462,4291
07-03-2020,14:45,60707,827,6541
07-03-2020,14:45,60712,188,2120
07-03-2020,14:45,60714,919,6106
07-03-2020,14:45,60803,281,2450
07-03-2020,14:45,60804,3042,12976
07-03-2020,14:45,60805,243,2288
07-03-2020,14:45,60827,393,3385
07-03-2020,14:45,60901,709,6077
07-03-2020,14:45,60911,11,140
07-03-2020,14:45,60912,6,64
07-03-2020,14:45,60913,7,121
07-03-2020,14:45,60914,229,3760
07-03-2020,14:45,60915,88,1656
07-03-2020,14:45,60919,6,45
07-03-2020,14:45,60922,16,287
07-03-2020,14:45,60927,52,517
07-03-2020,14:45,60928,7,61
07-03-2020,14:45,60930,6,63
07-03-2020,14:45,60936,9,457
07-03-2020,14:45,60938,8,191
07-03-2020,14:45,60940,17,318
07-03-2020,14:45,60941,7,177
07-03-2020,14:45,60942,9,664
07-03-2020,14:45,60950,110,2162
07-03-2020,14:45,60954,46,1120
07-03-2020,14:45,60955,16,165
07-03-2020,14:45,60957,13,510
07-03-2020,14:45,60958,25,283
07-03-2020,14:45,60964,40,590
07-03-2020,14:45,60970,19,675
07-03-2020,14:45,61008,487,3955
07-03-2020,14:45,61010,29,679
07-03-2020,14:45,61011,11,185
07-03-2020,14:45,61012,24,183
07-03-2020,14:45,61016,49,490
07-03-2020,14:45,61019,9,228
07-03-2020,14:45,61020,18,254
07-03-2020,14:45,61021,92,1822
07-03-2020,14:45,61024,8,267
07-03-2020,14:45,61025,6,244
07-03-2020,14:45,61032,238,3908
07-03-2020,14:45,61036,17,778
07-03-2020,14:45,61041,6,75
07-03-2020,14:45,61048,6,225
07-03-2020,14:45,61054,9,276
07-03-2020,14:45,61061,13,500
07-03-2020,14:45,61063,10,301
07-03-2020,14:45,61064,10,183
07-03-2020,14:45,61065,71,898
07-03-2020,14:45,61068,158,1567
07-03-2020,14:45,61071,44,568
07-03-2020,14:45,61072,39,796
07-03-2020,14:45,61073,81,1493
07-03-2020,14:45,61080,58,686
07-03-2020,14:45,61081,93,1094
07-03-2020,14:45,61084,11,162
07-03-2020,14:45,61085,8,200
07-03-2020,14:45,61088,12,441
07-03-2020,14:45,61101,349,3104
07-03-2020,14:45,61102,300,2540
07-03-2020,14:45,61103,330,3712
07-03-2020,14:45,61104,344,2278
07-03-2020,14:45,61107,294,3866
07-03-2020,14:45,61108,457,3969
07-03-2020,14:45,61109,312,3161
07-03-2020,14:45,61111,120,2401
07-03-2020,14:45,61114,120,1944
07-03-2020,14:45,61115,147,2114
07-03-2020,14:45,61201,276,3823
07-03-2020,14:45,61235,8,135
07-03-2020,14:45,61238,8,225
07-03-2020,14:45,61239,8,109
07-03-2020,14:45,61240,16,542
07-03-2020,14:45,61241,19,606
07-03-2020,14:45,61244,275,3228
07-03-2020,14:45,61252,26,313
07-03-2020,14:45,61254,19,953
07-03-2020,14:45,61256,6,159
07-03-2020,14:45,61264,34,917
07-03-2020,14:45,61265,293,4579
07-03-2020,14:45,61270,11,392
07-03-2020,14:45,61273,7,222
07-03-2020,14:45,61275,14,292
07-03-2020,14:45,61282,59,1015
07-03-2020,14:45,61284,6,165
07-03-2020,14:45,61301,6,862
07-03-2020,14:45,61314,6,49
07-03-2020,14:45,61341,47,934
07-03-2020,14:45,61342,21,447
07-03-2020,14:45,61350,37,2064
07-03-2020,14:45,61354,6,665
07-03-2020,14:45,61356,10,907
07-03-2020,14:45,61360,8,152
07-03-2020,14:45,61364,8,1309
07-03-2020,14:45,61401,119,2381
07-03-2020,14:45,61410,8,149
07-03-2020,14:45,61443,19,684
07-03-2020,14:45,61455,87,1427
07-03-2020,14:45,61462,119,847
07-03-2020,14:45,61469,7,145
07-03-2020,14:45,61525,24,813
07-03-2020,14:45,61547,8,286
07-03-2020,14:45,61548,13,820
07-03-2020,14:45,61550,23,1876
07-03-2020,14:45,61554,43,3927
07-03-2020,14:45,61568,6,271
07-03-2020,14:45,61571,29,2143
07-03-2020,14:45,61602,7,201
07-03-2020,14:45,61603,109,2038
07-03-2020,14:45,61604,86,3466
07-03-2020,14:45,61605,78,1656
07-03-2020,14:45,61606,13,482
07-03-2020,14:45,61607,9,884
07-03-2020,14:45,61610,8,428
07-03-2020,14:45,61611,29,2202
07-03-2020,14:45,61614,137,3413
07-03-2020,14:45,61615,43,2743
07-03-2020,14:45,61616,10,987
07-03-2020,14:45,61701,64,3833
07-03-2020,14:45,61704,83,2886
07-03-2020,14:45,61705,18,1214
07-03-2020,14:45,61726,6,194
07-03-2020,14:45,61727,7,567
07-03-2020,14:45,61729,6,81
07-03-2020,14:45,61739,6,424
07-03-2020,14:45,61761,73,3602
07-03-2020,14:45,61764,21,1043
07-03-2020,14:45,61801,58,3386
07-03-2020,14:45,61802,133,3730
07-03-2020,14:45,61820,144,3641
07-03-2020,14:45,61821,163,5649
07-03-2020,14:45,61822,75,4015
07-03-2020,14:45,61832,42,2598
07-03-2020,14:45,61843,9,312
07-03-2020,14:45,61853,61,2755
07-03-2020,14:45,61856,11,829
07-03-2020,14:45,61866,194,2630
07-03-2020,14:45,61873,13,799
07-03-2020,14:45,61874,38,1860
07-03-2020,14:45,61880,9,564
07-03-2020,14:45,61884,6,153
07-03-2020,14:45,61910,19,423
07-03-2020,14:45,61911,10,219
07-03-2020,14:45,61920,105,2476
07-03-2020,14:45,61938,53,3041
07-03-2020,14:45,61944,7,631
07-03-2020,14:45,61951,9,803
07-03-2020,14:45,61953,18,630
07-03-2020,14:45,61956,6,338
07-03-2020,14:45,62002,159,1934
07-03-2020,14:45,62010,43,444
07-03-2020,14:45,62012,14,414
07-03-2020,14:45,62018,12,176
07-03-2020,14:45,62024,14,433
07-03-2020,14:45,62025,134,1834
07-03-2020,14:45,62034,83,1144
07-03-2020,14:45,62035,48,1164
07-03-2020,14:45,62040,172,2831
07-03-2020,14:45,62049,7,982
07-03-2020,14:45,62052,20,907
07-03-2020,14:45,62056,17,947
07-03-2020,14:45,62059,7,52
07-03-2020,14:45,62060,46,433
07-03-2020,14:45,62062,16,1307
07-03-2020,14:45,62067,6,125
07-03-2020,14:45,62069,9,211
07-03-2020,14:45,62088,8,703
07-03-2020,14:45,62090,14,122
07-03-2020,14:45,62095,28,535
07-03-2020,14:45,62201,123,874
07-03-2020,14:45,62203,72,635
07-03-2020,14:45,62204,70,573
07-03-2020,14:45,62205,85,809
07-03-2020,14:45,62206,193,1322
07-03-2020,14:45,62207,115,691
07-03-2020,14:45,62208,111,1215
07-03-2020,14:45,62215,6,122
07-03-2020,14:45,62216,7,242
07-03-2020,14:45,62217,7,58
07-03-2020,14:45,62220,186,1257
07-03-2020,14:45,62221,176,1593
07-03-2020,14:45,62223,79,1110
07-03-2020,14:45,62226,222,2071
07-03-2020,14:45,62230,28,517
07-03-2020,14:45,62231,87,721
07-03-2020,14:45,62232,42,1067
07-03-2020,14:45,62233,102,821
07-03-2020,14:45,62234,192,2265
07-03-2020,14:45,62236,54,456
07-03-2020,14:45,62237,6,518
07-03-2020,14:45,62238,8,55
07-03-2020,14:45,62239,23,211
07-03-2020,14:45,62240,6,58
07-03-2020,14:45,62241,7,76
07-03-2020,14:45,62242,6,63
07-03-2020,14:45,62243,10,230
07-03-2020,14:45,62245,7,98
07-03-2020,14:45,62246,7,625
07-03-2020,14:45,62249,21,934
07-03-2020,14:45,62254,100,586
07-03-2020,14:45,62255,7,55
07-03-2020,14:45,62257,13,195
07-03-2020,14:45,62258,22,789
07-03-2020,14:45,62260,14,240
07-03-2020,14:45,62264,56,177
07-03-2020,14:45,62265,44,831
07-03-2020,14:45,62269,110,1608
07-03-2020,14:45,62272,50,200
07-03-2020,14:45,62274,11,442
07-03-2020,14:45,62278,15,334
07-03-2020,14:45,62285,21,223
07-03-2020,14:45,62286,51,527
07-03-2020,14:45,62288,33,310
07-03-2020,14:45,62293,10,383
07-03-2020,14:45,62294,31,738
07-03-2020,14:45,62295,13,82
07-03-2020,14:45,62298,64,1263
07-03-2020,14:45,62301,45,4263
07-03-2020,14:45,62305,44,728
07-03-2020,14:45,62353,7,428
07-03-2020,14:45,62427,6,85
07-03-2020,14:45,62428,9,260
07-03-2020,14:45,62439,6,495
07-03-2020,14:45,62441,10,394
07-03-2020,14:45,62448,37,697
07-03-2020,14:45,62454,10,527
07-03-2020,14:45,62471,17,726
07-03-2020,14:45,62474,6,73
07-03-2020,14:45,62521,116,2734
07-03-2020,14:45,62522,41,855
07-03-2020,14:45,62526,59,2132
07-03-2020,14:45,62560,7,141
07-03-2020,14:45,62561,7,587
07-03-2020,14:45,62563,7,673
07-03-2020,14:45,62565,14,1036
07-03-2020,14:45,62568,35,1183
07-03-2020,14:45,62613,6,392
07-03-2020,14:45,62615,8,695
07-03-2020,14:45,62618,76,1088
07-03-2020,14:45,62627,6,136
07-03-2020,14:45,62629,17,1671
07-03-2020,14:45,62650,110,3250
07-03-2020,14:45,62656,14,2294
07-03-2020,14:45,62664,11,360
07-03-2020,14:45,62675,12,781
07-03-2020,14:45,62677,6,318
07-03-2020,14:45,62681,12,467
07-03-2020,14:45,62684,71,957
07-03-2020,14:45,62691,47,331
07-03-2020,14:45,62692,9,246
07-03-2020,14:45,62702,88,6000
07-03-2020,14:45,62703,76,4434
07-03-2020,14:45,62704,67,5166
07-03-2020,14:45,62707,20,1432
07-03-2020,14:45,62711,38,2533
07-03-2020,14:45,62712,9,1272
07-03-2020,14:45,62801,69,2253
07-03-2020,14:45,62808,7,98
07-03-2020,14:45,62812,14,656
07-03-2020,14:45,62832,22,872
07-03-2020,14:45,62837,8,697
07-03-2020,14:45,62863,21,523
07-03-2020,14:45,62864,86,1903
07-03-2020,14:45,62881,7,698
07-03-2020,14:45,62882,15,230
07-03-2020,14:45,62896,7,876
07-03-2020,14:45,62901,174,2778
07-03-2020,14:45,62902,20,412
07-03-2020,14:45,62905,6,102
07-03-2020,14:45,62906,90,1141
07-03-2020,14:45,62907,20,163
07-03-2020,14:45,62910,6,143
07-03-2020,14:45,62912,9,98
07-03-2020,14:45,62914,10,302
07-03-2020,14:45,62918,18,924
07-03-2020,14:45,62920,71,477
07-03-2020,14:45,62939,10,236
07-03-2020,14:45,62946,7,658
07-03-2020,14:45,62948,28,1125
07-03-2020,14:45,62951,11,374
07-03-2020,14:45,62952,13,290
07-03-2020,14:45,62959,52,2921
07-03-2020,14:45,62960,8,807
07-03-2020,14:45,62966,104,1553
07-03-2020,14:45,62992,59,236
07-02-2020,15:45,60002,119,1581
07-02-2020,15:45,60004,374,7827
07-02-2020,15:45,60005,220,3728
07-02-2020,15:45,60007,373,3366
07-02-2020,15:45,60008,354,3958
07-02-2020,15:45,60010,169,3287
07-02-2020,15:45,60012,88,781
07-02-2020,15:45,60013,117,1505
07-02-2020,15:45,60014,315,3653
07-02-2020,15:45,60015,193,2639
07-02-2020,15:45,60016,1138,7831
07-02-2020,15:45,60018,686,4523
07-02-2020,15:45,60020,44,970
07-02-2020,15:45,60021,22,331
07-02-2020,15:45,60022,31,705
07-02-2020,15:45,60025,392,4519
07-02-2020,15:45,60026,160,2391
07-02-2020,15:45,60029,8,84
07-02-2020,15:45,60030,203,3246
07-02-2020,15:45,60031,371,4080
07-02-2020,15:45,60033,230,1414
07-02-2020,15:45,60035,287,3999
07-02-2020,15:45,60040,178,889
07-02-2020,15:45,60041,53,778
07-02-2020,15:45,60042,46,577
07-02-2020,15:45,60043,19,266
07-02-2020,15:45,60044,108,1280
07-02-2020,15:45,60045,132,2267
07-02-2020,15:45,60046,222,2712
07-02-2020,15:45,60047,454,4316
07-02-2020,15:45,60048,169,2402
07-02-2020,15:45,60050,240,2729
07-02-2020,15:45,60051,132,1841
07-02-2020,15:45,60053,325,2776
07-02-2020,15:45,60056,667,5626
07-02-2020,15:45,60060,464,3223
07-02-2020,15:45,60061,183,2449
07-02-2020,15:45,60062,351,5271
07-02-2020,15:45,60064,667,2219
07-02-2020,15:45,60067,252,4691
07-02-2020,15:45,60068,340,4030
07-02-2020,15:45,60069,95,1878
07-02-2020,15:45,60070,272,1924
07-02-2020,15:45,60071,15,254
07-02-2020,15:45,60073,1118,7224
07-02-2020,15:45,60074,480,3766
07-02-2020,15:45,60076,540,4985
07-02-2020,15:45,60077,434,3752
07-02-2020,15:45,60079,12,96
07-02-2020,15:45,60081,43,616
07-02-2020,15:45,60083,104,1063
07-02-2020,15:45,60084,192,1386
07-02-2020,15:45,60085,2469,11263
07-02-2020,15:45,60087,690,4157
07-02-2020,15:45,60088,153,586
07-02-2020,15:45,60089,327,3713
07-02-2020,15:45,60090,832,4812
07-02-2020,15:45,60091,174,2398
07-02-2020,15:45,60093,188,2129
07-02-2020,15:45,60096,41,506
07-02-2020,15:45,60097,45,778
07-02-2020,15:45,60098,357,3553
07-02-2020,15:45,60099,592,3944
07-02-2020,15:45,60101,834,4748
07-02-2020,15:45,60102,184,2341
07-02-2020,15:45,60103,310,3807
07-02-2020,15:45,60104,441,3012
07-02-2020,15:45,60106,530,3289
07-02-2020,15:45,60107,682,4767
07-02-2020,15:45,60108,343,3517
07-02-2020,15:45,60109,11,334
07-02-2020,15:45,60110,758,3642
07-02-2020,15:45,60112,29,380
07-02-2020,15:45,60115,303,4353
07-02-2020,15:45,60118,90,1222
07-02-2020,15:45,60119,39,790
07-02-2020,15:45,60120,1410,6424
07-02-2020,15:45,60123,956,6164
07-02-2020,15:45,60124,142,1856
07-02-2020,15:45,60126,330,4923
07-02-2020,15:45,60130,169,3200
07-02-2020,15:45,60131,367,2360
07-02-2020,15:45,60133,781,4817
07-02-2020,15:45,60134,188,2443
07-02-2020,15:45,60135,47,617
07-02-2020,15:45,60136,65,593
07-02-2020,15:45,60137,171,3280
07-02-2020,15:45,60139,668,4250
07-02-2020,15:45,60140,105,1393
07-02-2020,15:45,60141,26,848
07-02-2020,15:45,60142,118,2260
07-02-2020,15:45,60143,202,1524
07-02-2020,15:45,60145,7,145
07-02-2020,15:45,60146,9,219
07-02-2020,15:45,60148,407,5084
07-02-2020,15:45,60151,19,290
07-02-2020,15:45,60152,85,920
07-02-2020,15:45,60153,534,3376
07-02-2020,15:45,60154,218,2433
07-02-2020,15:45,60155,182,1085
07-02-2020,15:45,60156,166,1969
07-02-2020,15:45,60157,12,204
07-02-2020,15:45,60160,778,3951
07-02-2020,15:45,60162,175,1684
07-02-2020,15:45,60163,101,691
07-02-2020,15:45,60164,546,4479
07-02-2020,15:45,60165,186,714
07-02-2020,15:45,60169,420,3470
07-02-2020,15:45,60171,135,1204
07-02-2020,15:45,60172,244,2359
07-02-2020,15:45,60173,111,1002
07-02-2020,15:45,60174,204,3059
07-02-2020,15:45,60175,114,1801
07-02-2020,15:45,60176,174,1155
07-02-2020,15:45,60177,292,2264
07-02-2020,15:45,60178,71,1678
07-02-2020,15:45,60181,291,2801
07-02-2020,15:45,60184,8,174
07-02-2020,15:45,60185,773,4415
07-02-2020,15:45,60187,157,3112
07-02-2020,15:45,60188,518,4421
07-02-2020,15:45,60189,122,2562
07-02-2020,15:45,60190,58,1310
07-02-2020,15:45,60191,230,1558
07-02-2020,15:45,60192,70,1094
07-02-2020,15:45,60193,286,4204
07-02-2020,15:45,60194,182,2666
07-02-2020,15:45,60195,21,321
07-02-2020,15:45,60201,343,5256
07-02-2020,15:45,60202,460,4175
07-02-2020,15:45,60203,35,564
07-02-2020,15:45,60301,31,386
07-02-2020,15:45,60302,233,4156
07-02-2020,15:45,60304,87,1727
07-02-2020,15:45,60305,60,1044
07-02-2020,15:45,60401,44,1036
07-02-2020,15:45,60402,1479,9361
07-02-2020,15:45,60403,237,2362
07-02-2020,15:45,60404,128,2114
07-02-2020,15:45,60406,541,3924
07-02-2020,15:45,60408,26,642
07-02-2020,15:45,60409,645,5711
07-02-2020,15:45,60410,55,1081
07-02-2020,15:45,60411,991,8760
07-02-2020,15:45,60415,218,2013
07-02-2020,15:45,60416,20,557
07-02-2020,15:45,60417,177,2068
07-02-2020,15:45,60418,121,783
07-02-2020,15:45,60419,425,3959
07-02-2020,15:45,60420,11,339
07-02-2020,15:45,60421,14,279
07-02-2020,15:45,60422,91,1319
07-02-2020,15:45,60423,172,2707
07-02-2020,15:45,60424,6,131
07-02-2020,15:45,60425,182,1884
07-02-2020,15:45,60426,513,4401
07-02-2020,15:45,60428,228,1943
07-02-2020,15:45,60429,243,2863
07-02-2020,15:45,60430,293,2803
07-02-2020,15:45,60431,244,3300
07-02-2020,15:45,60432,483,2831
07-02-2020,15:45,60433,331,2850
07-02-2020,15:45,60434,167,318
07-02-2020,15:45,60435,741,7515
07-02-2020,15:45,60436,267,2612
07-02-2020,15:45,60438,425,3566
07-02-2020,15:45,60439,114,1926
07-02-2020,15:45,60440,929,8357
07-02-2020,15:45,60441,231,2685
07-02-2020,15:45,60442,49,718
07-02-2020,15:45,60443,392,3421
07-02-2020,15:45,60445,174,2209
07-02-2020,15:45,60446,572,5256
07-02-2020,15:45,60447,61,1134
07-02-2020,15:45,60448,171,1887
07-02-2020,15:45,60449,83,1047
07-02-2020,15:45,60450,69,1565
07-02-2020,15:45,60451,141,2484
07-02-2020,15:45,60452,255,2750
07-02-2020,15:45,60453,848,7113
07-02-2020,15:45,60455,349,2160
07-02-2020,15:45,60456,56,478
07-02-2020,15:45,60457,146,1393
07-02-2020,15:45,60458,158,1509
07-02-2020,15:45,60459,458,3529
07-02-2020,15:45,60461,65,780
07-02-2020,15:45,60462,381,3906
07-02-2020,15:45,60463,256,1612
07-02-2020,15:45,60464,60,912
07-02-2020,15:45,60465,279,1678
07-02-2020,15:45,60466,507,3901
07-02-2020,15:45,60467,197,2243
07-02-2020,15:45,60468,40,518
07-02-2020,15:45,60469,91,784
07-02-2020,15:45,60471,228,2052
07-02-2020,15:45,60472,73,817
07-02-2020,15:45,60473,446,4318
07-02-2020,15:45,60475,92,1075
07-02-2020,15:45,60476,27,313
07-02-2020,15:45,60477,272,3562
07-02-2020,15:45,60478,351,3206
07-02-2020,15:45,60480,40,615
07-02-2020,15:45,60481,33,1153
07-02-2020,15:45,60482,109,961
07-02-2020,15:45,60484,125,931
07-02-2020,15:45,60487,170,2089
07-02-2020,15:45,60490,153,2353
07-02-2020,15:45,60491,162,1568
07-02-2020,15:45,60501,311,1616
07-02-2020,15:45,60502,106,1821
07-02-2020,15:45,60503,68,1262
07-02-2020,15:45,60504,371,3797
07-02-2020,15:45,60505,2054,10539
07-02-2020,15:45,60506,1176,8499
07-02-2020,15:45,60510,130,2895
07-02-2020,15:45,60513,175,2625
07-02-2020,15:45,60514,53,969
07-02-2020,15:45,60515,117,2188
07-02-2020,15:45,60516,148,2628
07-02-2020,15:45,60517,252,3372
07-02-2020,15:45,60520,10,219
07-02-2020,15:45,60521,196,1985
07-02-2020,15:45,60523,112,1249
07-02-2020,15:45,60525,319,4676
07-02-2020,15:45,60526,91,2821
07-02-2020,15:45,60527,267,3975
07-02-2020,15:45,60532,146,2799
07-02-2020,15:45,60534,192,1443
07-02-2020,15:45,60538,337,3030
07-02-2020,15:45,60540,157,3720
07-02-2020,15:45,60541,11,201
07-02-2020,15:45,60542,206,2144
07-02-2020,15:45,60543,305,3597
07-02-2020,15:45,60544,193,3220
07-02-2020,15:45,60545,157,1514
07-02-2020,15:45,60546,175,3152
07-02-2020,15:45,60548,103,1506
07-02-2020,15:45,60551,29,259
07-02-2020,15:45,60552,10,328
07-02-2020,15:45,60554,52,1019
07-02-2020,15:45,60555,142,1418
07-02-2020,15:45,60558,58,1245
07-02-2020,15:45,60559,350,2833
07-02-2020,15:45,60560,125,2044
07-02-2020,15:45,60561,140,2364
07-02-2020,15:45,60563,195,3896
07-02-2020,15:45,60564,199,3384
07-02-2020,15:45,60565,206,3224
07-02-2020,15:45,60585,120,2032
07-02-2020,15:45,60586,411,4930
07-02-2020,15:45,60601,84,1380
07-02-2020,15:45,60602,16,282
07-02-2020,15:45,60603,8,143
07-02-2020,15:45,60604,24,204
07-02-2020,15:45,60605,221,3282
07-02-2020,15:45,60606,37,1097
07-02-2020,15:45,60607,487,3570
07-02-2020,15:45,60608,1847,10795
07-02-2020,15:45,60609,1870,9611
07-02-2020,15:45,60610,302,4709
07-02-2020,15:45,60611,188,4764
07-02-2020,15:45,60612,728,6188
07-02-2020,15:45,60613,425,5236
07-02-2020,15:45,60614,563,7667
07-02-2020,15:45,60615,420,5671
07-02-2020,15:45,60616,496,7202
07-02-2020,15:45,60617,1234,11662
07-02-2020,15:45,60618,1447,11877
07-02-2020,15:45,60619,991,11306
07-02-2020,15:45,60620,1182,10670
07-02-2020,15:45,60621,577,4584
07-02-2020,15:45,60622,702,7172
07-02-2020,15:45,60623,3525,13216
07-02-2020,15:45,60624,928,5578
07-02-2020,15:45,60625,1531,10594
07-02-2020,15:45,60626,1126,9587
07-02-2020,15:45,60628,1181,9599
07-02-2020,15:45,60629,3511,15614
07-02-2020,15:45,60630,872,6900
07-02-2020,15:45,60631,351,4881
07-02-2020,15:45,60632,3286,12658
07-02-2020,15:45,60633,296,2401
07-02-2020,15:45,60634,1577,12322
07-02-2020,15:45,60636,792,4770
07-02-2020,15:45,60637,665,7669
07-02-2020,15:45,60638,1180,7922
07-02-2020,15:45,60639,3525,16097
07-02-2020,15:45,60640,874,9810
07-02-2020,15:45,60641,1613,11205
07-02-2020,15:45,60642,206,2616
07-02-2020,15:45,60643,767,8158
07-02-2020,15:45,60644,1313,8315
07-02-2020,15:45,60645,1134,7292
07-02-2020,15:45,60646,399,4055
07-02-2020,15:45,60647,1478,11632
07-02-2020,15:45,60649,862,8109
07-02-2020,15:45,60651,1842,9606
07-02-2020,15:45,60652,1013,6041
07-02-2020,15:45,60653,573,6537
07-02-2020,15:45,60654,169,2094
07-02-2020,15:45,60655,285,4290
07-02-2020,15:45,60656,309,3601
07-02-2020,15:45,60657,385,7067
07-02-2020,15:45,60659,822,4912
07-02-2020,15:45,60660,483,5011
07-02-2020,15:45,60661,53,911
07-02-2020,15:45,60680,6,120
07-02-2020,15:45,60706,457,4215
07-02-2020,15:45,60707,824,6427
07-02-2020,15:45,60712,188,1908
07-02-2020,15:45,60714,913,5792
07-02-2020,15:45,60803,278,2414
07-02-2020,15:45,60804,3039,12912
07-02-2020,15:45,60805,243,2255
07-02-2020,15:45,60827,390,3346
07-02-2020,15:45,60901,706,5993
07-02-2020,15:45,60911,11,140
07-02-2020,15:45,60912,6,63
07-02-2020,15:45,60913,7,119
07-02-2020,15:45,60914,230,3698
07-02-2020,15:45,60915,88,1635
07-02-2020,15:45,60919,6,45
07-02-2020,15:45,60922,16,284
07-02-2020,15:45,60927,52,506
07-02-2020,15:45,60928,7,61
07-02-2020,15:45,60930,6,62
07-02-2020,15:45,60936,7,451
07-02-2020,15:45,60938,7,186
07-02-2020,15:45,60940,15,309
07-02-2020,15:45,60941,7,176
07-02-2020,15:45,60942,7,640
07-02-2020,15:45,60950,111,2129
07-02-2020,15:45,60954,46,1096
07-02-2020,15:45,60955,16,163
07-02-2020,15:45,60957,12,501
07-02-2020,15:45,60958,25,279
07-02-2020,15:45,60964,40,584
07-02-2020,15:45,60970,19,664
07-02-2020,15:45,61008,480,3917
07-02-2020,15:45,61010,29,594
07-02-2020,15:45,61011,11,182
07-02-2020,15:45,61012,24,180
07-02-2020,15:45,61016,48,488
07-02-2020,15:45,61019,8,220
07-02-2020,15:45,61020,18,248
07-02-2020,15:45,61021,92,1666
07-02-2020,15:45,61024,8,253
07-02-2020,15:45,61025,6,242
07-02-2020,15:45,61032,239,3884
07-02-2020,15:45,61036,16,769
07-02-2020,15:45,61041,6,75
07-02-2020,15:45,61048,6,223
07-02-2020,15:45,61054,9,274
07-02-2020,15:45,61061,13,494
07-02-2020,15:45,61063,10,298
07-02-2020,15:45,61064,10,180
07-02-2020,15:45,61065,71,890
07-02-2020,15:45,61068,155,1551
07-02-2020,15:45,61071,44,566
07-02-2020,15:45,61072,38,776
07-02-2020,15:45,61073,81,1464
07-02-2020,15:45,61080,58,681
07-02-2020,15:45,61081,93,1086
07-02-2020,15:45,61084,11,155
07-02-2020,15:45,61085,8,198
07-02-2020,15:45,61088,12,436
07-02-2020,15:45,61101,346,3063
07-02-2020,15:45,61102,298,2511
07-02-2020,15:45,61103,329,3673
07-02-2020,15:45,61104,342,2247
07-02-2020,15:45,61107,293,3783
07-02-2020,15:45,61108,456,3915
07-02-2020,15:45,61109,312,3108
07-02-2020,15:45,61111,118,2353
07-02-2020,15:45,61114,120,1918
07-02-2020,15:45,61115,147,2078
07-02-2020,15:45,61201,265,3696
07-02-2020,15:45,61235,8,132
07-02-2020,15:45,61238,8,223
07-02-2020,15:45,61239,8,103
07-02-2020,15:45,61240,15,512
07-02-2020,15:45,61241,19,588
07-02-2020,15:45,61244,273,3081
07-02-2020,15:45,61252,26,302
07-02-2020,15:45,61254,18,920
07-02-2020,15:45,61256,6,148
07-02-2020,15:45,61264,32,890
07-02-2020,15:45,61265,281,4368
07-02-2020,15:45,61270,10,384
07-02-2020,15:45,61273,6,212
07-02-2020,15:45,61275,13,280
07-02-2020,15:45,61282,58,984
07-02-2020,15:45,61284,6,161
07-02-2020,15:45,61301,6,835
07-02-2020,15:45,61314,6,49
07-02-2020,15:45,61341,46,921
07-02-2020,15:45,61342,21,435
07-02-2020,15:45,61350,36,2020
07-02-2020,15:45,61354,6,628
07-02-2020,15:45,61356,10,884
07-02-2020,15:45,61360,8,148
07-02-2020,15:45,61364,7,1295
07-02-2020,15:45,61401,117,2325
07-02-2020,15:45,61410,8,144
07-02-2020,15:45,61443,19,669
07-02-2020,15:45,61455,86,1402
07-02-2020,15:45,61462,118,838
07-02-2020,15:45,61469,7,144
07-02-2020,15:45,61525,20,758
07-02-2020,15:45,61547,8,279
07-02-2020,15:45,61548,13,793
07-02-2020,15:45,61550,21,1709
07-02-2020,15:45,61554,41,3788
07-02-2020,15:45,61568,6,265
07-02-2020,15:45,61571,29,2089
07-02-2020,15:45,61602,7,197
07-02-2020,15:45,61603,100,1980
07-02-2020,15:45,61604,82,3371
07-02-2020,15:45,61605,72,1625
07-02-2020,15:45,61606,10,462
07-02-2020,15:45,61607,9,848
07-02-2020,15:45,61610,8,416
07-02-2020,15:45,61611,28,2152
07-02-2020,15:45,61614,135,3321
07-02-2020,15:45,61615,39,2675
07-02-2020,15:45,61616,8,972
07-02-2020,15:45,61701,64,3797
07-02-2020,15:45,61704,83,2813
07-02-2020,15:45,61705,18,1203
07-02-2020,15:45,61726,6,192
07-02-2020,15:45,61729,6,79
07-02-2020,15:45,61739,6,419
07-02-2020,15:45,61761,72,3548
07-02-2020,15:45,61764,21,1024
07-02-2020,15:45,61801,54,3268
07-02-2020,15:45,61802,133,3610
07-02-2020,15:45,61820,140,3542
07-02-2020,15:45,61821,159,5421
07-02-2020,15:45,61822,71,3872
07-02-2020,15:45,61832,38,2518
07-02-2020,15:45,61853,56,2654
07-02-2020,15:45,61856,10,800
07-02-2020,15:45,61863,6,109
07-02-2020,15:45,61866,194,2581
07-02-2020,15:45,61873,13,758
07-02-2020,15:45,61874,38,1796
07-02-2020,15:45,61880,9,546
07-02-2020,15:45,61884,6,148
07-02-2020,15:45,61910,19,408
07-02-2020,15:45,61911,10,215
07-02-2020,15:45,61920,105,2399
07-02-2020,15:45,61938,50,2824
07-02-2020,15:45,61944,7,621
07-02-2020,15:45,61951,9,789
07-02-2020,15:45,61953,17,608
07-02-2020,15:45,61956,6,327
07-02-2020,15:45,62002,157,1927
07-02-2020,15:45,62010,42,441
07-02-2020,15:45,62012,13,409
07-02-2020,15:45,62018,12,175
07-02-2020,15:45,62024,14,430
07-02-2020,15:45,62025,129,1770
07-02-2020,15:45,62034,82,1123
07-02-2020,15:45,62035,47,1158
07-02-2020,15:45,62040,168,2776
07-02-2020,15:45,62049,7,972
07-02-2020,15:45,62052,20,898
07-02-2020,15:45,62056,17,931
07-02-2020,15:45,62059,7,52
07-02-2020,15:45,62060,46,427
07-02-2020,15:45,62062,16,1294
07-02-2020,15:45,62069,9,207
07-02-2020,15:45,62088,8,700
07-02-2020,15:45,62090,14,122
07-02-2020,15:45,62095,28,533
07-02-2020,15:45,62201,122,845
07-02-2020,15:45,62203,70,630
07-02-2020,15:45,62204,69,570
07-02-2020,15:45,62205,84,801
07-02-2020,15:45,62206,190,1309
07-02-2020,15:45,62207,114,687
07-02-2020,15:45,62208,111,1199
07-02-2020,15:45,62216,7,233
07-02-2020,15:45,62217,7,57
07-02-2020,15:45,62220,183,1238
07-02-2020,15:45,62221,172,1553
07-02-2020,15:45,62223,77,1086
07-02-2020,15:45,62226,217,1983
07-02-2020,15:45,62230,28,509
07-02-2020,15:45,62231,87,711
07-02-2020,15:45,62232,40,1013
07-02-2020,15:45,62233,102,815
07-02-2020,15:45,62234,181,2206
07-02-2020,15:45,62236,53,447
07-02-2020,15:45,62237,6,397
07-02-2020,15:45,62238,8,55
07-02-2020,15:45,62239,22,208
07-02-2020,15:45,62241,7,75
07-02-2020,15:45,62242,6,63
07-02-2020,15:45,62243,9,223
07-02-2020,15:45,62245,7,96
07-02-2020,15:45,62246,7,597
07-02-2020,15:45,62249,21,831
07-02-2020,15:45,62254,100,584
07-02-2020,15:45,62255,7,54
07-02-2020,15:45,62257,13,192
07-02-2020,15:45,62258,21,776
07-02-2020,15:45,62260,14,236
07-02-2020,15:45,62264,56,172
07-02-2020,15:45,62265,44,822
07-02-2020,15:45,62269,106,1567
07-02-2020,15:45,62272,50,197
07-02-2020,15:45,62274,11,436
07-02-2020,15:45,62278,15,325
07-02-2020,15:45,62285,21,214
07-02-2020,15:45,62286,51,524
07-02-2020,15:45,62288,33,309
07-02-2020,15:45,62293,9,326
07-02-2020,15:45,62294,31,718
07-02-2020,15:45,62295,13,81
07-02-2020,15:45,62298,64,1252
07-02-2020,15:45,62301,40,4230
07-02-2020,15:45,62305,43,710
07-02-2020,15:45,62353,7,426
07-02-2020,15:45,62427,6,85
07-02-2020,15:45,62428,9,251
07-02-2020,15:45,62439,6,492
07-02-2020,15:45,62441,10,387
07-02-2020,15:45,62448,37,689
07-02-2020,15:45,62454,10,519
07-02-2020,15:45,62471,17,720
07-02-2020,15:45,62474,6,72
07-02-2020,15:45,62521,116,2706
07-02-2020,15:45,62522,41,844
07-02-2020,15:45,62526,59,2108
07-02-2020,15:45,62560,7,141
07-02-2020,15:45,62561,6,574
07-02-2020,15:45,62563,7,648
07-02-2020,15:45,62565,14,1025
07-02-2020,15:45,62568,34,1139
07-02-2020,15:45,62613,6,381
07-02-2020,15:45,62615,8,677
07-02-2020,15:45,62618,76,1073
07-02-2020,15:45,62629,17,1601
07-02-2020,15:45,62650,109,3191
07-02-2020,15:45,62656,13,2264
07-02-2020,15:45,62664,11,352
07-02-2020,15:45,62675,12,766
07-02-2020,15:45,62677,6,311
07-02-2020,15:45,62681,12,460
07-02-2020,15:45,62684,71,940
07-02-2020,15:45,62691,47,328
07-02-2020,15:45,62692,9,243
07-02-2020,15:45,62702,88,5879
07-02-2020,15:45,62703,75,4289
07-02-2020,15:45,62704,66,5006
07-02-2020,15:45,62707,20,1400
07-02-2020,15:45,62711,38,2442
07-02-2020,15:45,62712,9,1225
07-02-2020,15:45,62801,68,2246
07-02-2020,15:45,62808,6,98
07-02-2020,15:45,62812,14,649
07-02-2020,15:45,62832,20,857
07-02-2020,15:45,62837,8,695
07-02-2020,15:45,62863,21,515
07-02-2020,15:45,62864,86,1843
07-02-2020,15:45,62881,7,695
07-02-2020,15:45,62882,14,230
07-02-2020,15:45,62896,7,870
07-02-2020,15:45,62901,172,2736
07-02-2020,15:45,62902,20,409
07-02-2020,15:45,62905,6,96
07-02-2020,15:45,62906,90,1130
07-02-2020,15:45,62907,20,163
07-02-2020,15:45,62912,9,96
07-02-2020,15:45,62914,10,296
07-02-2020,15:45,62918,18,909
07-02-2020,15:45,62920,71,473
07-02-2020,15:45,62939,10,235
07-02-2020,15:45,62946,7,652
07-02-2020,15:45,62948,28,1113
07-02-2020,15:45,62951,11,374
07-02-2020,15:45,62952,13,286
07-02-2020,15:45,62959,51,2854
07-02-2020,15:45,62960,8,800
07-02-2020,15:45,62966,104,1541
07-02-2020,15:45,62992,59,235
07-01-2020,15:45,60002,118,1569
07-01-2020,15:45,60004,371,7732
07-01-2020,15:45,60005,218,3683
07-01-2020,15:45,60007,373,3316
07-01-2020,15:45,60008,353,3914
07-01-2020,15:45,60010,166,3211
07-01-2020,15:45,60012,88,764
07-01-2020,15:45,60013,116,1469
07-01-2020,15:45,60014,313,3616
07-01-2020,15:45,60015,192,2597
07-01-2020,15:45,60016,1127,7726
07-01-2020,15:45,60018,683,4481
07-01-2020,15:45,60020,42,954
07-01-2020,15:45,60021,22,324
07-01-2020,15:45,60022,31,690
07-01-2020,15:45,60025,387,4463
07-01-2020,15:45,60026,157,2306
07-01-2020,15:45,60029,8,83
07-01-2020,15:45,60030,202,3187
07-01-2020,15:45,60031,369,4032
07-01-2020,15:45,60033,230,1399
07-01-2020,15:45,60035,286,3924
07-01-2020,15:45,60040,178,822
07-01-2020,15:45,60041,53,770
07-01-2020,15:45,60042,46,570
07-01-2020,15:45,60043,19,262
07-01-2020,15:45,60044,106,1251
07-01-2020,15:45,60045,131,2236
07-01-2020,15:45,60046,221,2666
07-01-2020,15:45,60047,449,4204
07-01-2020,15:45,60048,165,2330
07-01-2020,15:45,60050,240,2691
07-01-2020,15:45,60051,132,1804
07-01-2020,15:45,60053,324,2670
07-01-2020,15:45,60056,668,5535
07-01-2020,15:45,60060,461,3187
07-01-2020,15:45,60061,183,2405
07-01-2020,15:45,60062,348,5099
07-01-2020,15:45,60064,665,2193
07-01-2020,15:45,60067,249,4647
07-01-2020,15:45,60068,335,3892
07-01-2020,15:45,60069,94,1782
07-01-2020,15:45,60070,272,1863
07-01-2020,15:45,60071,15,248
07-01-2020,15:45,60073,1108,7157
07-01-2020,15:45,60074,478,3724
07-01-2020,15:45,60076,534,4912
07-01-2020,15:45,60077,430,3687
07-01-2020,15:45,60079,12,93
07-01-2020,15:45,60081,43,605
07-01-2020,15:45,60083,104,1050
07-01-2020,15:45,60084,192,1372
07-01-2020,15:45,60085,2463,11140
07-01-2020,15:45,60087,687,4107
07-01-2020,15:45,60088,140,581
07-01-2020,15:45,60089,325,3666
07-01-2020,15:45,60090,831,4771
07-01-2020,15:45,60091,170,2365
07-01-2020,15:45,60093,188,2084
07-01-2020,15:45,60096,41,495
07-01-2020,15:45,60097,44,762
07-01-2020,15:45,60098,351,3500
07-01-2020,15:45,60099,592,3899
07-01-2020,15:45,60101,833,4673
07-01-2020,15:45,60102,183,2304
07-01-2020,15:45,60103,310,3759
07-01-2020,15:45,60104,439,2976
07-01-2020,15:45,60106,529,3251
07-01-2020,15:45,60107,682,4714
07-01-2020,15:45,60108,341,3448
07-01-2020,15:45,60109,11,334
07-01-2020,15:45,60110,756,3618
07-01-2020,15:45,60112,29,376
07-01-2020,15:45,60115,301,4122
07-01-2020,15:45,60118,88,1204
07-01-2020,15:45,60119,39,774
07-01-2020,15:45,60120,1405,6343
07-01-2020,15:45,60123,953,6090
07-01-2020,15:45,60124,141,1819
07-01-2020,15:45,60126,311,4715
07-01-2020,15:45,60130,169,3055
07-01-2020,15:45,60131,364,2344
07-01-2020,15:45,60133,780,4780
07-01-2020,15:45,60134,187,2392
07-01-2020,15:45,60135,47,592
07-01-2020,15:45,60136,64,587
07-01-2020,15:45,60137,168,3208
07-01-2020,15:45,60139,665,4178
07-01-2020,15:45,60140,104,1377
07-01-2020,15:45,60141,26,820
07-01-2020,15:45,60142,117,2223
07-01-2020,15:45,60143,201,1505
07-01-2020,15:45,60145,7,143
07-01-2020,15:45,60146,9,210
07-01-2020,15:45,60148,405,4980
07-01-2020,15:45,60151,19,287
07-01-2020,15:45,60152,85,911
07-01-2020,15:45,60153,531,3336
07-01-2020,15:45,60154,216,2390
07-01-2020,15:45,60155,181,1068
07-01-2020,15:45,60156,166,1938
07-01-2020,15:45,60157,12,198
07-01-2020,15:45,60160,777,3908
07-01-2020,15:45,60162,173,1597
07-01-2020,15:45,60163,100,682
07-01-2020,15:45,60164,544,4440
07-01-2020,15:45,60165,185,708
07-01-2020,15:45,60169,417,3422
07-01-2020,15:45,60171,133,1192
07-01-2020,15:45,60172,245,2323
07-01-2020,15:45,60173,111,980
07-01-2020,15:45,60174,200,2996
07-01-2020,15:45,60175,112,1761
07-01-2020,15:45,60176,169,1138
07-01-2020,15:45,60177,289,2166
07-01-2020,15:45,60178,70,1630
07-01-2020,15:45,60181,285,2753
07-01-2020,15:45,60184,8,167
07-01-2020,15:45,60185,770,4363
07-01-2020,15:45,60187,158,3061
07-01-2020,15:45,60188,516,4356
07-01-2020,15:45,60189,122,2518
07-01-2020,15:45,60190,58,1289
07-01-2020,15:45,60191,228,1535
07-01-2020,15:45,60192,70,1071
07-01-2020,15:45,60193,284,4139
07-01-2020,15:45,60194,179,2629
07-01-2020,15:45,60195,21,315
07-01-2020,15:45,60201,341,5175
07-01-2020,15:45,60202,458,4134
07-01-2020,15:45,60203,35,551
07-01-2020,15:45,60301,30,379
07-01-2020,15:45,60302,230,4076
07-01-2020,15:45,60304,86,1687
07-01-2020,15:45,60305,60,1011
07-01-2020,15:45,60401,43,1025
07-01-2020,15:45,60402,1472,9239
07-01-2020,15:45,60403,238,2334
07-01-2020,15:45,60404,126,2077
07-01-2020,15:45,60406,540,3881
07-01-2020,15:45,60408,25,634
07-01-2020,15:45,60409,645,5614
07-01-2020,15:45,60410,54,1066
07-01-2020,15:45,60411,988,8595
07-01-2020,15:45,60415,216,1987
07-01-2020,15:45,60416,20,544
07-01-2020,15:45,60417,177,2022
07-01-2020,15:45,60418,120,769
07-01-2020,15:45,60419,424,3912
07-01-2020,15:45,60420,11,332
07-01-2020,15:45,60421,14,275
07-01-2020,15:45,60422,91,1297
07-01-2020,15:45,60423,166,2641
07-01-2020,15:45,60424,6,129
07-01-2020,15:45,60425,181,1848
07-01-2020,15:45,60426,511,4305
07-01-2020,15:45,60428,227,1915
07-01-2020,15:45,60429,242,2819
07-01-2020,15:45,60430,291,2754
07-01-2020,15:45,60431,240,3247
07-01-2020,15:45,60432,481,2803
07-01-2020,15:45,60433,330,2833
07-01-2020,15:45,60434,167,315
07-01-2020,15:45,60435,733,7421
07-01-2020,15:45,60436,267,2587
07-01-2020,15:45,60438,422,3505
07-01-2020,15:45,60439,114,1895
07-01-2020,15:45,60440,925,8222
07-01-2020,15:45,60441,231,2642
07-01-2020,15:45,60442,49,704
07-01-2020,15:45,60443,391,3330
07-01-2020,15:45,60445,173,2169
07-01-2020,15:45,60446,571,5163
07-01-2020,15:45,60447,60,1114
07-01-2020,15:45,60448,168,1848
07-01-2020,15:45,60449,82,1031
07-01-2020,15:45,60450,69,1519
07-01-2020,15:45,60451,140,2437
07-01-2020,15:45,60452,254,2696
07-01-2020,15:45,60453,839,7019
07-01-2020,15:45,60455,347,2114
07-01-2020,15:45,60456,56,474
07-01-2020,15:45,60457,143,1365
07-01-2020,15:45,60458,157,1478
07-01-2020,15:45,60459,458,3473
07-01-2020,15:45,60461,65,765
07-01-2020,15:45,60462,379,3808
07-01-2020,15:45,60463,255,1580
07-01-2020,15:45,60464,59,892
07-01-2020,15:45,60465,278,1655
07-01-2020,15:45,60466,506,3845
07-01-2020,15:45,60467,197,2141
07-01-2020,15:45,60468,38,505
07-01-2020,15:45,60469,91,776
07-01-2020,15:45,60471,228,1978
07-01-2020,15:45,60472,72,799
07-01-2020,15:45,60473,443,4263
07-01-2020,15:45,60475,92,1057
07-01-2020,15:45,60476,27,307
07-01-2020,15:45,60477,269,3474
07-01-2020,15:45,60478,351,3164
07-01-2020,15:45,60480,40,600
07-01-2020,15:45,60481,33,1132
07-01-2020,15:45,60482,109,943
07-01-2020,15:45,60484,125,920
07-01-2020,15:45,60487,167,2044
07-01-2020,15:45,60490,153,2296
07-01-2020,15:45,60491,162,1525
07-01-2020,15:45,60501,307,1580
07-01-2020,15:45,60502,106,1770
07-01-2020,15:45,60503,68,1234
07-01-2020,15:45,60504,372,3714
07-01-2020,15:45,60505,2052,10363
07-01-2020,15:45,60506,1173,8407
07-01-2020,15:45,60510,129,2794
07-01-2020,15:45,60513,174,2588
07-01-2020,15:45,60514,52,945
07-01-2020,15:45,60515,114,2124
07-01-2020,15:45,60516,148,2572
07-01-2020,15:45,60517,248,3305
07-01-2020,15:45,60520,10,215
07-01-2020,15:45,60521,194,1899
07-01-2020,15:45,60523,112,1206
07-01-2020,15:45,60525,319,4558
07-01-2020,15:45,60526,91,2778
07-01-2020,15:45,60527,265,3793
07-01-2020,15:45,60532,144,2744
07-01-2020,15:45,60534,191,1415
07-01-2020,15:45,60538,333,2963
07-01-2020,15:45,60540,155,3634
07-01-2020,15:45,60541,11,199
07-01-2020,15:45,60542,207,2100
07-01-2020,15:45,60543,302,3531
07-01-2020,15:45,60544,192,3169
07-01-2020,15:45,60545,157,1495
07-01-2020,15:45,60546,175,3115
07-01-2020,15:45,60548,103,1483
07-01-2020,15:45,60551,29,251
07-01-2020,15:45,60552,10,322
07-01-2020,15:45,60554,51,993
07-01-2020,15:45,60555,142,1394
07-01-2020,15:45,60558,56,1204
07-01-2020,15:45,60559,348,2780
07-01-2020,15:45,60560,122,1993
07-01-2020,15:45,60561,139,2306
07-01-2020,15:45,60563,196,3728
07-01-2020,15:45,60564,197,3278
07-01-2020,15:45,60565,206,3144
07-01-2020,15:45,60585,118,1993
07-01-2020,15:45,60586,405,4835
07-01-2020,15:45,60601,82,1354
07-01-2020,15:45,60602,15,280
07-01-2020,15:45,60603,8,140
07-01-2020,15:45,60604,24,201
07-01-2020,15:45,60605,220,3222
07-01-2020,15:45,60606,39,1085
07-01-2020,15:45,60607,480,3504
07-01-2020,15:45,60608,1839,10626
07-01-2020,15:45,60609,1864,9491
07-01-2020,15:45,60610,296,4599
07-01-2020,15:45,60611,183,4655
07-01-2020,15:45,60612,729,6111
07-01-2020,15:45,60613,418,5117
07-01-2020,15:45,60614,554,7522
07-01-2020,15:45,60615,419,5581
07-01-2020,15:45,60616,494,7063
07-01-2020,15:45,60617,1229,11481
07-01-2020,15:45,60618,1434,11596
07-01-2020,15:45,60619,990,11154
07-01-2020,15:45,60620,1178,10541
07-01-2020,15:45,60621,578,4529
07-01-2020,15:45,60622,696,6970
07-01-2020,15:45,60623,3515,13036
07-01-2020,15:45,60624,916,5509
07-01-2020,15:45,60625,1522,10438
07-01-2020,15:45,60626,1122,9304
07-01-2020,15:45,60628,1174,9481
07-01-2020,15:45,60629,3502,15487
07-01-2020,15:45,60630,867,6803
07-01-2020,15:45,60631,348,4812
07-01-2020,15:45,60632,3284,12531
07-01-2020,15:45,60633,295,2386
07-01-2020,15:45,60634,1566,12233
07-01-2020,15:45,60636,789,4695
07-01-2020,15:45,60637,665,7551
07-01-2020,15:45,60638,1173,7827
07-01-2020,15:45,60639,3505,15896
07-01-2020,15:45,60640,862,9644
07-01-2020,15:45,60641,1602,11006
07-01-2020,15:45,60642,199,2526
07-01-2020,15:45,60643,766,7948
07-01-2020,15:45,60644,1312,8222
07-01-2020,15:45,60645,1133,7165
07-01-2020,15:45,60646,398,4012
07-01-2020,15:45,60647,1466,11420
07-01-2020,15:45,60649,862,7972
07-01-2020,15:45,60651,1839,9502
07-01-2020,15:45,60652,1007,5990
07-01-2020,15:45,60653,570,6441
07-01-2020,15:45,60654,165,2042
07-01-2020,15:45,60655,284,4252
07-01-2020,15:45,60656,308,3558
07-01-2020,15:45,60657,380,6906
07-01-2020,15:45,60659,813,4793
07-01-2020,15:45,60660,482,4937
07-01-2020,15:45,60661,51,881
07-01-2020,15:45,60680,6,119
07-01-2020,15:45,60706,455,4181
07-01-2020,15:45,60707,818,6362
07-01-2020,15:45,60712,186,1808
07-01-2020,15:45,60714,910,5708
07-01-2020,15:45,60803,276,2385
07-01-2020,15:45,60804,3033,12808
07-01-2020,15:45,60805,241,2222
07-01-2020,15:45,60827,389,3307
07-01-2020,15:45,60901,697,5836
07-01-2020,15:45,60911,11,139
07-01-2020,15:45,60912,6,62
07-01-2020,15:45,60913,7,115
07-01-2020,15:45,60914,229,3612
07-01-2020,15:45,60915,87,1594
07-01-2020,15:45,60919,6,44
07-01-2020,15:45,60922,15,280
07-01-2020,15:45,60927,52,493
07-01-2020,15:45,60928,7,61
07-01-2020,15:45,60930,6,61
07-01-2020,15:45,60936,6,440
07-01-2020,15:45,60938,7,180
07-01-2020,15:45,60940,13,300
07-01-2020,15:45,60941,7,172
07-01-2020,15:45,60942,7,623
07-01-2020,15:45,60950,111,1941
07-01-2020,15:45,60954,46,1074
07-01-2020,15:45,60955,15,159
07-01-2020,15:45,60957,12,489
07-01-2020,15:45,60958,25,270
07-01-2020,15:45,60964,40,572
07-01-2020,15:45,60970,18,649
07-01-2020,15:45,61008,481,3895
07-01-2020,15:45,61010,28,584
07-01-2020,15:45,61011,11,177
07-01-2020,15:45,61012,24,180
07-01-2020,15:45,61016,48,487
07-01-2020,15:45,61019,8,214
07-01-2020,15:45,61020,17,244
07-01-2020,15:45,61021,91,1586
07-01-2020,15:45,61024,7,251
07-01-2020,15:45,61025,6,239
07-01-2020,15:45,61032,238,3836
07-01-2020,15:45,61036,15,758
07-01-2020,15:45,61041,6,73
07-01-2020,15:45,61048,6,220
07-01-2020,15:45,61054,8,271
07-01-2020,15:45,61061,13,488
07-01-2020,15:45,61063,10,297
07-01-2020,15:45,61064,10,180
07-01-2020,15:45,61065,71,878
07-01-2020,15:45,61068,154,1534
07-01-2020,15:45,61071,44,558
07-01-2020,15:45,61072,38,757
07-01-2020,15:45,61073,81,1439
07-01-2020,15:45,61080,58,672
07-01-2020,15:45,61081,93,1078
07-01-2020,15:45,61084,11,152
07-01-2020,15:45,61085,8,194
07-01-2020,15:45,61088,12,429
07-01-2020,15:45,61101,347,3048
07-01-2020,15:45,61102,298,2500
07-01-2020,15:45,61103,329,3657
07-01-2020,15:45,61104,339,2233
07-01-2020,15:45,61107,293,3735
07-01-2020,15:45,61108,455,3888
07-01-2020,15:45,61109,311,3086
07-01-2020,15:45,61111,116,2332
07-01-2020,15:45,61114,120,1900
07-01-2020,15:45,61115,146,2066
07-01-2020,15:45,61201,257,3594
07-01-2020,15:45,61235,8,130
07-01-2020,15:45,61238,8,220
07-01-2020,15:45,61239,8,100
07-01-2020,15:45,61240,15,501
07-01-2020,15:45,61241,19,569
07-01-2020,15:45,61244,271,3029
07-01-2020,15:45,61252,26,258
07-01-2020,15:45,61254,16,903
07-01-2020,15:45,61256,6,144
07-01-2020,15:45,61264,32,862
07-01-2020,15:45,61265,274,4247
07-01-2020,15:45,61270,10,378
07-01-2020,15:45,61273,6,210
07-01-2020,15:45,61275,13,273
07-01-2020,15:45,61282,57,949
07-01-2020,15:45,61284,6,156
07-01-2020,15:45,61301,6,828
07-01-2020,15:45,61314,6,49
07-01-2020,15:45,61341,46,858
07-01-2020,15:45,61342,21,434
07-01-2020,15:45,61350,35,1927
07-01-2020,15:45,61354,6,618
07-01-2020,15:45,61356,10,823
07-01-2020,15:45,61360,8,143
07-01-2020,15:45,61364,7,1203
07-01-2020,15:45,61401,116,2300
07-01-2020,15:45,61410,7,143
07-01-2020,15:45,61443,19,665
07-01-2020,15:45,61455,86,1401
07-01-2020,15:45,61462,118,832
07-01-2020,15:45,61469,7,144
07-01-2020,15:45,61525,19,735
07-01-2020,15:45,61547,8,274
07-01-2020,15:45,61548,13,767
07-01-2020,15:45,61550,19,1664
07-01-2020,15:45,61554,40,3714
07-01-2020,15:45,61568,6,260
07-01-2020,15:45,61571,28,2052
07-01-2020,15:45,61602,7,195
07-01-2020,15:45,61603,99,1942
07-01-2020,15:45,61604,79,3311
07-01-2020,15:45,61605,71,1602
07-01-2020,15:45,61606,10,450
07-01-2020,15:45,61607,8,831
07-01-2020,15:45,61610,8,411
07-01-2020,15:45,61611,28,2110
07-01-2020,15:45,61614,134,3204
07-01-2020,15:45,61615,39,2618
07-01-2020,15:45,61616,8,956
07-01-2020,15:45,61701,63,3656
07-01-2020,15:45,61704,82,2745
07-01-2020,15:45,61705,18,1182
07-01-2020,15:45,61726,6,189
07-01-2020,15:45,61729,6,78
07-01-2020,15:45,61739,6,417
07-01-2020,15:45,61761,70,3466
07-01-2020,15:45,61764,20,1011
07-01-2020,15:45,61801,53,3198
07-01-2020,15:45,61802,131,3541
07-01-2020,15:45,61820,139,3468
07-01-2020,15:45,61821,158,5287
07-01-2020,15:45,61822,69,3752
07-01-2020,15:45,61832,37,2327
07-01-2020,15:45,61853,53,2561
07-01-2020,15:45,61856,10,783
07-01-2020,15:45,61866,188,2492
07-01-2020,15:45,61873,11,727
07-01-2020,15:45,61874,37,1756
07-01-2020,15:45,61880,9,522
07-01-2020,15:45,61884,6,143
07-01-2020,15:45,61910,19,402
07-01-2020,15:45,61911,10,210
07-01-2020,15:45,61920,105,2378
07-01-2020,15:45,61938,50,2787
07-01-2020,15:45,61944,7,615
07-01-2020,15:45,61951,9,775
07-01-2020,15:45,61953,16,584
07-01-2020,15:45,61956,6,324
07-01-2020,15:45,62002,154,1886
07-01-2020,15:45,62010,42,429
07-01-2020,15:45,62012,13,396
07-01-2020,15:45,62018,12,174
07-01-2020,15:45,62024,14,423
07-01-2020,15:45,62025,124,1715
07-01-2020,15:45,62034,81,1084
07-01-2020,15:45,62035,46,1145
07-01-2020,15:45,62040,163,2702
07-01-2020,15:45,62049,7,964
07-01-2020,15:45,62052,20,883
07-01-2020,15:45,62056,16,917
07-01-2020,15:45,62059,7,52
07-01-2020,15:45,62060,46,416
07-01-2020,15:45,62062,16,1280
07-01-2020,15:45,62069,9,201
07-01-2020,15:45,62088,8,688
07-01-2020,15:45,62090,14,121
07-01-2020,15:45,62095,28,516
07-01-2020,15:45,62201,122,754
07-01-2020,15:45,62203,69,628
07-01-2020,15:45,62204,69,563
07-01-2020,15:45,62205,83,790
07-01-2020,15:45,62206,189,1293
07-01-2020,15:45,62207,113,682
07-01-2020,15:45,62208,110,1163
07-01-2020,15:45,62216,7,231
07-01-2020,15:45,62217,7,57
07-01-2020,15:45,62220,179,1216
07-01-2020,15:45,62221,170,1490
07-01-2020,15:45,62223,76,1066
07-01-2020,15:45,62226,214,1945
07-01-2020,15:45,62230,28,499
07-01-2020,15:45,62231,87,705
07-01-2020,15:45,62232,39,993
07-01-2020,15:45,62233,102,812
07-01-2020,15:45,62234,179,2143
07-01-2020,15:45,62236,53,443
07-01-2020,15:45,62237,6,397
07-01-2020,15:45,62238,8,55
07-01-2020,15:45,62239,22,207
07-01-2020,15:45,62241,7,74
07-01-2020,15:45,62242,6,63
07-01-2020,15:45,62243,9,220
07-01-2020,15:45,62245,7,96
07-01-2020,15:45,62246,7,579
07-01-2020,15:45,62249,21,769
07-01-2020,15:45,62254,100,573
07-01-2020,15:45,62255,7,53
07-01-2020,15:45,62257,13,190
07-01-2020,15:45,62258,21,744
07-01-2020,15:45,62260,14,234
07-01-2020,15:45,62264,57,172
07-01-2020,15:45,62265,43,818
07-01-2020,15:45,62269,105,1496
07-01-2020,15:45,62272,50,197
07-01-2020,15:45,62274,11,435
07-01-2020,15:45,62278,15,323
07-01-2020,15:45,62285,20,206
07-01-2020,15:45,62286,51,521
07-01-2020,15:45,62288,33,307
07-01-2020,15:45,62293,9,322
07-01-2020,15:45,62294,30,692
07-01-2020,15:45,62295,13,78
07-01-2020,15:45,62298,63,1248
07-01-2020,15:45,62301,35,4180
07-01-2020,15:45,62305,41,689
07-01-2020,15:45,62353,7,421
07-01-2020,15:45,62427,6,85
07-01-2020,15:45,62428,9,247
07-01-2020,15:45,62439,6,490
07-01-2020,15:45,62441,10,381
07-01-2020,15:45,62448,37,685
07-01-2020,15:45,62454,10,510
07-01-2020,15:45,62471,17,712
07-01-2020,15:45,62474,6,70
07-01-2020,15:45,62521,116,2681
07-01-2020,15:45,62522,40,828
07-01-2020,15:45,62526,59,2076
07-01-2020,15:45,62560,7,141
07-01-2020,15:45,62561,6,563
07-01-2020,15:45,62563,7,637
07-01-2020,15:45,62565,14,1020
07-01-2020,15:45,62568,33,1115
07-01-2020,15:45,62613,6,375
07-01-2020,15:45,62615,8,658
07-01-2020,15:45,62618,76,1060
07-01-2020,15:45,62629,16,1568
07-01-2020,15:45,62650,109,3135
07-01-2020,15:45,62656,14,2229
07-01-2020,15:45,62664,11,350
07-01-2020,15:45,62675,13,751
07-01-2020,15:45,62677,7,309
07-01-2020,15:45,62681,12,451
07-01-2020,15:45,62684,71,925
07-01-2020,15:45,62691,44,310
07-01-2020,15:45,62692,9,240
07-01-2020,15:45,62702,86,5808
07-01-2020,15:45,62703,74,4193
07-01-2020,15:45,62704,66,4916
07-01-2020,15:45,62707,20,1381
07-01-2020,15:45,62711,38,2391
07-01-2020,15:45,62712,8,1198
07-01-2020,15:45,62801,68,2234
07-01-2020,15:45,62808,6,98
07-01-2020,15:45,62812,11,640
07-01-2020,15:45,62832,20,659
07-01-2020,15:45,62837,8,695
07-01-2020,15:45,62863,21,511
07-01-2020,15:45,62864,86,1827
07-01-2020,15:45,62881,7,694
07-01-2020,15:45,62882,14,228
07-01-2020,15:45,62901,172,2716
07-01-2020,15:45,62902,21,408
07-01-2020,15:45,62905,6,96
07-01-2020,15:45,62906,89,1121
07-01-2020,15:45,62907,20,162
07-01-2020,15:45,62912,9,96
07-01-2020,15:45,62914,10,294
07-01-2020,15:45,62918,18,894
07-01-2020,15:45,62920,69,469
07-01-2020,15:45,62939,10,231
07-01-2020,15:45,62946,7,650
07-01-2020,15:45,62948,27,1102
07-01-2020,15:45,62951,11,364
07-01-2020,15:45,62952,13,285
07-01-2020,15:45,62959,51,2822
07-01-2020,15:45,62960,8,793
07-01-2020,15:45,62966,104,1521
07-01-2020,15:45,62992,59,235
06-30-2020,14:45,60002,117,1547
06-30-2020,14:45,60004,373,7616
06-30-2020,14:45,60005,215,3608
06-30-2020,14:45,60007,371,3247
06-30-2020,14:45,60008,352,3878
06-30-2020,14:45,60010,164,3115
06-30-2020,14:45,60012,88,753
06-30-2020,14:45,60013,111,1427
06-30-2020,14:45,60014,311,3527
06-30-2020,14:45,60015,191,2553
06-30-2020,14:45,60016,1122,7618
06-30-2020,14:45,60018,680,4414
06-30-2020,14:45,60020,42,936
06-30-2020,14:45,60021,22,317
06-30-2020,14:45,60022,31,677
06-30-2020,14:45,60025,386,4389
06-30-2020,14:45,60026,157,2096
06-30-2020,14:45,60029,8,83
06-30-2020,14:45,60030,201,3118
06-30-2020,14:45,60031,369,3980
06-30-2020,14:45,60033,227,1356
06-30-2020,14:45,60035,283,3825
06-30-2020,14:45,60040,179,812
06-30-2020,14:45,60041,52,757
06-30-2020,14:45,60042,45,562
06-30-2020,14:45,60043,19,254
06-30-2020,14:45,60044,106,1224
06-30-2020,14:45,60045,130,2151
06-30-2020,14:45,60046,217,2610
06-30-2020,14:45,60047,445,4086
06-30-2020,14:45,60048,164,2283
06-30-2020,14:45,60050,238,2600
06-30-2020,14:45,60051,131,1773
06-30-2020,14:45,60053,322,2609
06-30-2020,14:45,60056,667,5420
06-30-2020,14:45,60060,460,3138
06-30-2020,14:45,60061,182,2374
06-30-2020,14:45,60062,346,4968
06-30-2020,14:45,60064,662,2178
06-30-2020,14:45,60067,245,4572
06-30-2020,14:45,60068,332,3752
06-30-2020,14:45,60069,93,1756
06-30-2020,14:45,60070,271,1827
06-30-2020,14:45,60071,15,246
06-30-2020,14:45,60073,1105,7084
06-30-2020,14:45,60074,473,3673
06-30-2020,14:45,60076,534,4778
06-30-2020,14:45,60077,430,3623
06-30-2020,14:45,60079,12,87
06-30-2020,14:45,60081,43,593
06-30-2020,14:45,60083,104,1021
06-30-2020,14:45,60084,193,1343
06-30-2020,14:45,60085,2456,11018
06-30-2020,14:45,60087,686,4078
06-30-2020,14:45,60088,133,576
06-30-2020,14:45,60089,328,3625
06-30-2020,14:45,60090,828,4723
06-30-2020,14:45,60091,169,2321
06-30-2020,14:45,60093,187,2032
06-30-2020,14:45,60096,41,485
06-30-2020,14:45,60097,42,745
06-30-2020,14:45,60098,343,3426
06-30-2020,14:45,60099,591,3855
06-30-2020,14:45,60101,830,4595
06-30-2020,14:45,60102,178,2257
06-30-2020,14:45,60103,308,3687
06-30-2020,14:45,60104,438,2944
06-30-2020,14:45,60106,529,3221
06-30-2020,14:45,60107,679,4638
06-30-2020,14:45,60108,341,3403
06-30-2020,14:45,60109,11,328
06-30-2020,14:45,60110,753,3561
06-30-2020,14:45,60112,29,360
06-30-2020,14:45,60115,299,3864
06-30-2020,14:45,60118,88,1186
06-30-2020,14:45,60119,39,763
06-30-2020,14:45,60120,1394,6280
06-30-2020,14:45,60123,947,6019
06-30-2020,14:45,60124,138,1785
06-30-2020,14:45,60126,303,4593
06-30-2020,14:45,60130,166,2863
06-30-2020,14:45,60131,363,2309
06-30-2020,14:45,60133,779,4716
06-30-2020,14:45,60134,185,2315
06-30-2020,14:45,60135,46,574
06-30-2020,14:45,60136,62,579
06-30-2020,14:45,60137,166,3112
06-30-2020,14:45,60139,659,4104
06-30-2020,14:45,60140,104,1348
06-30-2020,14:45,60141,27,797
06-30-2020,14:45,60142,117,2181
06-30-2020,14:45,60143,201,1486
06-30-2020,14:45,60145,7,138
06-30-2020,14:45,60146,9,199
06-30-2020,14:45,60148,403,4895
06-30-2020,14:45,60151,19,283
06-30-2020,14:45,60152,84,900
06-30-2020,14:45,60153,531,3310
06-30-2020,14:45,60154,215,2355
06-30-2020,14:45,60155,180,1055
06-30-2020,14:45,60156,166,1908
06-30-2020,14:45,60157,12,197
06-30-2020,14:45,60160,777,3873
06-30-2020,14:45,60162,173,1465
06-30-2020,14:45,60163,100,677
06-30-2020,14:45,60164,543,4401
06-30-2020,14:45,60165,185,702
06-30-2020,14:45,60169,409,3349
06-30-2020,14:45,60171,133,1174
06-30-2020,14:45,60172,243,2280
06-30-2020,14:45,60173,112,959
06-30-2020,14:45,60174,200,2933
06-30-2020,14:45,60175,113,1728
06-30-2020,14:45,60176,169,1121
06-30-2020,14:45,60177,288,2129
06-30-2020,14:45,60178,70,1569
06-30-2020,14:45,60181,281,2712
06-30-2020,14:45,60184,8,166
06-30-2020,14:45,60185,769,4292
06-30-2020,14:45,60187,155,2952
06-30-2020,14:45,60188,511,4266
06-30-2020,14:45,60189,120,2442
06-30-2020,14:45,60190,58,1182
06-30-2020,14:45,60191,227,1515
06-30-2020,14:45,60192,68,1040
06-30-2020,14:45,60193,282,3970
06-30-2020,14:45,60194,178,2584
06-30-2020,14:45,60195,21,309
06-30-2020,14:45,60201,340,5110
06-30-2020,14:45,60202,457,4063
06-30-2020,14:45,60203,35,543
06-30-2020,14:45,60301,30,368
06-30-2020,14:45,60302,229,3989
06-30-2020,14:45,60304,86,1656
06-30-2020,14:45,60305,60,992
06-30-2020,14:45,60401,42,1002
06-30-2020,14:45,60402,1471,9120
06-30-2020,14:45,60403,220,2289
06-30-2020,14:45,60404,126,2032
06-30-2020,14:45,60406,536,3828
06-30-2020,14:45,60408,25,617
06-30-2020,14:45,60409,638,5520
06-30-2020,14:45,60410,54,1044
06-30-2020,14:45,60411,982,8427
06-30-2020,14:45,60415,209,1956
06-30-2020,14:45,60416,19,527
06-30-2020,14:45,60417,175,1911
06-30-2020,14:45,60418,119,758
06-30-2020,14:45,60419,422,3867
06-30-2020,14:45,60420,11,324
06-30-2020,14:45,60421,14,270
06-30-2020,14:45,60422,91,1266
06-30-2020,14:45,60423,162,2566
06-30-2020,14:45,60424,6,127
06-30-2020,14:45,60425,179,1722
06-30-2020,14:45,60426,510,4230
06-30-2020,14:45,60428,224,1891
06-30-2020,14:45,60429,241,2775
06-30-2020,14:45,60430,291,2722
06-30-2020,14:45,60431,237,3190
06-30-2020,14:45,60432,479,2758
06-30-2020,14:45,60433,330,2795
06-30-2020,14:45,60434,166,311
06-30-2020,14:45,60435,731,7231
06-30-2020,14:45,60436,266,2531
06-30-2020,14:45,60438,418,3447
06-30-2020,14:45,60439,112,1870
06-30-2020,14:45,60440,923,8132
06-30-2020,14:45,60441,229,2587
06-30-2020,14:45,60442,49,694
06-30-2020,14:45,60443,391,3242
06-30-2020,14:45,60445,172,2125
06-30-2020,14:45,60446,572,5062
06-30-2020,14:45,60447,61,1088
06-30-2020,14:45,60448,164,1803
06-30-2020,14:45,60449,80,1010
06-30-2020,14:45,60450,65,1484
06-30-2020,14:45,60451,140,2374
06-30-2020,14:45,60452,253,2643
06-30-2020,14:45,60453,833,6795
06-30-2020,14:45,60455,344,2082
06-30-2020,14:45,60456,56,465
06-30-2020,14:45,60457,138,1339
06-30-2020,14:45,60458,156,1442
06-30-2020,14:45,60459,456,3415
06-30-2020,14:45,60461,62,749
06-30-2020,14:45,60462,373,3683
06-30-2020,14:45,60463,255,1543
06-30-2020,14:45,60464,58,881
06-30-2020,14:45,60465,278,1621
06-30-2020,14:45,60466,505,3801
06-30-2020,14:45,60467,192,2002
06-30-2020,14:45,60468,38,488
06-30-2020,14:45,60469,91,753
06-30-2020,14:45,60471,228,1920
06-30-2020,14:45,60472,72,781
06-30-2020,14:45,60473,443,4209
06-30-2020,14:45,60475,88,1027
06-30-2020,14:45,60476,27,303
06-30-2020,14:45,60477,268,3389
06-30-2020,14:45,60478,348,3123
06-30-2020,14:45,60480,39,592
06-30-2020,14:45,60481,33,1101
06-30-2020,14:45,60482,108,925
06-30-2020,14:45,60484,123,903
06-30-2020,14:45,60487,165,1987
06-30-2020,14:45,60490,153,2251
06-30-2020,14:45,60491,162,1498
06-30-2020,14:45,60501,308,1561
06-30-2020,14:45,60502,105,1730
06-30-2020,14:45,60503,67,1212
06-30-2020,14:45,60504,369,3621
06-30-2020,14:45,60505,2051,10266
06-30-2020,14:45,60506,1171,8247
06-30-2020,14:45,60510,126,2710
06-30-2020,14:45,60513,174,2542
06-30-2020,14:45,60514,51,923
06-30-2020,14:45,60515,113,2099
06-30-2020,14:45,60516,147,2534
06-30-2020,14:45,60517,247,3256
06-30-2020,14:45,60520,10,212
06-30-2020,14:45,60521,192,1864
06-30-2020,14:45,60523,113,1194
06-30-2020,14:45,60525,313,4448
06-30-2020,14:45,60526,91,2694
06-30-2020,14:45,60527,261,3728
06-30-2020,14:45,60532,144,2699
06-30-2020,14:45,60534,189,1398
06-30-2020,14:45,60538,331,2898
06-30-2020,14:45,60540,154,3558
06-30-2020,14:45,60541,11,192
06-30-2020,14:45,60542,205,2047
06-30-2020,14:45,60543,298,3406
06-30-2020,14:45,60544,189,3110
06-30-2020,14:45,60545,157,1470
06-30-2020,14:45,60546,174,3081
06-30-2020,14:45,60548,95,1336
06-30-2020,14:45,60551,28,240
06-30-2020,14:45,60552,9,306
06-30-2020,14:45,60554,50,965
06-30-2020,14:45,60555,142,1365
06-30-2020,14:45,60558,55,1178
06-30-2020,14:45,60559,349,2747
06-30-2020,14:45,60560,121,1954
06-30-2020,14:45,60561,139,2273
06-30-2020,14:45,60563,194,3603
06-30-2020,14:45,60564,194,3205
06-30-2020,14:45,60565,205,3072
06-30-2020,14:45,60585,116,1951
06-30-2020,14:45,60586,401,4728
06-30-2020,14:45,60601,82,1326
06-30-2020,14:45,60602,15,272
06-30-2020,14:45,60603,8,137
06-30-2020,14:45,60604,24,197
06-30-2020,14:45,60605,220,3119
06-30-2020,14:45,60606,39,1075
06-30-2020,14:45,60607,470,3433
06-30-2020,14:45,60608,1836,10399
06-30-2020,14:45,60609,1857,9270
06-30-2020,14:45,60610,292,4492
06-30-2020,14:45,60611,180,4577
06-30-2020,14:45,60612,727,6010
06-30-2020,14:45,60613,415,5019
06-30-2020,14:45,60614,552,7372
06-30-2020,14:45,60615,418,5466
06-30-2020,14:45,60616,485,6824
06-30-2020,14:45,60617,1226,11347
06-30-2020,14:45,60618,1432,11343
06-30-2020,14:45,60619,982,11032
06-30-2020,14:45,60620,1179,10417
06-30-2020,14:45,60621,577,4479
06-30-2020,14:45,60622,690,6822
06-30-2020,14:45,60623,3500,12897
06-30-2020,14:45,60624,910,5463
06-30-2020,14:45,60625,1518,10073
06-30-2020,14:45,60626,1119,9061
06-30-2020,14:45,60628,1165,9354
06-30-2020,14:45,60629,3489,15328
06-30-2020,14:45,60630,865,6692
06-30-2020,14:45,60631,341,4709
06-30-2020,14:45,60632,3271,12416
06-30-2020,14:45,60633,294,2358
06-30-2020,14:45,60634,1560,12074
06-30-2020,14:45,60636,783,4619
06-30-2020,14:45,60637,662,7454
06-30-2020,14:45,60638,1166,7726
06-30-2020,14:45,60639,3499,15688
06-30-2020,14:45,60640,860,9434
06-30-2020,14:45,60641,1599,10760
06-30-2020,14:45,60642,196,2444
06-30-2020,14:45,60643,761,7842
06-30-2020,14:45,60644,1308,8138
06-30-2020,14:45,60645,1129,6988
06-30-2020,14:45,60646,397,3960
06-30-2020,14:45,60647,1463,11211
06-30-2020,14:45,60649,860,7817
06-30-2020,14:45,60651,1834,9397
06-30-2020,14:45,60652,1000,5914
06-30-2020,14:45,60653,566,6314
06-30-2020,14:45,60654,165,1996
06-30-2020,14:45,60655,282,4209
06-30-2020,14:45,60656,306,3497
06-30-2020,14:45,60657,379,6765
06-30-2020,14:45,60659,811,4731
06-30-2020,14:45,60660,479,4822
06-30-2020,14:45,60661,51,870
06-30-2020,14:45,60680,6,119
06-30-2020,14:45,60706,451,4099
06-30-2020,14:45,60707,818,6265
06-30-2020,14:45,60712,186,1793
06-30-2020,14:45,60714,915,5629
06-30-2020,14:45,60803,275,2346
06-30-2020,14:45,60804,3033,12731
06-30-2020,14:45,60805,241,2192
06-30-2020,14:45,60827,389,3268
06-30-2020,14:45,60901,691,5632
06-30-2020,14:45,60911,11,136
06-30-2020,14:45,60912,6,60
06-30-2020,14:45,60913,7,111
06-30-2020,14:45,60914,228,3481
06-30-2020,14:45,60915,85,1552
06-30-2020,14:45,60919,6,43
06-30-2020,14:45,60922,15,265
06-30-2020,14:45,60927,52,479
06-30-2020,14:45,60928,7,59
06-30-2020,14:45,60930,6,59
06-30-2020,14:45,60936,6,437
06-30-2020,14:45,60938,7,172
06-30-2020,14:45,60940,12,284
06-30-2020,14:45,60941,7,167
06-30-2020,14:45,60942,7,607
06-30-2020,14:45,60950,109,1884
06-30-2020,14:45,60954,45,1032
06-30-2020,14:45,60955,15,156
06-30-2020,14:45,60957,10,476
06-30-2020,14:45,60958,25,257
06-30-2020,14:45,60964,40,549
06-30-2020,14:45,60970,18,630
06-30-2020,14:45,61008,473,3839
06-30-2020,14:45,61010,28,570
06-30-2020,14:45,61011,10,175
06-30-2020,14:45,61012,24,176
06-30-2020,14:45,61016,47,483
06-30-2020,14:45,61019,8,207
06-30-2020,14:45,61020,17,240
06-30-2020,14:45,61021,91,1567
06-30-2020,14:45,61032,235,3727
06-30-2020,14:45,61036,14,716
06-30-2020,14:45,61041,6,68
06-30-2020,14:45,61054,8,269
06-30-2020,14:45,61061,13,473
06-30-2020,14:45,61063,10,291
06-30-2020,14:45,61064,10,178
06-30-2020,14:45,61065,71,865
06-30-2020,14:45,61068,153,1514
06-30-2020,14:45,61071,44,541
06-30-2020,14:45,61072,37,737
06-30-2020,14:45,61073,81,1409
06-30-2020,14:45,61080,58,663
06-30-2020,14:45,61081,92,1048
06-30-2020,14:45,61084,11,148
06-30-2020,14:45,61085,8,189
06-30-2020,14:45,61088,12,425
06-30-2020,14:45,61101,347,3018
06-30-2020,14:45,61102,298,2479
06-30-2020,14:45,61103,328,3617
06-30-2020,14:45,61104,337,2214
06-30-2020,14:45,61107,290,3558
06-30-2020,14:45,61108,452,3840
06-30-2020,14:45,61109,310,3058
06-30-2020,14:45,61111,114,2290
06-30-2020,14:45,61114,119,1876
06-30-2020,14:45,61115,146,2037
06-30-2020,14:45,61201,250,3447
06-30-2020,14:45,61235,8,125
06-30-2020,14:45,61238,8,214
06-30-2020,14:45,61239,8,97
06-30-2020,14:45,61240,15,485
06-30-2020,14:45,61241,18,545
06-30-2020,14:45,61244,264,2962
06-30-2020,14:45,61252,26,256
06-30-2020,14:45,61254,15,881
06-30-2020,14:45,61256,6,140
06-30-2020,14:45,61264,31,837
06-30-2020,14:45,61265,268,4141
06-30-2020,14:45,61270,9,352
06-30-2020,14:45,61273,6,206
06-30-2020,14:45,61275,13,264
06-30-2020,14:45,61282,56,887
06-30-2020,14:45,61284,6,154
06-30-2020,14:45,61301,6,826
06-30-2020,14:45,61314,6,47
06-30-2020,14:45,61341,46,823
06-30-2020,14:45,61342,21,429
06-30-2020,14:45,61350,34,1771
06-30-2020,14:45,61354,6,612
06-30-2020,14:45,61356,10,801
06-30-2020,14:45,61360,8,135
06-30-2020,14:45,61364,7,1151
06-30-2020,14:45,61401,114,2260
06-30-2020,14:45,61410,7,141
06-30-2020,14:45,61443,19,657
06-30-2020,14:45,61455,85,1366
06-30-2020,14:45,61462,117,818
06-30-2020,14:45,61469,7,144
06-30-2020,14:45,61525,17,711
06-30-2020,14:45,61547,8,268
06-30-2020,14:45,61548,13,741
06-30-2020,14:45,61550,12,1640
06-30-2020,14:45,61554,39,3636
06-30-2020,14:45,61568,6,255
06-30-2020,14:45,61571,27,1979
06-30-2020,14:45,61602,7,188
06-30-2020,14:45,61603,95,1918
06-30-2020,14:45,61604,78,3257
06-30-2020,14:45,61605,69,1581
06-30-2020,14:45,61606,10,443
06-30-2020,14:45,61607,8,818
06-30-2020,14:45,61610,7,405
06-30-2020,14:45,61611,28,2074
06-30-2020,14:45,61614,133,3153
06-30-2020,14:45,61615,38,2569
06-30-2020,14:45,61616,8,932
06-30-2020,14:45,61701,62,3596
06-30-2020,14:45,61704,82,2669
06-30-2020,14:45,61705,18,1158
06-30-2020,14:45,61726,6,180
06-30-2020,14:45,61729,6,78
06-30-2020,14:45,61739,6,413
06-30-2020,14:45,61761,69,3404
06-30-2020,14:45,61764,18,917
06-30-2020,14:45,61801,52,3159
06-30-2020,14:45,61802,129,3486
06-30-2020,14:45,61820,139,3392
06-30-2020,14:45,61821,156,5203
06-30-2020,14:45,61822,66,3676
06-30-2020,14:45,61832,37,2254
06-30-2020,14:45,61853,47,2490
06-30-2020,14:45,61856,9,760
06-30-2020,14:45,61866,187,2474
06-30-2020,14:45,61873,9,712
06-30-2020,14:45,61874,36,1729
06-30-2020,14:45,61880,9,510
06-30-2020,14:45,61884,6,141
06-30-2020,14:45,61910,18,389
06-30-2020,14:45,61911,10,203
06-30-2020,14:45,61920,101,2321
06-30-2020,14:45,61938,49,2727
06-30-2020,14:45,61944,7,612
06-30-2020,14:45,61951,8,771
06-30-2020,14:45,61953,16,577
06-30-2020,14:45,61956,6,320
06-30-2020,14:45,62002,154,1867
06-30-2020,14:45,62010,42,421
06-30-2020,14:45,62012,13,344
06-30-2020,14:45,62018,12,167
06-30-2020,14:45,62024,14,416
06-30-2020,14:45,62025,123,1690
06-30-2020,14:45,62034,80,1066
06-30-2020,14:45,62035,45,1138
06-30-2020,14:45,62040,155,2627
06-30-2020,14:45,62049,7,959
06-30-2020,14:45,62052,20,867
06-30-2020,14:45,62056,16,915
06-30-2020,14:45,62059,7,50
06-30-2020,14:45,62060,46,405
06-30-2020,14:45,62062,16,1268
06-30-2020,14:45,62069,9,199
06-30-2020,14:45,62088,8,687
06-30-2020,14:45,62090,14,118
06-30-2020,14:45,62095,28,508
06-30-2020,14:45,62201,120,729
06-30-2020,14:45,62203,67,612
06-30-2020,14:45,62204,68,548
06-30-2020,14:45,62205,81,759
06-30-2020,14:45,62206,181,1249
06-30-2020,14:45,62207,113,675
06-30-2020,14:45,62208,110,1124
06-30-2020,14:45,62216,7,225
06-30-2020,14:45,62217,7,57
06-30-2020,14:45,62220,176,1200
06-30-2020,14:45,62221,167,1448
06-30-2020,14:45,62223,74,1041
06-30-2020,14:45,62226,214,1915
06-30-2020,14:45,62230,28,491
06-30-2020,14:45,62231,86,697
06-30-2020,14:45,62232,39,986
06-30-2020,14:45,62233,102,785
06-30-2020,14:45,62234,176,2099
06-30-2020,14:45,62236,53,432
06-30-2020,14:45,62237,6,385
06-30-2020,14:45,62238,8,54
06-30-2020,14:45,62239,20,200
06-30-2020,14:45,62241,6,72
06-30-2020,14:45,62242,6,63
06-30-2020,14:45,62243,9,213
06-30-2020,14:45,62245,7,96
06-30-2020,14:45,62246,7,548
06-30-2020,14:45,62249,21,753
06-30-2020,14:45,62254,100,562
06-30-2020,14:45,62255,7,53
06-30-2020,14:45,62257,13,186
06-30-2020,14:45,62258,21,666
06-30-2020,14:45,62260,13,223
06-30-2020,14:45,62264,57,169
06-30-2020,14:45,62265,43,807
06-30-2020,14:45,62269,101,1443
06-30-2020,14:45,62272,50,193
06-30-2020,14:45,62274,11,428
06-30-2020,14:45,62278,15,316
06-30-2020,14:45,62285,20,205
06-30-2020,14:45,62286,51,516
06-30-2020,14:45,62288,33,305
06-30-2020,14:45,62293,9,319
06-30-2020,14:45,62294,30,670
06-30-2020,14:45,62295,13,74
06-30-2020,14:45,62298,63,1238
06-30-2020,14:45,62301,33,4162
06-30-2020,14:45,62305,37,677
06-30-2020,14:45,62353,7,418
06-30-2020,14:45,62427,6,78
06-30-2020,14:45,62428,8,236
06-30-2020,14:45,62439,6,487
06-30-2020,14:45,62441,10,376
06-30-2020,14:45,62448,37,676
06-30-2020,14:45,62454,10,480
06-30-2020,14:45,62471,17,701
06-30-2020,14:45,62474,6,70
06-30-2020,14:45,62521,116,2669
06-30-2020,14:45,62522,40,825
06-30-2020,14:45,62526,58,2061
06-30-2020,14:45,62560,7,141
06-30-2020,14:45,62561,6,560
06-30-2020,14:45,62563,7,631
06-30-2020,14:45,62565,14,1010
06-30-2020,14:45,62568,33,1105
06-30-2020,14:45,62613,6,373
06-30-2020,14:45,62615,9,651
06-30-2020,14:45,62618,76,1052
06-30-2020,14:45,62629,15,1535
06-30-2020,14:45,62650,109,3101
06-30-2020,14:45,62656,13,2201
06-30-2020,14:45,62664,11,343
06-30-2020,14:45,62675,13,745
06-30-2020,14:45,62677,6,306
06-30-2020,14:45,62681,12,446
06-30-2020,14:45,62684,71,925
06-30-2020,14:45,62691,43,307
06-30-2020,14:45,62692,9,235
06-30-2020,14:45,62702,86,5766
06-30-2020,14:45,62703,74,4140
06-30-2020,14:45,62704,65,4844
06-30-2020,14:45,62707,20,1374
06-30-2020,14:45,62711,37,2343
06-30-2020,14:45,62712,7,1187
06-30-2020,14:45,62801,67,2155
06-30-2020,14:45,62832,18,603
06-30-2020,14:45,62837,8,690
06-30-2020,14:45,62863,21,506
06-30-2020,14:45,62864,86,1771
06-30-2020,14:45,62881,7,676
06-30-2020,14:45,62882,14,224
06-30-2020,14:45,62901,172,2657
06-30-2020,14:45,62902,20,394
06-30-2020,14:45,62905,6,95
06-30-2020,14:45,62906,87,1092
06-30-2020,14:45,62907,20,154
06-30-2020,14:45,62912,9,93
06-30-2020,14:45,62914,10,293
06-30-2020,14:45,62918,17,870
06-30-2020,14:45,62920,69,459
06-30-2020,14:45,62939,10,222
06-30-2020,14:45,62946,7,626
06-30-2020,14:45,62948,26,1076
06-30-2020,14:45,62951,9,344
06-30-2020,14:45,62952,13,281
06-30-2020,14:45,62959,50,2737
06-30-2020,14:45,62960,7,782
06-30-2020,14:45,62966,104,1493
06-30-2020,14:45,62992,59,232
06-29-2020,14:45,60002,117,1518
06-29-2020,14:45,60004,371,7465
06-29-2020,14:45,60005,211,3472
06-29-2020,14:45,60007,369,3196
06-29-2020,14:45,60008,351,3820
06-29-2020,14:45,60010,160,3020
06-29-2020,14:45,60012,87,733
06-29-2020,14:45,60013,107,1396
06-29-2020,14:45,60014,311,3460
06-29-2020,14:45,60015,191,2499
06-29-2020,14:45,60016,1122,7498
06-29-2020,14:45,60018,677,4319
06-29-2020,14:45,60020,42,922
06-29-2020,14:45,60021,22,314
06-29-2020,14:45,60022,29,665
06-29-2020,14:45,60025,384,4316
06-29-2020,14:45,60026,156,2064
06-29-2020,14:45,60029,8,81
06-29-2020,14:45,60030,198,3045
06-29-2020,14:45,60031,368,3925
06-29-2020,14:45,60033,223,1352
06-29-2020,14:45,60035,280,3644
06-29-2020,14:45,60040,180,811
06-29-2020,14:45,60041,50,734
06-29-2020,14:45,60042,42,545
06-29-2020,14:45,60043,19,252
06-29-2020,14:45,60044,106,1203
06-29-2020,14:45,60045,129,2113
06-29-2020,14:45,60046,215,2566
06-29-2020,14:45,60047,441,3990
06-29-2020,14:45,60048,164,2243
06-29-2020,14:45,60050,234,2561
06-29-2020,14:45,60051,131,1744
06-29-2020,14:45,60053,321,2575
06-29-2020,14:45,60056,661,5317
06-29-2020,14:45,60060,457,3091
06-29-2020,14:45,60061,182,2338
06-29-2020,14:45,60062,345,4906
06-29-2020,14:45,60064,661,2168
06-29-2020,14:45,60067,242,4413
06-29-2020,14:45,60068,324,3688
06-29-2020,14:45,60069,93,1706
06-29-2020,14:45,60070,268,1803
06-29-2020,14:45,60071,15,242
06-29-2020,14:45,60073,1105,6911
06-29-2020,14:45,60074,470,3615
06-29-2020,14:45,60076,529,4715
06-29-2020,14:45,60077,429,3552
06-29-2020,14:45,60079,12,75
06-29-2020,14:45,60081,43,570
06-29-2020,14:45,60083,103,1006
06-29-2020,14:45,60084,193,1318
06-29-2020,14:45,60085,2446,10782
06-29-2020,14:45,60087,685,4052
06-29-2020,14:45,60088,133,566
06-29-2020,14:45,60089,326,3586
06-29-2020,14:45,60090,825,4660
06-29-2020,14:45,60091,166,2287
06-29-2020,14:45,60093,183,2008
06-29-2020,14:45,60096,40,476
06-29-2020,14:45,60097,42,728
06-29-2020,14:45,60098,340,3372
06-29-2020,14:45,60099,591,3784
06-29-2020,14:45,60101,829,4536
06-29-2020,14:45,60102,178,2216
06-29-2020,14:45,60103,306,3595
06-29-2020,14:45,60104,438,2882
06-29-2020,14:45,60106,528,3191
06-29-2020,14:45,60107,679,4578
06-29-2020,14:45,60108,339,3356
06-29-2020,14:45,60109,11,327
06-29-2020,14:45,60110,752,3519
06-29-2020,14:45,60112,29,357
06-29-2020,14:45,60115,298,3835
06-29-2020,14:45,60118,87,1175
06-29-2020,14:45,60119,39,746
06-29-2020,14:45,60120,1394,6226
06-29-2020,14:45,60123,942,5972
06-29-2020,14:45,60124,138,1746
06-29-2020,14:45,60126,301,4467
06-29-2020,14:45,60130,166,2831
06-29-2020,14:45,60131,361,2288
06-29-2020,14:45,60133,777,4660
06-29-2020,14:45,60134,183,2246
06-29-2020,14:45,60135,39,570
06-29-2020,14:45,60136,61,575
06-29-2020,14:45,60137,164,3004
06-29-2020,14:45,60139,660,4053
06-29-2020,14:45,60140,102,1328
06-29-2020,14:45,60141,27,797
06-29-2020,14:45,60142,115,2144
06-29-2020,14:45,60143,200,1472
06-29-2020,14:45,60145,7,136
06-29-2020,14:45,60146,9,199
06-29-2020,14:45,60148,399,4800
06-29-2020,14:45,60151,19,280
06-29-2020,14:45,60152,83,890
06-29-2020,14:45,60153,531,3270
06-29-2020,14:45,60154,215,2334
06-29-2020,14:45,60155,180,1045
06-29-2020,14:45,60156,165,1874
06-29-2020,14:45,60157,12,194
06-29-2020,14:45,60160,777,3839
06-29-2020,14:45,60162,173,1441
06-29-2020,14:45,60163,100,670
06-29-2020,14:45,60164,540,4356
06-29-2020,14:45,60165,185,695
06-29-2020,14:45,60169,408,3295
06-29-2020,14:45,60171,132,1166
06-29-2020,14:45,60172,242,2244
06-29-2020,14:45,60173,113,941
06-29-2020,14:45,60174,197,2875
06-29-2020,14:45,60175,113,1696
06-29-2020,14:45,60176,168,1111
06-29-2020,14:45,60177,287,2100
06-29-2020,14:45,60178,70,1544
06-29-2020,14:45,60181,280,2663
06-29-2020,14:45,60184,9,164
06-29-2020,14:45,60185,768,4238
06-29-2020,14:45,60187,152,2865
06-29-2020,14:45,60188,507,4195
06-29-2020,14:45,60189,120,2367
06-29-2020,14:45,60190,58,1157
06-29-2020,14:45,60191,226,1501
06-29-2020,14:45,60192,66,1019
06-29-2020,14:45,60193,282,3918
06-29-2020,14:45,60194,178,2567
06-29-2020,14:45,60195,21,301
06-29-2020,14:45,60201,337,5047
06-29-2020,14:45,60202,454,4013
06-29-2020,14:45,60203,35,536
06-29-2020,14:45,60301,29,362
06-29-2020,14:45,60302,227,3916
06-29-2020,14:45,60304,84,1625
06-29-2020,14:45,60305,60,972
06-29-2020,14:45,60401,42,987
06-29-2020,14:45,60402,1469,9040
06-29-2020,14:45,60403,217,2263
06-29-2020,14:45,60404,125,2011
06-29-2020,14:45,60406,534,3778
06-29-2020,14:45,60408,24,611
06-29-2020,14:45,60409,634,5436
06-29-2020,14:45,60410,54,1032
06-29-2020,14:45,60411,977,8286
06-29-2020,14:45,60415,206,1941
06-29-2020,14:45,60416,18,521
06-29-2020,14:45,60417,173,1885
06-29-2020,14:45,60418,119,750
06-29-2020,14:45,60419,421,3811
06-29-2020,14:45,60420,11,319
06-29-2020,14:45,60421,14,268
06-29-2020,14:45,60422,87,1233
06-29-2020,14:45,60423,161,2526
06-29-2020,14:45,60424,6,126
06-29-2020,14:45,60425,179,1706
06-29-2020,14:45,60426,507,4180
06-29-2020,14:45,60428,223,1872
06-29-2020,14:45,60429,239,2757
06-29-2020,14:45,60430,289,2686
06-29-2020,14:45,60431,235,3143
06-29-2020,14:45,60432,475,2733
06-29-2020,14:45,60433,328,2612
06-29-2020,14:45,60434,166,310
06-29-2020,14:45,60435,726,7097
06-29-2020,14:45,60436,265,2507
06-29-2020,14:45,60438,417,3398
06-29-2020,14:45,60439,111,1833
06-29-2020,14:45,60440,920,8019
06-29-2020,14:45,60441,228,2543
06-29-2020,14:45,60442,49,688
06-29-2020,14:45,60443,389,3176
06-29-2020,14:45,60445,172,2104
06-29-2020,14:45,60446,568,5002
06-29-2020,14:45,60447,60,1076
06-29-2020,14:45,60448,162,1777
06-29-2020,14:45,60449,79,988
06-29-2020,14:45,60450,65,1464
06-29-2020,14:45,60451,138,2333
06-29-2020,14:45,60452,253,2608
06-29-2020,14:45,60453,829,6687
06-29-2020,14:45,60455,331,2055
06-29-2020,14:45,60456,56,459
06-29-2020,14:45,60457,135,1324
06-29-2020,14:45,60458,155,1426
06-29-2020,14:45,60459,453,3375
06-29-2020,14:45,60461,61,731
06-29-2020,14:45,60462,363,3620
06-29-2020,14:45,60463,254,1525
06-29-2020,14:45,60464,57,872
06-29-2020,14:45,60465,272,1596
06-29-2020,14:45,60466,504,3760
06-29-2020,14:45,60467,188,1972
06-29-2020,14:45,60468,37,476
06-29-2020,14:45,60469,88,737
06-29-2020,14:45,60471,228,1887
06-29-2020,14:45,60472,72,770
06-29-2020,14:45,60473,441,4133
06-29-2020,14:45,60475,88,1006
06-29-2020,14:45,60476,24,282
06-29-2020,14:45,60477,265,3327
06-29-2020,14:45,60478,346,3080
06-29-2020,14:45,60480,39,582
06-29-2020,14:45,60481,33,1086
06-29-2020,14:45,60482,108,914
06-29-2020,14:45,60484,122,898
06-29-2020,14:45,60487,163,1957
06-29-2020,14:45,60490,152,2217
06-29-2020,14:45,60491,161,1475
06-29-2020,14:45,60501,305,1549
06-29-2020,14:45,60502,105,1688
06-29-2020,14:45,60503,67,1184
06-29-2020,14:45,60504,363,3547
06-29-2020,14:45,60505,2048,10173
06-29-2020,14:45,60506,1164,8109
06-29-2020,14:45,60510,126,2655
06-29-2020,14:45,60513,174,2512
06-29-2020,14:45,60514,50,899
06-29-2020,14:45,60515,112,2053
06-29-2020,14:45,60516,148,2471
06-29-2020,14:45,60517,247,3174
06-29-2020,14:45,60520,10,209
06-29-2020,14:45,60521,189,1838
06-29-2020,14:45,60523,111,1166
06-29-2020,14:45,60525,311,4357
06-29-2020,14:45,60526,91,2660
06-29-2020,14:45,60527,259,3574
06-29-2020,14:45,60532,144,2615
06-29-2020,14:45,60534,188,1383
06-29-2020,14:45,60538,328,2836
06-29-2020,14:45,60540,152,3467
06-29-2020,14:45,60541,11,183
06-29-2020,14:45,60542,205,2011
06-29-2020,14:45,60543,298,3335
06-29-2020,14:45,60544,188,3062
06-29-2020,14:45,60545,156,1459
06-29-2020,14:45,60546,173,3063
06-29-2020,14:45,60548,95,1297
06-29-2020,14:45,60551,26,235
06-29-2020,14:45,60552,9,299
06-29-2020,14:45,60554,49,942
06-29-2020,14:45,60555,140,1341
06-29-2020,14:45,60558,54,1161
06-29-2020,14:45,60559,344,2707
06-29-2020,14:45,60560,121,1925
06-29-2020,14:45,60561,138,2226
06-29-2020,14:45,60563,193,3532
06-29-2020,14:45,60564,192,3126
06-29-2020,14:45,60565,205,2986
06-29-2020,14:45,60585,112,1908
06-29-2020,14:45,60586,396,4659
06-29-2020,14:45,60601,82,1304
06-29-2020,14:45,60602,16,264
06-29-2020,14:45,60603,8,134
06-29-2020,14:45,60604,24,194
06-29-2020,14:45,60605,220,3062
06-29-2020,14:45,60606,39,1044
06-29-2020,14:45,60607,464,3362
06-29-2020,14:45,60608,1827,10226
06-29-2020,14:45,60609,1851,9126
06-29-2020,14:45,60610,290,4431
06-29-2020,14:45,60611,176,4514
06-29-2020,14:45,60612,728,5950
06-29-2020,14:45,60613,414,4931
06-29-2020,14:45,60614,550,7268
06-29-2020,14:45,60615,416,5382
06-29-2020,14:45,60616,483,6675
06-29-2020,14:45,60617,1217,11128
06-29-2020,14:45,60618,1424,11160
06-29-2020,14:45,60619,977,10861
06-29-2020,14:45,60620,1176,10277
06-29-2020,14:45,60621,576,4395
06-29-2020,14:45,60622,687,6685
06-29-2020,14:45,60623,3487,12740
06-29-2020,14:45,60624,907,5418
06-29-2020,14:45,60625,1517,9957
06-29-2020,14:45,60626,1118,8933
06-29-2020,14:45,60628,1158,9198
06-29-2020,14:45,60629,3472,15091
06-29-2020,14:45,60630,863,6614
06-29-2020,14:45,60631,339,4655
06-29-2020,14:45,60632,3262,12245
06-29-2020,14:45,60633,294,2336
06-29-2020,14:45,60634,1555,11945
06-29-2020,14:45,60636,779,4529
06-29-2020,14:45,60637,661,7291
06-29-2020,14:45,60638,1161,7635
06-29-2020,14:45,60639,3480,15463
06-29-2020,14:45,60640,860,9289
06-29-2020,14:45,60641,1594,10566
06-29-2020,14:45,60642,196,2404
06-29-2020,14:45,60643,760,7694
06-29-2020,14:45,60644,1304,8057
06-29-2020,14:45,60645,1127,6843
06-29-2020,14:45,60646,396,3915
06-29-2020,14:45,60647,1460,10919
06-29-2020,14:45,60649,854,7738
06-29-2020,14:45,60651,1833,9280
06-29-2020,14:45,60652,995,5832
06-29-2020,14:45,60653,563,6220
06-29-2020,14:45,60654,164,1956
06-29-2020,14:45,60655,280,4152
06-29-2020,14:45,60656,302,3450
06-29-2020,14:45,60657,379,6670
06-29-2020,14:45,60659,809,4673
06-29-2020,14:45,60660,477,4762
06-29-2020,14:45,60661,49,854
06-29-2020,14:45,60680,6,119
06-29-2020,14:45,60706,448,4066
06-29-2020,14:45,60707,817,6195
06-29-2020,14:45,60712,184,1770
06-29-2020,14:45,60714,913,5570
06-29-2020,14:45,60803,272,2306
06-29-2020,14:45,60804,3029,12616
06-29-2020,14:45,60805,241,2163
06-29-2020,14:45,60827,389,3221
06-29-2020,14:45,60901,690,5507
06-29-2020,14:45,60911,11,135
06-29-2020,14:45,60912,6,58
06-29-2020,14:45,60913,7,111
06-29-2020,14:45,60914,228,3434
06-29-2020,14:45,60915,85,1534
06-29-2020,14:45,60919,6,43
06-29-2020,14:45,60922,15,264
06-29-2020,14:45,60927,52,476
06-29-2020,14:45,60928,7,59
06-29-2020,14:45,60930,6,59
06-29-2020,14:45,60936,6,432
06-29-2020,14:45,60938,7,169
06-29-2020,14:45,60940,11,279
06-29-2020,14:45,60941,7,162
06-29-2020,14:45,60942,7,594
06-29-2020,14:45,60950,109,1869
06-29-2020,14:45,60954,44,1017
06-29-2020,14:45,60955,15,152
06-29-2020,14:45,60957,10,463
06-29-2020,14:45,60958,25,252
06-29-2020,14:45,60964,40,537
06-29-2020,14:45,60970,18,613
06-29-2020,14:45,61008,467,3801
06-29-2020,14:45,61010,24,560
06-29-2020,14:45,61011,10,174
06-29-2020,14:45,61012,23,174
06-29-2020,14:45,61016,48,474
06-29-2020,14:45,61019,7,200
06-29-2020,14:45,61020,17,233
06-29-2020,14:45,61021,93,1554
06-29-2020,14:45,61032,234,3695
06-29-2020,14:45,61036,14,632
06-29-2020,14:45,61041,6,55
06-29-2020,14:45,61054,8,259
06-29-2020,14:45,61061,13,466
06-29-2020,14:45,61063,10,286
06-29-2020,14:45,61064,10,177
06-29-2020,14:45,61065,71,852
06-29-2020,14:45,61068,154,1502
06-29-2020,14:45,61071,43,536
06-29-2020,14:45,61072,37,714
06-29-2020,14:45,61073,79,1383
06-29-2020,14:45,61080,58,654
06-29-2020,14:45,61081,91,1026
06-29-2020,14:45,61084,10,146
06-29-2020,14:45,61085,8,183
06-29-2020,14:45,61088,12,415
06-29-2020,14:45,61101,345,2965
06-29-2020,14:45,61102,295,2445
06-29-2020,14:45,61103,329,3489
06-29-2020,14:45,61104,336,2191
06-29-2020,14:45,61107,287,3498
06-29-2020,14:45,61108,448,3797
06-29-2020,14:45,61109,308,3019
06-29-2020,14:45,61111,112,2234
06-29-2020,14:45,61114,119,1833
06-29-2020,14:45,61115,145,1989
06-29-2020,14:45,61201,248,3353
06-29-2020,14:45,61235,8,124
06-29-2020,14:45,61238,8,209
06-29-2020,14:45,61239,8,91
06-29-2020,14:45,61240,15,461
06-29-2020,14:45,61241,19,532
06-29-2020,14:45,61244,256,2906
06-29-2020,14:45,61252,26,251
06-29-2020,14:45,61254,15,865
06-29-2020,14:45,61256,6,138
06-29-2020,14:45,61264,31,810
06-29-2020,14:45,61265,266,4039
06-29-2020,14:45,61270,9,350
06-29-2020,14:45,61273,6,206
06-29-2020,14:45,61275,13,260
06-29-2020,14:45,61282,54,876
06-29-2020,14:45,61284,6,149
06-29-2020,14:45,61301,6,823
06-29-2020,14:45,61314,6,45
06-29-2020,14:45,61341,47,813
06-29-2020,14:45,61342,21,422
06-29-2020,14:45,61350,32,1695
06-29-2020,14:45,61354,6,600
06-29-2020,14:45,61356,6,769
06-29-2020,14:45,61360,7,130
06-29-2020,14:45,61364,7,1137
06-29-2020,14:45,61401,108,2206
06-29-2020,14:45,61410,7,138
06-29-2020,14:45,61443,20,649
06-29-2020,14:45,61455,85,1344
06-29-2020,14:45,61462,116,801
06-29-2020,14:45,61469,7,142
06-29-2020,14:45,61525,16,686
06-29-2020,14:45,61547,8,265
06-29-2020,14:45,61548,13,727
06-29-2020,14:45,61550,11,1619
06-29-2020,14:45,61554,38,3588
06-29-2020,14:45,61568,6,252
06-29-2020,14:45,61571,24,1931
06-29-2020,14:45,61602,9,184
06-29-2020,14:45,61603,95,1873
06-29-2020,14:45,61604,78,3190
06-29-2020,14:45,61605,69,1555
06-29-2020,14:45,61606,10,440
06-29-2020,14:45,61607,8,805
06-29-2020,14:45,61610,7,397
06-29-2020,14:45,61611,28,2050
06-29-2020,14:45,61614,132,3093
06-29-2020,14:45,61615,38,2513
06-29-2020,14:45,61616,8,876
06-29-2020,14:45,61701,62,3512
06-29-2020,14:45,61704,83,2612
06-29-2020,14:45,61705,16,1066
06-29-2020,14:45,61726,6,177
06-29-2020,14:45,61729,6,78
06-29-2020,14:45,61739,6,406
06-29-2020,14:45,61761,69,3324
06-29-2020,14:45,61764,18,889
06-29-2020,14:45,61801,52,3079
06-29-2020,14:45,61802,129,3405
06-29-2020,14:45,61820,137,3299
06-29-2020,14:45,61821,156,5068
06-29-2020,14:45,61822,65,3527
06-29-2020,14:45,61832,38,2217
06-29-2020,14:45,61853,46,2413
06-29-2020,14:45,61856,9,737
06-29-2020,14:45,61866,187,2426
06-29-2020,14:45,61873,9,687
06-29-2020,14:45,61874,35,1661
06-29-2020,14:45,61880,9,497
06-29-2020,14:45,61884,6,135
06-29-2020,14:45,61910,17,379
06-29-2020,14:45,61911,10,195
06-29-2020,14:45,61920,100,2285
06-29-2020,14:45,61938,49,2674
06-29-2020,14:45,61944,7,606
06-29-2020,14:45,61951,8,762
06-29-2020,14:45,61953,15,562
06-29-2020,14:45,61956,6,313
06-29-2020,14:45,62002,154,1845
06-29-2020,14:45,62010,42,415
06-29-2020,14:45,62012,13,340
06-29-2020,14:45,62018,12,163
06-29-2020,14:45,62024,14,415
06-29-2020,14:45,62025,123,1512
06-29-2020,14:45,62034,80,1051
06-29-2020,14:45,62035,45,1058
06-29-2020,14:45,62040,155,2584
06-29-2020,14:45,62049,7,845
06-29-2020,14:45,62052,20,861
06-29-2020,14:45,62056,14,890
06-29-2020,14:45,62059,7,48
06-29-2020,14:45,62060,45,398
06-29-2020,14:45,62062,16,1265
06-29-2020,14:45,62069,9,198
06-29-2020,14:45,62088,8,680
06-29-2020,14:45,62090,14,117
06-29-2020,14:45,62095,29,505
06-29-2020,14:45,62201,121,705
06-29-2020,14:45,62203,67,599
06-29-2020,14:45,62204,68,540
06-29-2020,14:45,62205,82,749
06-29-2020,14:45,62206,179,1199
06-29-2020,14:45,62207,111,659
06-29-2020,14:45,62208,110,1101
06-29-2020,14:45,62216,7,219
06-29-2020,14:45,62220,173,1189
06-29-2020,14:45,62221,166,1431
06-29-2020,14:45,62223,74,1021
06-29-2020,14:45,62226,213,1880
06-29-2020,14:45,62230,28,485
06-29-2020,14:45,62231,86,692
06-29-2020,14:45,62232,39,968
06-29-2020,14:45,62233,102,777
06-29-2020,14:45,62234,174,2031
06-29-2020,14:45,62236,53,424
06-29-2020,14:45,62237,6,380
06-29-2020,14:45,62238,8,54
06-29-2020,14:45,62239,20,193
06-29-2020,14:45,62241,6,71
06-29-2020,14:45,62242,6,62
06-29-2020,14:45,62243,9,209
06-29-2020,14:45,62245,7,96
06-29-2020,14:45,62246,7,528
06-29-2020,14:45,62249,21,743
06-29-2020,14:45,62254,100,555
06-29-2020,14:45,62255,7,51
06-29-2020,14:45,62257,13,184
06-29-2020,14:45,62258,21,627
06-29-2020,14:45,62260,13,222
06-29-2020,14:45,62264,57,165
06-29-2020,14:45,62265,43,804
06-29-2020,14:45,62269,101,1409
06-29-2020,14:45,62272,50,192
06-29-2020,14:45,62274,11,348
06-29-2020,14:45,62278,15,309
06-29-2020,14:45,62285,20,201
06-29-2020,14:45,62286,51,513
06-29-2020,14:45,62288,33,304
06-29-2020,14:45,62293,9,314
06-29-2020,14:45,62294,29,654
06-29-2020,14:45,62295,13,70
06-29-2020,14:45,62298,62,1136
06-29-2020,14:45,62301,33,4136
06-29-2020,14:45,62305,37,667
06-29-2020,14:45,62353,7,415
06-29-2020,14:45,62427,6,78
06-29-2020,14:45,62428,8,230
06-29-2020,14:45,62439,6,482
06-29-2020,14:45,62441,10,374
06-29-2020,14:45,62448,37,671
06-29-2020,14:45,62454,10,473
06-29-2020,14:45,62471,17,688
06-29-2020,14:45,62474,6,68
06-29-2020,14:45,62521,115,2578
06-29-2020,14:45,62522,40,739
06-29-2020,14:45,62526,58,1982
06-29-2020,14:45,62560,7,138
06-29-2020,14:45,62561,6,558
06-29-2020,14:45,62563,7,616
06-29-2020,14:45,62565,14,999
06-29-2020,14:45,62568,33,1092
06-29-2020,14:45,62615,7,634
06-29-2020,14:45,62618,76,1042
06-29-2020,14:45,62629,15,1501
06-29-2020,14:45,62650,108,3076
06-29-2020,14:45,62656,12,2159
06-29-2020,14:45,62664,11,338
06-29-2020,14:45,62675,13,735
06-29-2020,14:45,62677,6,302
06-29-2020,14:45,62681,12,442
06-29-2020,14:45,62684,71,919
06-29-2020,14:45,62691,43,303
06-29-2020,14:45,62692,9,232
06-29-2020,14:45,62702,85,5698
06-29-2020,14:45,62703,74,4108
06-29-2020,14:45,62704,63,4756
06-29-2020,14:45,62707,20,1360
06-29-2020,14:45,62711,36,2304
06-29-2020,14:45,62712,7,1160
06-29-2020,14:45,62801,67,2126
06-29-2020,14:45,62832,17,593
06-29-2020,14:45,62837,7,686
06-29-2020,14:45,62863,21,503
06-29-2020,14:45,62864,86,1742
06-29-2020,14:45,62881,7,670
06-29-2020,14:45,62882,14,222
06-29-2020,14:45,62901,170,2587
06-29-2020,14:45,62902,20,388
06-29-2020,14:45,62906,86,1068
06-29-2020,14:45,62907,20,153
06-29-2020,14:45,62912,9,91
06-29-2020,14:45,62914,10,291
06-29-2020,14:45,62918,17,852
06-29-2020,14:45,62920,69,455
06-29-2020,14:45,62939,10,213
06-29-2020,14:45,62946,7,612
06-29-2020,14:45,62948,26,990
06-29-2020,14:45,62951,9,335
06-29-2020,14:45,62952,12,277
06-29-2020,14:45,62959,49,2522
06-29-2020,14:45,62960,7,773
06-29-2020,14:45,62966,103,1470
06-29-2020,14:45,62992,59,230
06-28-2020,11:45,60002,117,1492
06-28-2020,11:45,60004,368,7422
06-28-2020,11:45,60005,206,3436
06-28-2020,11:45,60007,368,3164
06-28-2020,11:45,60008,351,3799
06-28-2020,11:45,60010,157,2897
06-28-2020,11:45,60012,86,715
06-28-2020,11:45,60013,107,1355
06-28-2020,11:45,60014,309,3401
06-28-2020,11:45,60015,191,2448
06-28-2020,11:45,60016,1116,7424
06-28-2020,11:45,60018,673,4135
06-28-2020,11:45,60020,42,906
06-28-2020,11:45,60021,22,306
06-28-2020,11:45,60022,29,649
06-28-2020,11:45,60025,381,4252
06-28-2020,11:45,60026,156,1905
06-28-2020,11:45,60029,8,80
06-28-2020,11:45,60030,197,2984
06-28-2020,11:45,60031,368,3861
06-28-2020,11:45,60033,223,1344
06-28-2020,11:45,60035,274,3569
06-28-2020,11:45,60040,179,805
06-28-2020,11:45,60041,50,723
06-28-2020,11:45,60042,42,529
06-28-2020,11:45,60043,19,249
06-28-2020,11:45,60044,106,1173
06-28-2020,11:45,60045,129,2075
06-28-2020,11:45,60046,214,2509
06-28-2020,11:45,60047,425,3797
06-28-2020,11:45,60048,164,2181
06-28-2020,11:45,60050,233,2527
06-28-2020,11:45,60051,130,1713
06-28-2020,11:45,60053,321,2533
06-28-2020,11:45,60056,657,5268
06-28-2020,11:45,60060,457,3053
06-28-2020,11:45,60061,181,2311
06-28-2020,11:45,60062,342,4797
06-28-2020,11:45,60064,661,2140
06-28-2020,11:45,60067,241,4339
06-28-2020,11:45,60068,324,3562
06-28-2020,11:45,60069,92,1662
06-28-2020,11:45,60070,267,1779
06-28-2020,11:45,60071,15,238
06-28-2020,11:45,60073,1103,6786
06-28-2020,11:45,60074,466,3576
06-28-2020,11:45,60076,526,4594
06-28-2020,11:45,60077,427,3459
06-28-2020,11:45,60079,12,71
06-28-2020,11:45,60081,42,556
06-28-2020,11:45,60083,103,993
06-28-2020,11:45,60084,192,1285
06-28-2020,11:45,60085,2441,10591
06-28-2020,11:45,60087,684,4012
06-28-2020,11:45,60088,133,555
06-28-2020,11:45,60089,321,3360
06-28-2020,11:45,60090,821,4606
06-28-2020,11:45,60091,164,2244
06-28-2020,11:45,60093,182,1981
06-28-2020,11:45,60096,40,474
06-28-2020,11:45,60097,43,718
06-28-2020,11:45,60098,337,3321
06-28-2020,11:45,60099,587,3571
06-28-2020,11:45,60101,825,4496
06-28-2020,11:45,60102,177,2184
06-28-2020,11:45,60103,303,3532
06-28-2020,11:45,60104,437,2797
06-28-2020,11:45,60106,527,3165
06-28-2020,11:45,60107,678,4536
06-28-2020,11:45,60108,339,3321
06-28-2020,11:45,60109,11,323
06-28-2020,11:45,60110,748,3476
06-28-2020,11:45,60112,29,351
06-28-2020,11:45,60115,297,3803
06-28-2020,11:45,60118,86,1162
06-28-2020,11:45,60119,39,729
06-28-2020,11:45,60120,1389,6174
06-28-2020,11:45,60123,937,5932
06-28-2020,11:45,60124,137,1723
06-28-2020,11:45,60126,298,4402
06-28-2020,11:45,60130,164,2805
06-28-2020,11:45,60131,359,2270
06-28-2020,11:45,60133,774,4615
06-28-2020,11:45,60134,181,2212
06-28-2020,11:45,60135,39,565
06-28-2020,11:45,60136,60,569
06-28-2020,11:45,60137,161,2937
06-28-2020,11:45,60139,659,4001
06-28-2020,11:45,60140,102,1307
06-28-2020,11:45,60141,27,796
06-28-2020,11:45,60142,114,2110
06-28-2020,11:45,60143,199,1463
06-28-2020,11:45,60145,7,133
06-28-2020,11:45,60146,9,194
06-28-2020,11:45,60148,396,4733
06-28-2020,11:45,60151,19,279
06-28-2020,11:45,60152,83,866
06-28-2020,11:45,60153,527,3244
06-28-2020,11:45,60154,214,2301
06-28-2020,11:45,60155,180,1033
06-28-2020,11:45,60156,165,1839
06-28-2020,11:45,60157,12,191
06-28-2020,11:45,60160,776,3814
06-28-2020,11:45,60162,171,1348
06-28-2020,11:45,60163,100,666
06-28-2020,11:45,60164,536,4328
06-28-2020,11:45,60165,185,692
06-28-2020,11:45,60169,406,3263
06-28-2020,11:45,60171,132,1154
06-28-2020,11:45,60172,241,2206
06-28-2020,11:45,60173,113,930
06-28-2020,11:45,60174,193,2846
06-28-2020,11:45,60175,112,1686
06-28-2020,11:45,60176,168,1101
06-28-2020,11:45,60177,287,2082
06-28-2020,11:45,60178,69,1524
06-28-2020,11:45,60181,279,2632
06-28-2020,11:45,60184,9,162
06-28-2020,11:45,60185,767,4196
06-28-2020,11:45,60187,152,2748
06-28-2020,11:45,60188,507,4136
06-28-2020,11:45,60189,120,2298
06-28-2020,11:45,60190,57,1124
06-28-2020,11:45,60191,227,1486
06-28-2020,11:45,60192,66,1004
06-28-2020,11:45,60193,280,3859
06-28-2020,11:45,60194,177,2541
06-28-2020,11:45,60195,20,295
06-28-2020,11:45,60201,337,4978
06-28-2020,11:45,60202,453,3944
06-28-2020,11:45,60203,35,530
06-28-2020,11:45,60301,29,357
06-28-2020,11:45,60302,227,3858
06-28-2020,11:45,60304,84,1601
06-28-2020,11:45,60305,59,954
06-28-2020,11:45,60401,42,974
06-28-2020,11:45,60402,1465,8945
06-28-2020,11:45,60403,217,2233
06-28-2020,11:45,60404,125,1981
06-28-2020,11:45,60406,528,3750
06-28-2020,11:45,60408,24,607
06-28-2020,11:45,60409,634,5380
06-28-2020,11:45,60410,54,1016
06-28-2020,11:45,60411,972,8212
06-28-2020,11:45,60415,201,1706
06-28-2020,11:45,60416,18,516
06-28-2020,11:45,60417,173,1864
06-28-2020,11:45,60418,118,734
06-28-2020,11:45,60419,421,3769
06-28-2020,11:45,60420,11,315
06-28-2020,11:45,60421,14,265
06-28-2020,11:45,60422,86,1222
06-28-2020,11:45,60423,158,2495
06-28-2020,11:45,60424,6,125
06-28-2020,11:45,60425,176,1695
06-28-2020,11:45,60426,505,4146
06-28-2020,11:45,60428,223,1859
06-28-2020,11:45,60429,238,2733
06-28-2020,11:45,60430,288,2663
06-28-2020,11:45,60431,232,3105
06-28-2020,11:45,60432,472,2702
06-28-2020,11:45,60433,327,2590
06-28-2020,11:45,60434,166,309
06-28-2020,11:45,60435,724,6950
06-28-2020,11:45,60436,264,2470
06-28-2020,11:45,60438,417,3374
06-28-2020,11:45,60439,111,1808
06-28-2020,11:45,60440,917,7947
06-28-2020,11:45,60441,228,2521
06-28-2020,11:45,60442,49,679
06-28-2020,11:45,60443,387,3145
06-28-2020,11:45,60445,172,2011
06-28-2020,11:45,60446,565,4942
06-28-2020,11:45,60447,59,1059
06-28-2020,11:45,60448,162,1749
06-28-2020,11:45,60449,78,979
06-28-2020,11:45,60450,65,1443
06-28-2020,11:45,60451,138,2300
06-28-2020,11:45,60452,254,2587
06-28-2020,11:45,60453,824,6568
06-28-2020,11:45,60455,330,2032
06-28-2020,11:45,60456,56,458
06-28-2020,11:45,60457,135,1309
06-28-2020,11:45,60458,155,1405
06-28-2020,11:45,60459,452,3339
06-28-2020,11:45,60461,61,726
06-28-2020,11:45,60462,362,3588
06-28-2020,11:45,60463,254,1512
06-28-2020,11:45,60464,57,860
06-28-2020,11:45,60465,272,1584
06-28-2020,11:45,60466,504,3733
06-28-2020,11:45,60467,188,1954
06-28-2020,11:45,60468,37,466
06-28-2020,11:45,60469,88,733
06-28-2020,11:45,60471,228,1875
06-28-2020,11:45,60472,72,756
06-28-2020,11:45,60473,440,4089
06-28-2020,11:45,60475,88,985
06-28-2020,11:45,60476,23,275
06-28-2020,11:45,60477,265,3291
06-28-2020,11:45,60478,344,3061
06-28-2020,11:45,60480,39,569
06-28-2020,11:45,60481,33,1075
06-28-2020,11:45,60482,108,907
06-28-2020,11:45,60484,122,890
06-28-2020,11:45,60487,162,1937
06-28-2020,11:45,60490,148,2187
06-28-2020,11:45,60491,161,1456
06-28-2020,11:45,60501,304,1536
06-28-2020,11:45,60502,104,1675
06-28-2020,11:45,60503,67,1167
06-28-2020,11:45,60504,363,3505
06-28-2020,11:45,60505,2043,10125
06-28-2020,11:45,60506,1156,8040
06-28-2020,11:45,60510,122,2602
06-28-2020,11:45,60513,173,2480
06-28-2020,11:45,60514,50,888
06-28-2020,11:45,60515,111,2012
06-28-2020,11:45,60516,145,2423
06-28-2020,11:45,60517,244,3132
06-28-2020,11:45,60520,10,206
06-28-2020,11:45,60521,189,1813
06-28-2020,11:45,60523,110,1146
06-28-2020,11:45,60525,310,4291
06-28-2020,11:45,60526,91,2639
06-28-2020,11:45,60527,256,3527
06-28-2020,11:45,60532,143,2580
06-28-2020,11:45,60534,188,1365
06-28-2020,11:45,60538,323,2794
06-28-2020,11:45,60540,150,3396
06-28-2020,11:45,60541,11,171
06-28-2020,11:45,60542,203,1994
06-28-2020,11:45,60543,296,3308
06-28-2020,11:45,60544,185,3010
06-28-2020,11:45,60545,156,1440
06-28-2020,11:45,60546,172,3045
06-28-2020,11:45,60548,95,1264
06-28-2020,11:45,60551,26,229
06-28-2020,11:45,60552,9,295
06-28-2020,11:45,60554,48,929
06-28-2020,11:45,60555,139,1320
06-28-2020,11:45,60558,52,1131
06-28-2020,11:45,60559,342,2678
06-28-2020,11:45,60560,121,1895
06-28-2020,11:45,60561,138,2186
06-28-2020,11:45,60563,192,3485
06-28-2020,11:45,60564,191,3092
06-28-2020,11:45,60565,205,2951
06-28-2020,11:45,60585,112,1883
06-28-2020,11:45,60586,395,4593
06-28-2020,11:45,60601,82,1280
06-28-2020,11:45,60602,16,256
06-28-2020,11:45,60603,8,131
06-28-2020,11:45,60604,24,192
06-28-2020,11:45,60605,218,3016
06-28-2020,11:45,60606,38,1034
06-28-2020,11:45,60607,463,3300
06-28-2020,11:45,60608,1816,10034
06-28-2020,11:45,60609,1850,9023
06-28-2020,11:45,60610,289,4371
06-28-2020,11:45,60611,174,4466
06-28-2020,11:45,60612,726,5873
06-28-2020,11:45,60613,413,4874
06-28-2020,11:45,60614,545,7154
06-28-2020,11:45,60615,415,5292
06-28-2020,11:45,60616,481,6485
06-28-2020,11:45,60617,1205,10991
06-28-2020,11:45,60618,1416,10978
06-28-2020,11:45,60619,974,10742
06-28-2020,11:45,60620,1172,10147
06-28-2020,11:45,60621,576,4320
06-28-2020,11:45,60622,686,6548
06-28-2020,11:45,60623,3470,12593
06-28-2020,11:45,60624,903,5356
06-28-2020,11:45,60625,1515,9802
06-28-2020,11:45,60626,1114,8612
06-28-2020,11:45,60628,1152,9080
06-28-2020,11:45,60629,3451,14924
06-28-2020,11:45,60630,862,6514
06-28-2020,11:45,60631,338,4585
06-28-2020,11:45,60632,3250,12121
06-28-2020,11:45,60633,293,2312
06-28-2020,11:45,60634,1547,11776
06-28-2020,11:45,60636,776,4454
06-28-2020,11:45,60637,660,7177
06-28-2020,11:45,60638,1159,7534
06-28-2020,11:45,60639,3467,15253
06-28-2020,11:45,60640,859,9023
06-28-2020,11:45,60641,1588,10389
06-28-2020,11:45,60642,192,2361
06-28-2020,11:45,60643,760,7465
06-28-2020,11:45,60644,1297,7957
06-28-2020,11:45,60645,1123,6699
06-28-2020,11:45,60646,394,3824
06-28-2020,11:45,60647,1453,10682
06-28-2020,11:45,60649,852,7434
06-28-2020,11:45,60651,1828,9174
06-28-2020,11:45,60652,992,5764
06-28-2020,11:45,60653,557,6076
06-28-2020,11:45,60654,160,1920
06-28-2020,11:45,60655,280,4116
06-28-2020,11:45,60656,302,3399
06-28-2020,11:45,60657,378,6555
06-28-2020,11:45,60659,808,4613
06-28-2020,11:45,60660,477,4583
06-28-2020,11:45,60661,49,835
06-28-2020,11:45,60680,6,117
06-28-2020,11:45,60706,439,4005
06-28-2020,11:45,60707,814,6114
06-28-2020,11:45,60712,184,1745
06-28-2020,11:45,60714,910,5355
06-28-2020,11:45,60803,272,2288
06-28-2020,11:45,60804,3018,12538
06-28-2020,11:45,60805,242,2140
06-28-2020,11:45,60827,385,3196
06-28-2020,11:45,60901,689,5408
06-28-2020,11:45,60911,11,132
06-28-2020,11:45,60912,6,56
06-28-2020,11:45,60913,7,110
06-28-2020,11:45,60914,227,3372
06-28-2020,11:45,60915,85,1515
06-28-2020,11:45,60919,6,43
06-28-2020,11:45,60922,15,260
06-28-2020,11:45,60927,52,440
06-28-2020,11:45,60928,7,58
06-28-2020,11:45,60930,6,58
06-28-2020,11:45,60936,6,425
06-28-2020,11:45,60938,7,164
06-28-2020,11:45,60940,11,267
06-28-2020,11:45,60941,7,160
06-28-2020,11:45,60942,7,581
06-28-2020,11:45,60950,110,1839
06-28-2020,11:45,60954,44,994
06-28-2020,11:45,60955,15,149
06-28-2020,11:45,60957,9,460
06-28-2020,11:45,60958,25,246
06-28-2020,11:45,60964,40,525
06-28-2020,11:45,60970,18,576
06-28-2020,11:45,61008,466,3774
06-28-2020,11:45,61010,22,415
06-28-2020,11:45,61011,10,173
06-28-2020,11:45,61012,23,171
06-28-2020,11:45,61016,48,472
06-28-2020,11:45,61019,7,197
06-28-2020,11:45,61020,17,232
06-28-2020,11:45,61021,93,1535
06-28-2020,11:45,61032,234,3643
06-28-2020,11:45,61036,14,559
06-28-2020,11:45,61041,6,38
06-28-2020,11:45,61054,7,257
06-28-2020,11:45,61061,13,456
06-28-2020,11:45,61063,10,281
06-28-2020,11:45,61064,10,173
06-28-2020,11:45,61065,70,845
06-28-2020,11:45,61068,154,1482
06-28-2020,11:45,61071,43,533
06-28-2020,11:45,61072,37,704
06-28-2020,11:45,61073,79,1366
06-28-2020,11:45,61080,55,643
06-28-2020,11:45,61081,91,1021
06-28-2020,11:45,61084,9,143
06-28-2020,11:45,61085,8,172
06-28-2020,11:45,61088,11,414
06-28-2020,11:45,61101,344,2946
06-28-2020,11:45,61102,293,2433
06-28-2020,11:45,61103,329,3461
06-28-2020,11:45,61104,336,2173
06-28-2020,11:45,61107,288,3379
06-28-2020,11:45,61108,446,3769
06-28-2020,11:45,61109,307,3002
06-28-2020,11:45,61111,112,2208
06-28-2020,11:45,61114,119,1817
06-28-2020,11:45,61115,144,1968
06-28-2020,11:45,61201,244,3299
06-28-2020,11:45,61235,8,123
06-28-2020,11:45,61238,7,196
06-28-2020,11:45,61239,8,88
06-28-2020,11:45,61240,14,447
06-28-2020,11:45,61241,19,514
06-28-2020,11:45,61244,252,2800
06-28-2020,11:45,61252,26,249
06-28-2020,11:45,61254,12,826
06-28-2020,11:45,61256,6,136
06-28-2020,11:45,61264,30,785
06-28-2020,11:45,61265,262,3969
06-28-2020,11:45,61270,9,344
06-28-2020,11:45,61273,6,205
06-28-2020,11:45,61275,13,254
06-28-2020,11:45,61282,54,864
06-28-2020,11:45,61284,6,145
06-28-2020,11:45,61301,6,813
06-28-2020,11:45,61314,6,44
06-28-2020,11:45,61341,46,795
06-28-2020,11:45,61342,21,418
06-28-2020,11:45,61350,31,1525
06-28-2020,11:45,61354,6,592
06-28-2020,11:45,61356,6,761
06-28-2020,11:45,61360,6,127
06-28-2020,11:45,61364,7,1091
06-28-2020,11:45,61401,108,2170
06-28-2020,11:45,61410,7,134
06-28-2020,11:45,61443,20,637
06-28-2020,11:45,61455,85,1317
06-28-2020,11:45,61462,116,792
06-28-2020,11:45,61469,7,138
06-28-2020,11:45,61525,14,677
06-28-2020,11:45,61547,8,264
06-28-2020,11:45,61548,13,713
06-28-2020,11:45,61550,11,1600
06-28-2020,11:45,61554,38,3540
06-28-2020,11:45,61568,6,248
06-28-2020,11:45,61571,22,1901
06-28-2020,11:45,61602,9,176
06-28-2020,11:45,61603,92,1842
06-28-2020,11:45,61604,76,3132
06-28-2020,11:45,61605,67,1535
06-28-2020,11:45,61606,10,433
06-28-2020,11:45,61607,8,790
06-28-2020,11:45,61610,7,391
06-28-2020,11:45,61611,28,2013
06-28-2020,11:45,61614,131,3036
06-28-2020,11:45,61615,37,2488
06-28-2020,11:45,61616,8,803
06-28-2020,11:45,61701,62,3470
06-28-2020,11:45,61704,83,2584
06-28-2020,11:45,61705,16,1050
06-28-2020,11:45,61726,6,176
06-28-2020,11:45,61729,6,75
06-28-2020,11:45,61739,6,403
06-28-2020,11:45,61761,69,3287
06-28-2020,11:45,61764,18,866
06-28-2020,11:45,61801,52,3033
06-28-2020,11:45,61802,129,3365
06-28-2020,11:45,61820,135,3248
06-28-2020,11:45,61821,155,5002
06-28-2020,11:45,61822,64,3448
06-28-2020,11:45,61832,37,2158
06-28-2020,11:45,61853,45,2331
06-28-2020,11:45,61856,9,726
06-28-2020,11:45,61866,186,2404
06-28-2020,11:45,61873,8,674
06-28-2020,11:45,61874,35,1635
06-28-2020,11:45,61880,9,493
06-28-2020,11:45,61884,6,135
06-28-2020,11:45,61910,16,375
06-28-2020,11:45,61911,10,195
06-28-2020,11:45,61920,100,2237
06-28-2020,11:45,61938,49,2649
06-28-2020,11:45,61944,7,589
06-28-2020,11:45,61951,8,747
06-28-2020,11:45,61953,15,555
06-28-2020,11:45,62002,153,1756
06-28-2020,11:45,62010,42,397
06-28-2020,11:45,62012,13,327
06-28-2020,11:45,62018,12,159
06-28-2020,11:45,62024,14,401
06-28-2020,11:45,62025,122,1450
06-28-2020,11:45,62034,80,1033
06-28-2020,11:45,62035,42,888
06-28-2020,11:45,62040,148,2537
06-28-2020,11:45,62049,6,835
06-28-2020,11:45,62052,20,774
06-28-2020,11:45,62056,14,878
06-28-2020,11:45,62059,7,48
06-28-2020,11:45,62060,45,374
06-28-2020,11:45,62062,16,1239
06-28-2020,11:45,62069,9,195
06-28-2020,11:45,62088,8,667
06-28-2020,11:45,62090,14,117
06-28-2020,11:45,62095,29,483
06-28-2020,11:45,62201,115,677
06-28-2020,11:45,62203,65,576
06-28-2020,11:45,62204,65,519
06-28-2020,11:45,62205,77,708
06-28-2020,11:45,62206,164,1168
06-28-2020,11:45,62207,110,638
06-28-2020,11:45,62208,108,1065
06-28-2020,11:45,62216,7,216
06-28-2020,11:45,62220,170,1156
06-28-2020,11:45,62221,163,1395
06-28-2020,11:45,62223,72,967
06-28-2020,11:45,62226,209,1839
06-28-2020,11:45,62230,28,479
06-28-2020,11:45,62231,86,680
06-28-2020,11:45,62232,39,949
06-28-2020,11:45,62233,102,765
06-28-2020,11:45,62234,168,1983
06-28-2020,11:45,62236,52,413
06-28-2020,11:45,62237,6,368
06-28-2020,11:45,62238,8,53
06-28-2020,11:45,62239,19,188
06-28-2020,11:45,62241,6,69
06-28-2020,11:45,62242,6,61
06-28-2020,11:45,62243,9,202
06-28-2020,11:45,62245,6,91
06-28-2020,11:45,62246,7,512
06-28-2020,11:45,62249,21,728
06-28-2020,11:45,62254,99,554
06-28-2020,11:45,62255,7,50
06-28-2020,11:45,62257,13,171
06-28-2020,11:45,62258,20,574
06-28-2020,11:45,62260,13,218
06-28-2020,11:45,62264,57,160
06-28-2020,11:45,62265,43,800
06-28-2020,11:45,62269,97,1365
06-28-2020,11:45,62272,50,192
06-28-2020,11:45,62274,11,338
06-28-2020,11:45,62278,15,306
06-28-2020,11:45,62285,20,175
06-28-2020,11:45,62286,51,508
06-28-2020,11:45,62288,33,297
06-28-2020,11:45,62293,9,309
06-28-2020,11:45,62294,29,633
06-28-2020,11:45,62295,13,69
06-28-2020,11:45,62298,60,990
06-28-2020,11:45,62301,31,4104
06-28-2020,11:45,62305,34,649
06-28-2020,11:45,62353,7,412
06-28-2020,11:45,62427,6,78
06-28-2020,11:45,62428,8,220
06-28-2020,11:45,62439,6,475
06-28-2020,11:45,62441,10,370
06-28-2020,11:45,62448,37,609
06-28-2020,11:45,62454,10,467
06-28-2020,11:45,62471,17,677
06-28-2020,11:45,62474,6,68
06-28-2020,11:45,62521,114,2531
06-28-2020,11:45,62522,40,731
06-28-2020,11:45,62526,58,1944
06-28-2020,11:45,62560,7,137
06-28-2020,11:45,62561,6,549
06-28-2020,11:45,62563,7,605
06-28-2020,11:45,62565,14,993
06-28-2020,11:45,62568,33,1067
06-28-2020,11:45,62615,7,621
06-28-2020,11:45,62618,75,1017
06-28-2020,11:45,62629,15,1483
06-28-2020,11:45,62650,107,2997
06-28-2020,11:45,62656,12,2134
06-28-2020,11:45,62664,11,337
06-28-2020,11:45,62675,13,723
06-28-2020,11:45,62677,6,292
06-28-2020,11:45,62681,12,439
06-28-2020,11:45,62684,71,912
06-28-2020,11:45,62691,43,302
06-28-2020,11:45,62692,9,229
06-28-2020,11:45,62702,85,5625
06-28-2020,11:45,62703,74,4037
06-28-2020,11:45,62704,61,4675
06-28-2020,11:45,62707,20,1347
06-28-2020,11:45,62711,31,2214
06-28-2020,11:45,62712,6,1129
06-28-2020,11:45,62801,67,2057
06-28-2020,11:45,62832,16,582
06-28-2020,11:45,62837,7,677
06-28-2020,11:45,62863,21,496
06-28-2020,11:45,62864,86,1706
06-28-2020,11:45,62881,7,646
06-28-2020,11:45,62882,14,211
06-28-2020,11:45,62901,170,2558
06-28-2020,11:45,62902,20,376
06-28-2020,11:45,62906,86,1017
06-28-2020,11:45,62907,20,149
06-28-2020,11:45,62912,9,86
06-28-2020,11:45,62914,10,282
06-28-2020,11:45,62918,17,826
06-28-2020,11:45,62920,69,440
06-28-2020,11:45,62939,10,208
06-28-2020,11:45,62946,7,601
06-28-2020,11:45,62948,26,973
06-28-2020,11:45,62951,9,323
06-28-2020,11:45,62952,12,261
06-28-2020,11:45,62959,48,2453
06-28-2020,11:45,62960,7,761
06-28-2020,11:45,62966,103,1443
06-28-2020,11:45,62992,59,223
06-27-2020,12:45,60002,116,1448
06-27-2020,12:45,60004,367,7356
06-27-2020,12:45,60005,204,3400
06-27-2020,12:45,60007,366,3136
06-27-2020,12:45,60008,350,3766
06-27-2020,12:45,60010,155,2834
06-27-2020,12:45,60012,86,703
06-27-2020,12:45,60013,105,1344
06-27-2020,12:45,60014,308,3336
06-27-2020,12:45,60015,190,2345
06-27-2020,12:45,60016,1114,7359
06-27-2020,12:45,60018,670,4098
06-27-2020,12:45,60020,42,887
06-27-2020,12:45,60021,22,301
06-27-2020,12:45,60022,29,634
06-27-2020,12:45,60025,379,4212
06-27-2020,12:45,60026,156,1894
06-27-2020,12:45,60029,8,78
06-27-2020,12:45,60030,193,2898
06-27-2020,12:45,60031,368,3805
06-27-2020,12:45,60033,223,1317
06-27-2020,12:45,60035,273,3497
06-27-2020,12:45,60040,179,797
06-27-2020,12:45,60041,50,710
06-27-2020,12:45,60042,41,520
06-27-2020,12:45,60043,19,247
06-27-2020,12:45,60044,106,1155
06-27-2020,12:45,60045,128,2054
06-27-2020,12:45,60046,214,2443
06-27-2020,12:45,60047,424,3697
06-27-2020,12:45,60048,164,2132
06-27-2020,12:45,60050,232,2503
06-27-2020,12:45,60051,130,1684
06-27-2020,12:45,60053,318,2510
06-27-2020,12:45,60056,654,5191
06-27-2020,12:45,60060,455,3002
06-27-2020,12:45,60061,181,2293
06-27-2020,12:45,60062,341,4680
06-27-2020,12:45,60064,660,2118
06-27-2020,12:45,60067,240,4223
06-27-2020,12:45,60068,324,3502
06-27-2020,12:45,60069,92,1487
06-27-2020,12:45,60070,267,1765
06-27-2020,12:45,60071,15,231
06-27-2020,12:45,60073,1098,6628
06-27-2020,12:45,60074,466,3546
06-27-2020,12:45,60076,524,4493
06-27-2020,12:45,60077,427,3409
06-27-2020,12:45,60079,12,69
06-27-2020,12:45,60081,42,553
06-27-2020,12:45,60083,103,980
06-27-2020,12:45,60084,192,1264
06-27-2020,12:45,60085,2435,10475
06-27-2020,12:45,60087,684,3956
06-27-2020,12:45,60088,133,544
06-27-2020,12:45,60089,320,3331
06-27-2020,12:45,60090,822,4540
06-27-2020,12:45,60091,163,2218
06-27-2020,12:45,60093,182,1959
06-27-2020,12:45,60096,40,469
06-27-2020,12:45,60097,42,713
06-27-2020,12:45,60098,335,3262
06-27-2020,12:45,60099,587,3509
06-27-2020,12:45,60101,823,4468
06-27-2020,12:45,60102,176,2147
06-27-2020,12:45,60103,302,3442
06-27-2020,12:45,60104,434,2759
06-27-2020,12:45,60106,526,3151
06-27-2020,12:45,60107,675,4489
06-27-2020,12:45,60108,338,3300
06-27-2020,12:45,60109,11,322
06-27-2020,12:45,60110,748,3433
06-27-2020,12:45,60112,29,348
06-27-2020,12:45,60115,297,3770
06-27-2020,12:45,60118,86,1136
06-27-2020,12:45,60119,39,717
06-27-2020,12:45,60120,1387,6110
06-27-2020,12:45,60123,932,5868
06-27-2020,12:45,60124,137,1694
06-27-2020,12:45,60126,294,4352
06-27-2020,12:45,60130,161,2778
06-27-2020,12:45,60131,359,2250
06-27-2020,12:45,60133,771,4570
06-27-2020,12:45,60134,178,2191
06-27-2020,12:45,60135,39,555
06-27-2020,12:45,60136,59,557
06-27-2020,12:45,60137,161,2903
06-27-2020,12:45,60139,659,3976
06-27-2020,12:45,60140,102,1280
06-27-2020,12:45,60141,27,774
06-27-2020,12:45,60142,113,2043
06-27-2020,12:45,60143,197,1434
06-27-2020,12:45,60145,7,132
06-27-2020,12:45,60146,9,192
06-27-2020,12:45,60148,394,4702
06-27-2020,12:45,60151,18,276
06-27-2020,12:45,60152,83,857
06-27-2020,12:45,60153,527,3211
06-27-2020,12:45,60154,214,2274
06-27-2020,12:45,60155,180,1016
06-27-2020,12:45,60156,165,1797
06-27-2020,12:45,60157,12,191
06-27-2020,12:45,60160,774,3783
06-27-2020,12:45,60162,171,1333
06-27-2020,12:45,60163,100,661
06-27-2020,12:45,60164,537,4300
06-27-2020,12:45,60165,184,684
06-27-2020,12:45,60169,402,3214
06-27-2020,12:45,60171,130,1145
06-27-2020,12:45,60172,241,2191
06-27-2020,12:45,60173,112,918
06-27-2020,12:45,60174,192,2821
06-27-2020,12:45,60175,112,1673
06-27-2020,12:45,60176,168,1090
06-27-2020,12:45,60177,286,2045
06-27-2020,12:45,60178,69,1507
06-27-2020,12:45,60181,279,2603
06-27-2020,12:45,60184,9,162
06-27-2020,12:45,60185,767,4170
06-27-2020,12:45,60187,151,2731
06-27-2020,12:45,60188,507,4099
06-27-2020,12:45,60189,121,2273
06-27-2020,12:45,60190,57,1121
06-27-2020,12:45,60191,227,1474
06-27-2020,12:45,60192,66,982
06-27-2020,12:45,60193,280,3823
06-27-2020,12:45,60194,174,2485
06-27-2020,12:45,60195,20,291
06-27-2020,12:45,60201,336,4915
06-27-2020,12:45,60202,451,3898
06-27-2020,12:45,60203,35,522
06-27-2020,12:45,60301,29,347
06-27-2020,12:45,60302,226,3740
06-27-2020,12:45,60304,83,1580
06-27-2020,12:45,60305,59,941
06-27-2020,12:45,60401,42,968
06-27-2020,12:45,60402,1463,8832
06-27-2020,12:45,60403,217,2212
06-27-2020,12:45,60404,124,1950
06-27-2020,12:45,60406,528,3712
06-27-2020,12:45,60408,24,601
06-27-2020,12:45,60409,630,5319
06-27-2020,12:45,60410,54,997
06-27-2020,12:45,60411,972,8152
06-27-2020,12:45,60415,201,1690
06-27-2020,12:45,60416,18,495
06-27-2020,12:45,60417,172,1843
06-27-2020,12:45,60418,118,729
06-27-2020,12:45,60419,418,3694
06-27-2020,12:45,60420,9,310
06-27-2020,12:45,60421,14,262
06-27-2020,12:45,60422,85,1214
06-27-2020,12:45,60423,158,2456
06-27-2020,12:45,60424,6,121
06-27-2020,12:45,60425,176,1689
06-27-2020,12:45,60426,503,4106
06-27-2020,12:45,60428,221,1843
06-27-2020,12:45,60429,238,2721
06-27-2020,12:45,60430,288,2647
06-27-2020,12:45,60431,232,3059
06-27-2020,12:45,60432,471,2667
06-27-2020,12:45,60433,325,2571
06-27-2020,12:45,60434,166,302
06-27-2020,12:45,60435,721,6878
06-27-2020,12:45,60436,262,2447
06-27-2020,12:45,60438,416,3347
06-27-2020,12:45,60439,112,1783
06-27-2020,12:45,60440,917,7887
06-27-2020,12:45,60441,228,2481
06-27-2020,12:45,60442,49,669
06-27-2020,12:45,60443,385,3125
06-27-2020,12:45,60445,171,1979
06-27-2020,12:45,60446,564,4905
06-27-2020,12:45,60447,59,1040
06-27-2020,12:45,60448,157,1726
06-27-2020,12:45,60449,78,971
06-27-2020,12:45,60450,65,1428
06-27-2020,12:45,60451,136,2264
06-27-2020,12:45,60452,253,2565
06-27-2020,12:45,60453,818,6492
06-27-2020,12:45,60455,325,2003
06-27-2020,12:45,60456,56,454
06-27-2020,12:45,60457,134,1289
06-27-2020,12:45,60458,154,1390
06-27-2020,12:45,60459,450,3304
06-27-2020,12:45,60461,61,723
06-27-2020,12:45,60462,362,3549
06-27-2020,12:45,60463,254,1496
06-27-2020,12:45,60464,57,842
06-27-2020,12:45,60465,267,1561
06-27-2020,12:45,60466,504,3720
06-27-2020,12:45,60467,184,1926
06-27-2020,12:45,60468,37,458
06-27-2020,12:45,60469,88,728
06-27-2020,12:45,60471,228,1861
06-27-2020,12:45,60472,72,748
06-27-2020,12:45,60473,439,4053
06-27-2020,12:45,60475,88,971
06-27-2020,12:45,60476,23,274
06-27-2020,12:45,60477,263,3259
06-27-2020,12:45,60478,343,3039
06-27-2020,12:45,60480,39,545
06-27-2020,12:45,60481,33,1064
06-27-2020,12:45,60482,108,895
06-27-2020,12:45,60484,122,885
06-27-2020,12:45,60487,162,1900
06-27-2020,12:45,60490,147,2165
06-27-2020,12:45,60491,159,1435
06-27-2020,12:45,60501,304,1522
06-27-2020,12:45,60502,104,1670
06-27-2020,12:45,60503,67,1154
06-27-2020,12:45,60504,362,3476
06-27-2020,12:45,60505,2040,10072
06-27-2020,12:45,60506,1153,7986
06-27-2020,12:45,60510,119,2558
06-27-2020,12:45,60513,173,2454
06-27-2020,12:45,60514,50,870
06-27-2020,12:45,60515,109,1984
06-27-2020,12:45,60516,142,2388
06-27-2020,12:45,60517,244,3091
06-27-2020,12:45,60520,10,203
06-27-2020,12:45,60521,188,1792
06-27-2020,12:45,60523,111,1130
06-27-2020,12:45,60525,309,4229
06-27-2020,12:45,60526,91,2619
06-27-2020,12:45,60527,253,3454
06-27-2020,12:45,60532,143,2555
06-27-2020,12:45,60534,188,1353
06-27-2020,12:45,60538,323,2760
06-27-2020,12:45,60540,149,3354
06-27-2020,12:45,60541,11,169
06-27-2020,12:45,60542,203,1981
06-27-2020,12:45,60543,292,3266
06-27-2020,12:45,60544,184,2979
06-27-2020,12:45,60545,156,1425
06-27-2020,12:45,60546,172,3013
06-27-2020,12:45,60548,92,1226
06-27-2020,12:45,60551,26,224
06-27-2020,12:45,60552,9,287
06-27-2020,12:45,60554,46,921
06-27-2020,12:45,60555,139,1311
06-27-2020,12:45,60558,52,1118
06-27-2020,12:45,60559,340,2644
06-27-2020,12:45,60560,121,1866
06-27-2020,12:45,60561,138,2157
06-27-2020,12:45,60563,192,3455
06-27-2020,12:45,60564,190,3061
06-27-2020,12:45,60565,205,2915
06-27-2020,12:45,60585,111,1854
06-27-2020,12:45,60586,393,4521
06-27-2020,12:45,60601,81,1255
06-27-2020,12:45,60602,16,253
06-27-2020,12:45,60603,8,130
06-27-2020,12:45,60604,23,190
06-27-2020,12:45,60605,217,2967
06-27-2020,12:45,60606,38,1019
06-27-2020,12:45,60607,462,3240
06-27-2020,12:45,60608,1812,9802
06-27-2020,12:45,60609,1845,8883
06-27-2020,12:45,60610,284,4292
06-27-2020,12:45,60611,171,4402
06-27-2020,12:45,60612,722,5761
06-27-2020,12:45,60613,409,4788
06-27-2020,12:45,60614,540,7021
06-27-2020,12:45,60615,414,5192
06-27-2020,12:45,60616,476,6363
06-27-2020,12:45,60617,1200,10829
06-27-2020,12:45,60618,1407,10788
06-27-2020,12:45,60619,970,10616
06-27-2020,12:45,60620,1172,10027
06-27-2020,12:45,60621,576,4257
06-27-2020,12:45,60622,684,6336
06-27-2020,12:45,60623,3456,12436
06-27-2020,12:45,60624,900,5272
06-27-2020,12:45,60625,1512,9604
06-27-2020,12:45,60626,1109,8450
06-27-2020,12:45,60628,1145,8902
06-27-2020,12:45,60629,3437,14712
06-27-2020,12:45,60630,862,6415
06-27-2020,12:45,60631,335,4531
06-27-2020,12:45,60632,3244,11877
06-27-2020,12:45,60633,291,2288
06-27-2020,12:45,60634,1535,11630
06-27-2020,12:45,60636,774,4388
06-27-2020,12:45,60637,657,7056
06-27-2020,12:45,60638,1151,7461
06-27-2020,12:45,60639,3453,14969
06-27-2020,12:45,60640,854,8802
06-27-2020,12:45,60641,1579,10186
06-27-2020,12:45,60642,189,2310
06-27-2020,12:45,60643,755,7374
06-27-2020,12:45,60644,1297,7839
06-27-2020,12:45,60645,1119,6616
06-27-2020,12:45,60646,393,3768
06-27-2020,12:45,60647,1450,10415
06-27-2020,12:45,60649,852,7266
06-27-2020,12:45,60651,1819,9017
06-27-2020,12:45,60652,991,5685
06-27-2020,12:45,60653,554,5976
06-27-2020,12:45,60654,159,1881
06-27-2020,12:45,60655,279,4060
06-27-2020,12:45,60656,299,3359
06-27-2020,12:45,60657,375,6454
06-27-2020,12:45,60659,804,4565
06-27-2020,12:45,60660,474,4477
06-27-2020,12:45,60661,48,820
06-27-2020,12:45,60680,6,116
06-27-2020,12:45,60706,435,3955
06-27-2020,12:45,60707,811,6023
06-27-2020,12:45,60712,184,1724
06-27-2020,12:45,60714,907,5280
06-27-2020,12:45,60803,271,2272
06-27-2020,12:45,60804,3014,12424
06-27-2020,12:45,60805,239,2110
06-27-2020,12:45,60827,384,3166
06-27-2020,12:45,60901,688,5309
06-27-2020,12:45,60911,11,130
06-27-2020,12:45,60912,6,54
06-27-2020,12:45,60913,7,108
06-27-2020,12:45,60914,226,3297
06-27-2020,12:45,60915,85,1485
06-27-2020,12:45,60919,6,43
06-27-2020,12:45,60922,15,251
06-27-2020,12:45,60927,52,439
06-27-2020,12:45,60928,7,58
06-27-2020,12:45,60930,6,57
06-27-2020,12:45,60936,6,413
06-27-2020,12:45,60938,7,161
06-27-2020,12:45,60940,11,254
06-27-2020,12:45,60941,7,154
06-27-2020,12:45,60942,6,564
06-27-2020,12:45,60950,110,1815
06-27-2020,12:45,60954,44,955
06-27-2020,12:45,60955,15,143
06-27-2020,12:45,60957,9,446
06-27-2020,12:45,60958,25,238
06-27-2020,12:45,60964,40,511
06-27-2020,12:45,60970,18,574
06-27-2020,12:45,61008,464,3734
06-27-2020,12:45,61010,21,406
06-27-2020,12:45,61011,10,170
06-27-2020,12:45,61012,23,170
06-27-2020,12:45,61016,47,467
06-27-2020,12:45,61019,7,191
06-27-2020,12:45,61020,17,229
06-27-2020,12:45,61021,92,1522
06-27-2020,12:45,61032,234,3571
06-27-2020,12:45,61036,13,430
06-27-2020,12:45,61041,6,32
06-27-2020,12:45,61054,7,256
06-27-2020,12:45,61061,12,438
06-27-2020,12:45,61063,10,274
06-27-2020,12:45,61064,10,171
06-27-2020,12:45,61065,68,835
06-27-2020,12:45,61068,152,1471
06-27-2020,12:45,61071,42,530
06-27-2020,12:45,61072,37,697
06-27-2020,12:45,61073,79,1342
06-27-2020,12:45,61080,54,633
06-27-2020,12:45,61081,91,1017
06-27-2020,12:45,61084,9,143
06-27-2020,12:45,61085,8,167
06-27-2020,12:45,61088,11,410
06-27-2020,12:45,61101,344,2915
06-27-2020,12:45,61102,293,2405
06-27-2020,12:45,61103,329,3434
06-27-2020,12:45,61104,334,2152
06-27-2020,12:45,61107,287,3348
06-27-2020,12:45,61108,441,3730
06-27-2020,12:45,61109,306,2977
06-27-2020,12:45,61111,111,2180
06-27-2020,12:45,61114,118,1788
06-27-2020,12:45,61115,143,1947
06-27-2020,12:45,61201,238,3225
06-27-2020,12:45,61235,8,118
06-27-2020,12:45,61238,6,187
06-27-2020,12:45,61239,8,87
06-27-2020,12:45,61240,14,432
06-27-2020,12:45,61241,18,503
06-27-2020,12:45,61244,251,2732
06-27-2020,12:45,61252,26,248
06-27-2020,12:45,61254,12,755
06-27-2020,12:45,61256,6,134
06-27-2020,12:45,61264,30,757
06-27-2020,12:45,61265,255,3858
06-27-2020,12:45,61270,9,313
06-27-2020,12:45,61273,6,201
06-27-2020,12:45,61275,13,246
06-27-2020,12:45,61277,6,387
06-27-2020,12:45,61282,51,815
06-27-2020,12:45,61284,6,141
06-27-2020,12:45,61301,6,809
06-27-2020,12:45,61314,6,44
06-27-2020,12:45,61341,46,780
06-27-2020,12:45,61342,21,414
06-27-2020,12:45,61350,31,1454
06-27-2020,12:45,61354,6,590
06-27-2020,12:45,61356,6,759
06-27-2020,12:45,61360,6,127
06-27-2020,12:45,61364,7,1065
06-27-2020,12:45,61401,108,2145
06-27-2020,12:45,61410,7,133
06-27-2020,12:45,61443,19,617
06-27-2020,12:45,61455,85,1309
06-27-2020,12:45,61462,115,785
06-27-2020,12:45,61469,7,134
06-27-2020,12:45,61525,14,662
06-27-2020,12:45,61547,8,258
06-27-2020,12:45,61548,13,700
06-27-2020,12:45,61550,11,1581
06-27-2020,12:45,61554,35,3485
06-27-2020,12:45,61568,6,240
06-27-2020,12:45,61571,22,1881
06-27-2020,12:45,61602,7,171
06-27-2020,12:45,61603,92,1823
06-27-2020,12:45,61604,75,3090
06-27-2020,12:45,61605,66,1518
06-27-2020,12:45,61606,10,429
06-27-2020,12:45,61607,8,779
06-27-2020,12:45,61610,7,385
06-27-2020,12:45,61611,28,1979
06-27-2020,12:45,61614,129,3005
06-27-2020,12:45,61615,36,2467
06-27-2020,12:45,61616,8,794
06-27-2020,12:45,61701,62,3450
06-27-2020,12:45,61704,82,2565
06-27-2020,12:45,61705,16,1045
06-27-2020,12:45,61726,6,175
06-27-2020,12:45,61729,6,75
06-27-2020,12:45,61739,6,400
06-27-2020,12:45,61761,69,3269
06-27-2020,12:45,61764,18,865
06-27-2020,12:45,61801,52,2916
06-27-2020,12:45,61802,127,3281
06-27-2020,12:45,61820,135,3144
06-27-2020,12:45,61821,150,4835
06-27-2020,12:45,61822,63,3288
06-27-2020,12:45,61832,35,2088
06-27-2020,12:45,61853,44,2144
06-27-2020,12:45,61856,9,701
06-27-2020,12:45,61866,185,2357
06-27-2020,12:45,61873,8,634
06-27-2020,12:45,61874,35,1565
06-27-2020,12:45,61880,9,475
06-27-2020,12:45,61884,6,125
06-27-2020,12:45,61910,15,368
06-27-2020,12:45,61911,10,185
06-27-2020,12:45,61920,100,2075
06-27-2020,12:45,61938,46,2557
06-27-2020,12:45,61944,7,578
06-27-2020,12:45,61951,8,703
06-27-2020,12:45,61953,15,530
06-27-2020,12:45,62002,152,1726
06-27-2020,12:45,62010,42,390
06-27-2020,12:45,62012,13,325
06-27-2020,12:45,62018,12,158
06-27-2020,12:45,62024,14,397
06-27-2020,12:45,62025,122,1431
06-27-2020,12:45,62034,79,997
06-27-2020,12:45,62035,41,802
06-27-2020,12:45,62040,145,2504
06-27-2020,12:45,62049,6,832
06-27-2020,12:45,62052,20,581
06-27-2020,12:45,62056,14,873
06-27-2020,12:45,62059,7,48
06-27-2020,12:45,62060,45,371
06-27-2020,12:45,62062,16,1232
06-27-2020,12:45,62069,9,193
06-27-2020,12:45,62088,8,665
06-27-2020,12:45,62090,14,117
06-27-2020,12:45,62095,28,475
06-27-2020,12:45,62201,97,589
06-27-2020,12:45,62203,64,570
06-27-2020,12:45,62204,65,513
06-27-2020,12:45,62205,76,703
06-27-2020,12:45,62206,160,1140
06-27-2020,12:45,62207,109,627
06-27-2020,12:45,62208,107,1055
06-27-2020,12:45,62216,7,213
06-27-2020,12:45,62220,161,1139
06-27-2020,12:45,62221,163,1373
06-27-2020,12:45,62223,71,946
06-27-2020,12:45,62226,206,1789
06-27-2020,12:45,62230,28,470
06-27-2020,12:45,62231,86,674
06-27-2020,12:45,62232,36,938
06-27-2020,12:45,62233,102,761
06-27-2020,12:45,62234,163,1936
06-27-2020,12:45,62236,52,409
06-27-2020,12:45,62237,6,368
06-27-2020,12:45,62238,8,53
06-27-2020,12:45,62239,19,183
06-27-2020,12:45,62241,6,68
06-27-2020,12:45,62242,6,59
06-27-2020,12:45,62243,9,199
06-27-2020,12:45,62246,7,504
06-27-2020,12:45,62249,20,718
06-27-2020,12:45,62254,99,551
06-27-2020,12:45,62255,7,50
06-27-2020,12:45,62257,13,167
06-27-2020,12:45,62258,20,564
06-27-2020,12:45,62260,13,215
06-27-2020,12:45,62264,57,159
06-27-2020,12:45,62265,42,768
06-27-2020,12:45,62269,97,1340
06-27-2020,12:45,62272,50,192
06-27-2020,12:45,62274,11,303
06-27-2020,12:45,62278,15,302
06-27-2020,12:45,62285,20,173
06-27-2020,12:45,62286,51,502
06-27-2020,12:45,62288,33,297
06-27-2020,12:45,62293,9,292
06-27-2020,12:45,62294,27,609
06-27-2020,12:45,62295,13,67
06-27-2020,12:45,62298,60,982
06-27-2020,12:45,62301,30,4089
06-27-2020,12:45,62305,33,644
06-27-2020,12:45,62353,7,411
06-27-2020,12:45,62427,6,75
06-27-2020,12:45,62428,8,211
06-27-2020,12:45,62439,6,469
06-27-2020,12:45,62441,10,364
06-27-2020,12:45,62448,37,599
06-27-2020,12:45,62454,10,433
06-27-2020,12:45,62471,17,672
06-27-2020,12:45,62474,6,67
06-27-2020,12:45,62521,114,2522
06-27-2020,12:45,62522,40,726
06-27-2020,12:45,62526,58,1935
06-27-2020,12:45,62560,7,135
06-27-2020,12:45,62561,6,544
06-27-2020,12:45,62563,7,599
06-27-2020,12:45,62565,14,991
06-27-2020,12:45,62568,33,1063
06-27-2020,12:45,62615,6,614
06-27-2020,12:45,62618,75,1015
06-27-2020,12:45,62629,15,1469
06-27-2020,12:45,62650,107,2983
06-27-2020,12:45,62656,12,2114
06-27-2020,12:45,62664,11,337
06-27-2020,12:45,62675,13,718
06-27-2020,12:45,62677,6,287
06-27-2020,12:45,62681,12,436
06-27-2020,12:45,62684,71,910
06-27-2020,12:45,62691,43,300
06-27-2020,12:45,62692,9,223
06-27-2020,12:45,62702,85,5600
06-27-2020,12:45,62703,73,4003
06-27-2020,12:45,62704,61,4620
06-27-2020,12:45,62707,20,1337
06-27-2020,12:45,62711,31,2164
06-27-2020,12:45,62712,6,1121
06-27-2020,12:45,62801,66,2053
06-27-2020,12:45,62832,16,581
06-27-2020,12:45,62837,7,676
06-27-2020,12:45,62863,21,491
06-27-2020,12:45,62864,86,1699
06-27-2020,12:45,62881,7,641
06-27-2020,12:45,62882,14,210
06-27-2020,12:45,62901,170,2531
06-27-2020,12:45,62902,20,372
06-27-2020,12:45,62906,86,1010
06-27-2020,12:45,62907,20,147
06-27-2020,12:45,62912,9,86
06-27-2020,12:45,62914,10,281
06-27-2020,12:45,62918,16,796
06-27-2020,12:45,62920,69,438
06-27-2020,12:45,62939,10,204
06-27-2020,12:45,62946,7,590
06-27-2020,12:45,62948,23,960
06-27-2020,12:45,62951,8,319
06-27-2020,12:45,62952,11,258
06-27-2020,12:45,62959,46,2401
06-27-2020,12:45,62960,7,756
06-27-2020,12:45,62966,103,1433
06-27-2020,12:45,62992,59,223
06-26-2020,14:45,60002,116,1422
06-26-2020,14:45,60004,364,7222
06-26-2020,14:45,60005,205,3331
06-26-2020,14:45,60007,367,3080
06-26-2020,14:45,60008,347,3687
06-26-2020,14:45,60010,154,2748
06-26-2020,14:45,60012,86,693
06-26-2020,14:45,60013,103,1324
06-26-2020,14:45,60014,304,3291
06-26-2020,14:45,60015,189,2181
06-26-2020,14:45,60016,1109,7223
06-26-2020,14:45,60018,666,4060
06-26-2020,14:45,60020,42,875
06-26-2020,14:45,60021,22,297
06-26-2020,14:45,60022,29,630
06-26-2020,14:45,60025,379,4132
06-26-2020,14:45,60026,156,1858
06-26-2020,14:45,60029,8,78
06-26-2020,14:45,60030,191,2857
06-26-2020,14:45,60031,365,3744
06-26-2020,14:45,60033,219,1289
06-26-2020,14:45,60035,271,3457
06-26-2020,14:45,60040,179,783
06-26-2020,14:45,60041,50,699
06-26-2020,14:45,60042,41,511
06-26-2020,14:45,60043,19,240
06-26-2020,14:45,60044,106,1141
06-26-2020,14:45,60045,128,2007
06-26-2020,14:45,60046,214,2396
06-26-2020,14:45,60047,421,3630
06-26-2020,14:45,60048,158,2085
06-26-2020,14:45,60050,230,2469
06-26-2020,14:45,60051,130,1662
06-26-2020,14:45,60053,316,2488
06-26-2020,14:45,60056,652,5101
06-26-2020,14:45,60060,454,2964
06-26-2020,14:45,60061,181,2267
06-26-2020,14:45,60062,339,4460
06-26-2020,14:45,60064,658,2090
06-26-2020,14:45,60067,239,4143
06-26-2020,14:45,60068,324,3423
06-26-2020,14:45,60069,92,1474
06-26-2020,14:45,60070,265,1746
06-26-2020,14:45,60071,15,229
06-26-2020,14:45,60073,1093,6495
06-26-2020,14:45,60074,466,3490
06-26-2020,14:45,60076,524,4426
06-26-2020,14:45,60077,424,3329
06-26-2020,14:45,60079,12,67
06-26-2020,14:45,60081,42,546
06-26-2020,14:45,60083,103,968
06-26-2020,14:45,60084,188,1239
06-26-2020,14:45,60085,2426,10300
06-26-2020,14:45,60087,682,3888
06-26-2020,14:45,60088,119,518
06-26-2020,14:45,60089,319,3290
06-26-2020,14:45,60090,822,4483
06-26-2020,14:45,60091,162,2180
06-26-2020,14:45,60093,182,1922
06-26-2020,14:45,60096,40,467
06-26-2020,14:45,60097,41,711
06-26-2020,14:45,60098,332,3172
06-26-2020,14:45,60099,587,3459
06-26-2020,14:45,60101,819,4420
06-26-2020,14:45,60102,175,2123
06-26-2020,14:45,60103,301,3369
06-26-2020,14:45,60104,433,2691
06-26-2020,14:45,60106,527,3106
06-26-2020,14:45,60107,675,4424
06-26-2020,14:45,60108,333,3250
06-26-2020,14:45,60109,11,319
06-26-2020,14:45,60110,747,3393
06-26-2020,14:45,60112,29,343
06-26-2020,14:45,60115,296,3741
06-26-2020,14:45,60118,86,1118
06-26-2020,14:45,60119,39,696
06-26-2020,14:45,60120,1380,6034
06-26-2020,14:45,60123,931,5805
06-26-2020,14:45,60124,136,1666
06-26-2020,14:45,60126,292,4288
06-26-2020,14:45,60130,158,2749
06-26-2020,14:45,60131,358,2206
06-26-2020,14:45,60133,771,4494
06-26-2020,14:45,60134,175,2109
06-26-2020,14:45,60135,39,549
06-26-2020,14:45,60136,59,546
06-26-2020,14:45,60137,160,2843
06-26-2020,14:45,60139,656,3927
06-26-2020,14:45,60140,102,1261
06-26-2020,14:45,60141,26,748
06-26-2020,14:45,60142,111,2014
06-26-2020,14:45,60143,193,1325
06-26-2020,14:45,60145,7,131
06-26-2020,14:45,60146,9,190
06-26-2020,14:45,60148,393,4537
06-26-2020,14:45,60151,18,275
06-26-2020,14:45,60152,83,816
06-26-2020,14:45,60153,525,3152
06-26-2020,14:45,60154,214,2244
06-26-2020,14:45,60155,178,1005
06-26-2020,14:45,60156,165,1765
06-26-2020,14:45,60157,12,184
06-26-2020,14:45,60160,774,3739
06-26-2020,14:45,60162,171,1316
06-26-2020,14:45,60163,100,650
06-26-2020,14:45,60164,536,4208
06-26-2020,14:45,60165,183,681
06-26-2020,14:45,60169,402,3161
06-26-2020,14:45,60171,130,1124
06-26-2020,14:45,60172,241,2156
06-26-2020,14:45,60173,111,901
06-26-2020,14:45,60174,192,2763
06-26-2020,14:45,60175,111,1629
06-26-2020,14:45,60176,167,1069
06-26-2020,14:45,60177,286,2008
06-26-2020,14:45,60178,69,1493
06-26-2020,14:45,60181,277,2555
06-26-2020,14:45,60184,9,159
06-26-2020,14:45,60185,768,4098
06-26-2020,14:45,60187,151,2660
06-26-2020,14:45,60188,507,4026
06-26-2020,14:45,60189,120,2215
06-26-2020,14:45,60190,56,1103
06-26-2020,14:45,60191,226,1450
06-26-2020,14:45,60192,66,966
06-26-2020,14:45,60193,279,3673
06-26-2020,14:45,60194,173,2264
06-26-2020,14:45,60195,20,286
06-26-2020,14:45,60201,335,4821
06-26-2020,14:45,60202,451,3821
06-26-2020,14:45,60203,35,507
06-26-2020,14:45,60301,29,342
06-26-2020,14:45,60302,224,3651
06-26-2020,14:45,60304,82,1534
06-26-2020,14:45,60305,59,913
06-26-2020,14:45,60401,42,956
06-26-2020,14:45,60402,1461,8743
06-26-2020,14:45,60403,216,2185
06-26-2020,14:45,60404,123,1916
06-26-2020,14:45,60406,529,3681
06-26-2020,14:45,60408,23,577
06-26-2020,14:45,60409,628,5229
06-26-2020,14:45,60410,54,976
06-26-2020,14:45,60411,972,7964
06-26-2020,14:45,60415,201,1676
06-26-2020,14:45,60416,15,479
06-26-2020,14:45,60417,171,1811
06-26-2020,14:45,60418,118,715
06-26-2020,14:45,60419,418,3559
06-26-2020,14:45,60420,9,307
06-26-2020,14:45,60421,14,256
06-26-2020,14:45,60422,85,1197
06-26-2020,14:45,60423,157,2410
06-26-2020,14:45,60424,6,118
06-26-2020,14:45,60425,175,1677
06-26-2020,14:45,60426,498,4060
06-26-2020,14:45,60428,221,1828
06-26-2020,14:45,60429,238,2695
06-26-2020,14:45,60430,287,2618
06-26-2020,14:45,60431,232,3019
06-26-2020,14:45,60432,470,2627
06-26-2020,14:45,60433,324,2523
06-26-2020,14:45,60434,166,300
06-26-2020,14:45,60435,719,6798
06-26-2020,14:45,60436,262,2406
06-26-2020,14:45,60438,416,3301
06-26-2020,14:45,60439,111,1763
06-26-2020,14:45,60440,912,7669
06-26-2020,14:45,60441,227,2447
06-26-2020,14:45,60442,49,661
06-26-2020,14:45,60443,384,3085
06-26-2020,14:45,60445,171,1935
06-26-2020,14:45,60446,562,4843
06-26-2020,14:45,60447,59,1021
06-26-2020,14:45,60448,154,1669
06-26-2020,14:45,60449,78,962
06-26-2020,14:45,60450,60,1304
06-26-2020,14:45,60451,135,2220
06-26-2020,14:45,60452,253,2541
06-26-2020,14:45,60453,814,6391
06-26-2020,14:45,60455,322,1941
06-26-2020,14:45,60456,56,449
06-26-2020,14:45,60457,133,1248
06-26-2020,14:45,60458,151,1372
06-26-2020,14:45,60459,444,3156
06-26-2020,14:45,60461,60,713
06-26-2020,14:45,60462,358,3441
06-26-2020,14:45,60463,252,1479
06-26-2020,14:45,60464,57,781
06-26-2020,14:45,60465,263,1539
06-26-2020,14:45,60466,503,3688
06-26-2020,14:45,60467,183,1891
06-26-2020,14:45,60468,35,448
06-26-2020,14:45,60469,88,724
06-26-2020,14:45,60471,228,1833
06-26-2020,14:45,60472,72,734
06-26-2020,14:45,60473,437,4019
06-26-2020,14:45,60475,87,953
06-26-2020,14:45,60476,21,268
06-26-2020,14:45,60477,262,3211
06-26-2020,14:45,60478,342,3019
06-26-2020,14:45,60480,39,539
06-26-2020,14:45,60481,32,1009
06-26-2020,14:45,60482,107,888
06-26-2020,14:45,60484,122,881
06-26-2020,14:45,60487,158,1853
06-26-2020,14:45,60490,146,2130
06-26-2020,14:45,60491,157,1414
06-26-2020,14:45,60501,304,1508
06-26-2020,14:45,60502,104,1626
06-26-2020,14:45,60503,67,1125
06-26-2020,14:45,60504,361,3411
06-26-2020,14:45,60505,2038,9957
06-26-2020,14:45,60506,1150,7883
06-26-2020,14:45,60510,117,2465
06-26-2020,14:45,60513,173,2421
06-26-2020,14:45,60514,50,850
06-26-2020,14:45,60515,108,1935
06-26-2020,14:45,60516,136,2303
06-26-2020,14:45,60517,241,3034
06-26-2020,14:45,60520,10,199
06-26-2020,14:45,60521,188,1753
06-26-2020,14:45,60523,111,1112
06-26-2020,14:45,60525,309,4147
06-26-2020,14:45,60526,90,2404
06-26-2020,14:45,60527,249,3392
06-26-2020,14:45,60532,139,2505
06-26-2020,14:45,60534,188,1332
06-26-2020,14:45,60538,322,2710
06-26-2020,14:45,60540,148,3279
06-26-2020,14:45,60541,11,163
06-26-2020,14:45,60542,200,1930
06-26-2020,14:45,60543,288,3198
06-26-2020,14:45,60544,183,2935
06-26-2020,14:45,60545,156,1401
06-26-2020,14:45,60546,171,2904
06-26-2020,14:45,60548,92,1207
06-26-2020,14:45,60551,25,223
06-26-2020,14:45,60552,9,282
06-26-2020,14:45,60554,46,905
06-26-2020,14:45,60555,138,1283
06-26-2020,14:45,60558,52,1090
06-26-2020,14:45,60559,339,2602
06-26-2020,14:45,60560,119,1825
06-26-2020,14:45,60561,137,2130
06-26-2020,14:45,60563,190,3390
06-26-2020,14:45,60564,186,2995
06-26-2020,14:45,60565,205,2859
06-26-2020,14:45,60585,111,1823
06-26-2020,14:45,60586,390,4443
06-26-2020,14:45,60601,81,1222
06-26-2020,14:45,60602,16,250
06-26-2020,14:45,60603,8,128
06-26-2020,14:45,60604,23,184
06-26-2020,14:45,60605,218,2889
06-26-2020,14:45,60606,38,1002
06-26-2020,14:45,60607,461,3189
06-26-2020,14:45,60608,1808,9599
06-26-2020,14:45,60609,1839,8712
06-26-2020,14:45,60610,283,4196
06-26-2020,14:45,60611,166,4309
06-26-2020,14:45,60612,720,5646
06-26-2020,14:45,60613,408,4699
06-26-2020,14:45,60614,540,6896
06-26-2020,14:45,60615,411,5086
06-26-2020,14:45,60616,472,6196
06-26-2020,14:45,60617,1200,10665
06-26-2020,14:45,60618,1399,10608
06-26-2020,14:45,60619,967,10475
06-26-2020,14:45,60620,1168,9903
06-26-2020,14:45,60621,572,4190
06-26-2020,14:45,60622,681,6200
06-26-2020,14:45,60623,3450,12232
06-26-2020,14:45,60624,896,5181
06-26-2020,14:45,60625,1499,9367
06-26-2020,14:45,60626,1099,8172
06-26-2020,14:45,60628,1139,8755
06-26-2020,14:45,60629,3427,14483
06-26-2020,14:45,60630,855,6284
06-26-2020,14:45,60631,334,4460
06-26-2020,14:45,60632,3235,11694
06-26-2020,14:45,60633,288,2247
06-26-2020,14:45,60634,1533,11452
06-26-2020,14:45,60636,767,4328
06-26-2020,14:45,60637,657,6955
06-26-2020,14:45,60638,1148,7381
06-26-2020,14:45,60639,3436,14672
06-26-2020,14:45,60640,853,8573
06-26-2020,14:45,60641,1574,10006
06-26-2020,14:45,60642,186,2258
06-26-2020,14:45,60643,753,7257
06-26-2020,14:45,60644,1293,7685
06-26-2020,14:45,60645,1117,6451
06-26-2020,14:45,60646,391,3704
06-26-2020,14:45,60647,1444,10153
06-26-2020,14:45,60649,844,7047
06-26-2020,14:45,60651,1815,8862
06-26-2020,14:45,60652,987,5573
06-26-2020,14:45,60653,552,5832
06-26-2020,14:45,60654,156,1845
06-26-2020,14:45,60655,278,3935
06-26-2020,14:45,60656,298,3311
06-26-2020,14:45,60657,374,6356
06-26-2020,14:45,60659,801,4503
06-26-2020,14:45,60660,467,4344
06-26-2020,14:45,60661,47,802
06-26-2020,14:45,60680,6,114
06-26-2020,14:45,60706,432,3795
06-26-2020,14:45,60707,808,5919
06-26-2020,14:45,60712,183,1706
06-26-2020,14:45,60714,903,5078
06-26-2020,14:45,60803,269,2237
06-26-2020,14:45,60804,3007,12316
06-26-2020,14:45,60805,239,2073
06-26-2020,14:45,60827,384,3131
06-26-2020,14:45,60901,679,5175
06-26-2020,14:45,60911,11,128
06-26-2020,14:45,60912,6,54
06-26-2020,14:45,60913,7,103
06-26-2020,14:45,60914,219,3206
06-26-2020,14:45,60915,83,1456
06-26-2020,14:45,60919,6,43
06-26-2020,14:45,60922,14,244
06-26-2020,14:45,60927,52,436
06-26-2020,14:45,60928,7,58
06-26-2020,14:45,60930,6,56
06-26-2020,14:45,60936,6,393
06-26-2020,14:45,60938,7,155
06-26-2020,14:45,60940,9,249
06-26-2020,14:45,60941,7,150
06-26-2020,14:45,60942,6,559
06-26-2020,14:45,60950,109,1783
06-26-2020,14:45,60954,41,938
06-26-2020,14:45,60955,15,136
06-26-2020,14:45,60957,8,432
06-26-2020,14:45,60958,25,236
06-26-2020,14:45,60964,39,500
06-26-2020,14:45,60970,17,569
06-26-2020,14:45,61008,462,3679
06-26-2020,14:45,61010,21,394
06-26-2020,14:45,61011,10,159
06-26-2020,14:45,61012,22,170
06-26-2020,14:45,61016,47,461
06-26-2020,14:45,61019,7,176
06-26-2020,14:45,61020,17,226
06-26-2020,14:45,61021,90,1503
06-26-2020,14:45,61032,231,3475
06-26-2020,14:45,61036,13,412
06-26-2020,14:45,61041,6,32
06-26-2020,14:45,61054,7,248
06-26-2020,14:45,61061,10,360
06-26-2020,14:45,61063,10,269
06-26-2020,14:45,61064,10,168
06-26-2020,14:45,61065,67,825
06-26-2020,14:45,61068,152,1466
06-26-2020,14:45,61071,41,513
06-26-2020,14:45,61072,37,677
06-26-2020,14:45,61073,76,1303
06-26-2020,14:45,61080,53,619
06-26-2020,14:45,61081,89,1006
06-26-2020,14:45,61084,9,136
06-26-2020,14:45,61085,8,164
06-26-2020,14:45,61088,11,398
06-26-2020,14:45,61101,342,2879
06-26-2020,14:45,61102,290,2379
06-26-2020,14:45,61103,326,3384
06-26-2020,14:45,61104,334,2128
06-26-2020,14:45,61107,285,3292
06-26-2020,14:45,61108,429,3660
06-26-2020,14:45,61109,301,2931
06-26-2020,14:45,61111,112,2143
06-26-2020,14:45,61114,117,1755
06-26-2020,14:45,61115,142,1923
06-26-2020,14:45,61201,233,3173
06-26-2020,14:45,61235,8,115
06-26-2020,14:45,61238,6,181
06-26-2020,14:45,61239,8,85
06-26-2020,14:45,61240,14,418
06-26-2020,14:45,61241,18,495
06-26-2020,14:45,61244,213,2453
06-26-2020,14:45,61252,26,245
06-26-2020,14:45,61254,11,745
06-26-2020,14:45,61256,6,129
06-26-2020,14:45,61264,29,738
06-26-2020,14:45,61265,250,3763
06-26-2020,14:45,61270,9,245
06-26-2020,14:45,61273,6,197
06-26-2020,14:45,61275,12,238
06-26-2020,14:45,61282,50,789
06-26-2020,14:45,61284,6,138
06-26-2020,14:45,61301,6,801
06-26-2020,14:45,61314,6,44
06-26-2020,14:45,61341,45,775
06-26-2020,14:45,61342,21,412
06-26-2020,14:45,61350,30,1431
06-26-2020,14:45,61354,6,582
06-26-2020,14:45,61356,6,747
06-26-2020,14:45,61360,6,123
06-26-2020,14:45,61364,7,1052
06-26-2020,14:45,61401,107,2119
06-26-2020,14:45,61410,7,131
06-26-2020,14:45,61443,19,605
06-26-2020,14:45,61455,85,1285
06-26-2020,14:45,61462,115,776
06-26-2020,14:45,61469,7,133
06-26-2020,14:45,61525,14,652
06-26-2020,14:45,61547,8,253
06-26-2020,14:45,61548,13,690
06-26-2020,14:45,61550,11,1559
06-26-2020,14:45,61554,34,3410
06-26-2020,14:45,61568,6,233
06-26-2020,14:45,61571,22,1847
06-26-2020,14:45,61602,7,168
06-26-2020,14:45,61603,90,1800
06-26-2020,14:45,61604,74,3044
06-26-2020,14:45,61605,64,1494
06-26-2020,14:45,61606,10,423
06-26-2020,14:45,61607,8,765
06-26-2020,14:45,61610,7,378
06-26-2020,14:45,61611,27,1941
06-26-2020,14:45,61614,129,2972
06-26-2020,14:45,61615,36,2209
06-26-2020,14:45,61616,8,782
06-26-2020,14:45,61701,62,3430
06-26-2020,14:45,61704,82,2543
06-26-2020,14:45,61705,16,1028
06-26-2020,14:45,61726,6,172
06-26-2020,14:45,61729,6,75
06-26-2020,14:45,61739,6,397
06-26-2020,14:45,61761,68,3231
06-26-2020,14:45,61764,18,854
06-26-2020,14:45,61801,51,2818
06-26-2020,14:45,61802,126,3175
06-26-2020,14:45,61820,134,3063
06-26-2020,14:45,61821,146,4653
06-26-2020,14:45,61822,63,3183
06-26-2020,14:45,61832,32,2050
06-26-2020,14:45,61853,41,1950
06-26-2020,14:45,61856,9,680
06-26-2020,14:45,61866,185,2338
06-26-2020,14:45,61873,8,607
06-26-2020,14:45,61874,35,1482
06-26-2020,14:45,61880,9,457
06-26-2020,14:45,61884,6,118
06-26-2020,14:45,61910,15,367
06-26-2020,14:45,61911,9,171
06-26-2020,14:45,61920,98,2059
06-26-2020,14:45,61938,45,2535
06-26-2020,14:45,61944,7,567
06-26-2020,14:45,61951,8,654
06-26-2020,14:45,61953,15,522
06-26-2020,14:45,62002,147,1658
06-26-2020,14:45,62010,42,382
06-26-2020,14:45,62012,12,312
06-26-2020,14:45,62018,12,153
06-26-2020,14:45,62024,14,383
06-26-2020,14:45,62025,120,1373
06-26-2020,14:45,62034,79,966
06-26-2020,14:45,62035,41,707
06-26-2020,14:45,62040,140,2436
06-26-2020,14:45,62049,6,830
06-26-2020,14:45,62052,20,552
06-26-2020,14:45,62056,14,858
06-26-2020,14:45,62059,7,48
06-26-2020,14:45,62060,45,363
06-26-2020,14:45,62062,15,1209
06-26-2020,14:45,62069,9,188
06-26-2020,14:45,62088,8,662
06-26-2020,14:45,62090,14,113
06-26-2020,14:45,62095,28,459
06-26-2020,14:45,62201,87,535
06-26-2020,14:45,62203,63,549
06-26-2020,14:45,62204,64,512
06-26-2020,14:45,62205,73,690
06-26-2020,14:45,62206,158,1094
06-26-2020,14:45,62207,109,612
06-26-2020,14:45,62208,102,1013
06-26-2020,14:45,62216,7,197
06-26-2020,14:45,62220,161,1098
06-26-2020,14:45,62221,160,1333
06-26-2020,14:45,62223,70,915
06-26-2020,14:45,62226,206,1758
06-26-2020,14:45,62230,27,459
06-26-2020,14:45,62231,85,667
06-26-2020,14:45,62232,36,921
06-26-2020,14:45,62233,101,758
06-26-2020,14:45,62234,150,1857
06-26-2020,14:45,62236,49,396
06-26-2020,14:45,62237,6,361
06-26-2020,14:45,62238,6,51
06-26-2020,14:45,62239,19,182
06-26-2020,14:45,62241,6,67
06-26-2020,14:45,62242,6,59
06-26-2020,14:45,62243,10,176
06-26-2020,14:45,62246,7,500
06-26-2020,14:45,62249,20,697
06-26-2020,14:45,62254,99,539
06-26-2020,14:45,62255,7,50
06-26-2020,14:45,62257,13,148
06-26-2020,14:45,62258,20,554
06-26-2020,14:45,62260,12,210
06-26-2020,14:45,62264,57,152
06-26-2020,14:45,62265,41,762
06-26-2020,14:45,62269,96,1315
06-26-2020,14:45,62272,50,192
06-26-2020,14:45,62274,11,298
06-26-2020,14:45,62278,15,298
06-26-2020,14:45,62285,20,142
06-26-2020,14:45,62286,51,497
06-26-2020,14:45,62288,33,292
06-26-2020,14:45,62293,9,289
06-26-2020,14:45,62294,26,593
06-26-2020,14:45,62295,13,66
06-26-2020,14:45,62298,60,973
06-26-2020,14:45,62301,30,3884
06-26-2020,14:45,62305,32,624
06-26-2020,14:45,62353,7,406
06-26-2020,14:45,62427,6,73
06-26-2020,14:45,62428,7,205
06-26-2020,14:45,62441,10,356
06-26-2020,14:45,62448,37,597
06-26-2020,14:45,62454,10,421
06-26-2020,14:45,62471,17,666
06-26-2020,14:45,62474,6,67
06-26-2020,14:45,62521,114,2504
06-26-2020,14:45,62522,40,716
06-26-2020,14:45,62526,58,1926
06-26-2020,14:45,62560,7,133
06-26-2020,14:45,62561,6,538
06-26-2020,14:45,62563,7,585
06-26-2020,14:45,62565,14,984
06-26-2020,14:45,62568,32,1047
06-26-2020,14:45,62615,6,604
06-26-2020,14:45,62618,74,1001
06-26-2020,14:45,62629,15,1443
06-26-2020,14:45,62650,106,2747
06-26-2020,14:45,62656,12,2089
06-26-2020,14:45,62664,11,334
06-26-2020,14:45,62675,12,702
06-26-2020,14:45,62677,6,283
06-26-2020,14:45,62681,12,427
06-26-2020,14:45,62684,71,901
06-26-2020,14:45,62691,38,278
06-26-2020,14:45,62692,8,221
06-26-2020,14:45,62702,84,5541
06-26-2020,14:45,62703,70,3929
06-26-2020,14:45,62704,59,4528
06-26-2020,14:45,62707,20,1322
06-26-2020,14:45,62711,30,2133
06-26-2020,14:45,62712,6,1086
06-26-2020,14:45,62801,67,1994
06-26-2020,14:45,62832,16,580
06-26-2020,14:45,62837,7,626
06-26-2020,14:45,62863,21,480
06-26-2020,14:45,62864,86,1668
06-26-2020,14:45,62881,7,626
06-26-2020,14:45,62882,14,207
06-26-2020,14:45,62901,170,2475
06-26-2020,14:45,62902,20,359
06-26-2020,14:45,62906,86,1004
06-26-2020,14:45,62907,20,145
06-26-2020,14:45,62912,9,85
06-26-2020,14:45,62914,9,280
06-26-2020,14:45,62918,16,779
06-26-2020,14:45,62920,69,436
06-26-2020,14:45,62939,10,201
06-26-2020,14:45,62946,6,586
06-26-2020,14:45,62948,22,946
06-26-2020,14:45,62951,8,315
06-26-2020,14:45,62952,11,257
06-26-2020,14:45,62959,45,2381
06-26-2020,14:45,62960,6,745
06-26-2020,14:45,62966,103,1423
06-26-2020,14:45,62992,58,220
06-25-2020,14:45,60002,116,1397
06-25-2020,14:45,60004,362,7125
06-25-2020,14:45,60005,202,3288
06-25-2020,14:45,60007,364,3011
06-25-2020,14:45,60008,345,3640
06-25-2020,14:45,60010,154,2693
06-25-2020,14:45,60012,86,685
06-25-2020,14:45,60013,101,1296
06-25-2020,14:45,60014,300,3241
06-25-2020,14:45,60015,188,2115
06-25-2020,14:45,60016,1103,7109
06-25-2020,14:45,60018,665,3931
06-25-2020,14:45,60020,42,868
06-25-2020,14:45,60021,22,293
06-25-2020,14:45,60022,29,614
06-25-2020,14:45,60025,378,4068
06-25-2020,14:45,60026,154,1823
06-25-2020,14:45,60029,8,78
06-25-2020,14:45,60030,190,2788
06-25-2020,14:45,60031,364,3673
06-25-2020,14:45,60033,213,1242
06-25-2020,14:45,60035,270,3406
06-25-2020,14:45,60040,179,778
06-25-2020,14:45,60041,50,687
06-25-2020,14:45,60042,41,502
06-25-2020,14:45,60043,19,237
06-25-2020,14:45,60044,106,1130
06-25-2020,14:45,60045,126,1955
06-25-2020,14:45,60046,211,2365
06-25-2020,14:45,60047,418,3557
06-25-2020,14:45,60048,155,2031
06-25-2020,14:45,60050,228,2433
06-25-2020,14:45,60051,129,1640
06-25-2020,14:45,60053,314,2441
06-25-2020,14:45,60056,648,4994
06-25-2020,14:45,60060,454,2894
06-25-2020,14:45,60061,179,2218
06-25-2020,14:45,60062,339,4331
06-25-2020,14:45,60064,658,2069
06-25-2020,14:45,60067,237,4076
06-25-2020,14:45,60068,321,3348
06-25-2020,14:45,60069,92,1418
06-25-2020,14:45,60070,265,1727
06-25-2020,14:45,60071,15,226
06-25-2020,14:45,60073,1083,6410
06-25-2020,14:45,60074,467,3445
06-25-2020,14:45,60076,524,4366
06-25-2020,14:45,60077,423,3273
06-25-2020,14:45,60079,12,67
06-25-2020,14:45,60081,42,540
06-25-2020,14:45,60083,104,956
06-25-2020,14:45,60084,188,1215
06-25-2020,14:45,60085,2423,10067
06-25-2020,14:45,60087,682,3842
06-25-2020,14:45,60088,115,511
06-25-2020,14:45,60089,318,3232
06-25-2020,14:45,60090,819,4426
06-25-2020,14:45,60091,162,2129
06-25-2020,14:45,60093,181,1894
06-25-2020,14:45,60096,40,459
06-25-2020,14:45,60097,40,697
06-25-2020,14:45,60098,328,2874
06-25-2020,14:45,60099,586,3406
06-25-2020,14:45,60101,816,4361
06-25-2020,14:45,60102,174,2082
06-25-2020,14:45,60103,299,3308
06-25-2020,14:45,60104,432,2660
06-25-2020,14:45,60106,523,3044
06-25-2020,14:45,60107,672,4339
06-25-2020,14:45,60108,331,3204
06-25-2020,14:45,60109,11,319
06-25-2020,14:45,60110,745,3366
06-25-2020,14:45,60112,29,339
06-25-2020,14:45,60115,297,3694
06-25-2020,14:45,60118,86,1093
06-25-2020,14:45,60119,38,680
06-25-2020,14:45,60120,1376,5958
06-25-2020,14:45,60123,921,5727
06-25-2020,14:45,60124,136,1634
06-25-2020,14:45,60126,285,4203
06-25-2020,14:45,60130,157,2695
06-25-2020,14:45,60131,358,2180
06-25-2020,14:45,60133,767,4428
06-25-2020,14:45,60134,170,2040
06-25-2020,14:45,60135,39,544
06-25-2020,14:45,60136,59,530
06-25-2020,14:45,60137,157,2779
06-25-2020,14:45,60139,653,3880
06-25-2020,14:45,60140,101,1243
06-25-2020,14:45,60141,26,724
06-25-2020,14:45,60142,110,1965
06-25-2020,14:45,60143,190,1239
06-25-2020,14:45,60145,7,127
06-25-2020,14:45,60146,9,187
06-25-2020,14:45,60148,392,4432
06-25-2020,14:45,60151,18,272
06-25-2020,14:45,60152,83,797
06-25-2020,14:45,60153,523,3113
06-25-2020,14:45,60154,211,2215
06-25-2020,14:45,60155,178,988
06-25-2020,14:45,60156,163,1739
06-25-2020,14:45,60157,12,178
06-25-2020,14:45,60160,772,3706
06-25-2020,14:45,60162,170,1299
06-25-2020,14:45,60163,99,641
06-25-2020,14:45,60164,534,4026
06-25-2020,14:45,60165,184,677
06-25-2020,14:45,60169,402,3090
06-25-2020,14:45,60171,130,1101
06-25-2020,14:45,60172,242,2115
06-25-2020,14:45,60173,111,886
06-25-2020,14:45,60174,184,2714
06-25-2020,14:45,60175,106,1589
06-25-2020,14:45,60176,164,1047
06-25-2020,14:45,60177,285,1973
06-25-2020,14:45,60178,69,1469
06-25-2020,14:45,60181,272,2502
06-25-2020,14:45,60184,9,154
06-25-2020,14:45,60185,765,4044
06-25-2020,14:45,60187,147,2612
06-25-2020,14:45,60188,502,3954
06-25-2020,14:45,60189,118,2156
06-25-2020,14:45,60190,56,1050
06-25-2020,14:45,60191,224,1433
06-25-2020,14:45,60192,66,955
06-25-2020,14:45,60193,276,3512
06-25-2020,14:45,60194,173,2210
06-25-2020,14:45,60195,20,278
06-25-2020,14:45,60201,336,4725
06-25-2020,14:45,60202,448,3738
06-25-2020,14:45,60203,35,491
06-25-2020,14:45,60301,28,336
06-25-2020,14:45,60302,223,3572
06-25-2020,14:45,60304,81,1502
06-25-2020,14:45,60305,59,895
06-25-2020,14:45,60401,42,943
06-25-2020,14:45,60402,1458,8607
06-25-2020,14:45,60403,215,2140
06-25-2020,14:45,60404,122,1876
06-25-2020,14:45,60406,527,3637
06-25-2020,14:45,60408,20,484
06-25-2020,14:45,60409,624,5162
06-25-2020,14:45,60410,54,960
06-25-2020,14:45,60411,963,7790
06-25-2020,14:45,60415,201,1654
06-25-2020,14:45,60416,14,467
06-25-2020,14:45,60417,167,1782
06-25-2020,14:45,60418,118,708
06-25-2020,14:45,60419,415,3498
06-25-2020,14:45,60420,8,303
06-25-2020,14:45,60421,14,254
06-25-2020,14:45,60422,85,1181
06-25-2020,14:45,60423,154,2348
06-25-2020,14:45,60424,6,113
06-25-2020,14:45,60425,174,1665
06-25-2020,14:45,60426,497,4012
06-25-2020,14:45,60428,221,1807
06-25-2020,14:45,60429,238,2658
06-25-2020,14:45,60430,287,2580
06-25-2020,14:45,60431,231,2969
06-25-2020,14:45,60432,470,2580
06-25-2020,14:45,60433,323,2379
06-25-2020,14:45,60434,166,297
06-25-2020,14:45,60435,716,6599
06-25-2020,14:45,60436,260,2351
06-25-2020,14:45,60438,413,3252
06-25-2020,14:45,60439,109,1715
06-25-2020,14:45,60440,910,7525
06-25-2020,14:45,60441,226,2402
06-25-2020,14:45,60442,49,646
06-25-2020,14:45,60443,379,3000
06-25-2020,14:45,60445,171,1897
06-25-2020,14:45,60446,559,4760
06-25-2020,14:45,60447,58,1003
06-25-2020,14:45,60448,152,1550
06-25-2020,14:45,60449,75,942
06-25-2020,14:45,60450,58,1279
06-25-2020,14:45,60451,134,2151
06-25-2020,14:45,60452,252,2485
06-25-2020,14:45,60453,807,6283
06-25-2020,14:45,60455,322,1918
06-25-2020,14:45,60456,55,435
06-25-2020,14:45,60457,133,1156
06-25-2020,14:45,60458,151,1346
06-25-2020,14:45,60459,443,3115
06-25-2020,14:45,60461,60,709
06-25-2020,14:45,60462,354,3357
06-25-2020,14:45,60463,250,1456
06-25-2020,14:45,60464,56,761
06-25-2020,14:45,60465,262,1512
06-25-2020,14:45,60466,500,3638
06-25-2020,14:45,60467,181,1845
06-25-2020,14:45,60468,35,432
06-25-2020,14:45,60469,88,717
06-25-2020,14:45,60471,227,1805
06-25-2020,14:45,60472,72,727
06-25-2020,14:45,60473,437,3970
06-25-2020,14:45,60475,86,942
06-25-2020,14:45,60476,21,262
06-25-2020,14:45,60477,258,3131
06-25-2020,14:45,60478,343,2980
06-25-2020,14:45,60480,40,522
06-25-2020,14:45,60481,29,976
06-25-2020,14:45,60482,107,876
06-25-2020,14:45,60484,121,866
06-25-2020,14:45,60487,157,1813
06-25-2020,14:45,60490,145,2081
06-25-2020,14:45,60491,157,1392
06-25-2020,14:45,60501,308,1497
06-25-2020,14:45,60502,103,1595
06-25-2020,14:45,60503,67,1099
06-25-2020,14:45,60504,360,3340
06-25-2020,14:45,60505,2030,9870
06-25-2020,14:45,60506,1149,7732
06-25-2020,14:45,60510,117,2385
06-25-2020,14:45,60513,170,2366
06-25-2020,14:45,60514,50,844
06-25-2020,14:45,60515,106,1896
06-25-2020,14:45,60516,136,2218
06-25-2020,14:45,60517,239,2981
06-25-2020,14:45,60520,10,194
06-25-2020,14:45,60521,187,1719
06-25-2020,14:45,60523,111,1090
06-25-2020,14:45,60525,309,4075
06-25-2020,14:45,60526,88,2357
06-25-2020,14:45,60527,249,3343
06-25-2020,14:45,60532,139,2457
06-25-2020,14:45,60534,185,1307
06-25-2020,14:45,60538,321,2662
06-25-2020,14:45,60540,148,3194
06-25-2020,14:45,60541,11,160
06-25-2020,14:45,60542,193,1904
06-25-2020,14:45,60543,288,3124
06-25-2020,14:45,60544,181,2886
06-25-2020,14:45,60545,156,1383
06-25-2020,14:45,60546,171,2848
06-25-2020,14:45,60548,90,1185
06-25-2020,14:45,60551,25,219
06-25-2020,14:45,60552,9,272
06-25-2020,14:45,60554,44,888
06-25-2020,14:45,60555,138,1257
06-25-2020,14:45,60558,52,1056
06-25-2020,14:45,60559,339,2554
06-25-2020,14:45,60560,119,1767
06-25-2020,14:45,60561,136,2084
06-25-2020,14:45,60563,189,3306
06-25-2020,14:45,60564,180,2925
06-25-2020,14:45,60565,204,2788
06-25-2020,14:45,60585,110,1780
06-25-2020,14:45,60586,389,4361
06-25-2020,14:45,60601,78,1191
06-25-2020,14:45,60602,16,245
06-25-2020,14:45,60603,8,127
06-25-2020,14:45,60604,23,177
06-25-2020,14:45,60605,213,2804
06-25-2020,14:45,60606,36,988
06-25-2020,14:45,60607,459,3125
06-25-2020,14:45,60608,1802,9430
06-25-2020,14:45,60609,1830,8531
06-25-2020,14:45,60610,280,4103
06-25-2020,14:45,60611,163,4228
06-25-2020,14:45,60612,719,5562
06-25-2020,14:45,60613,406,4594
06-25-2020,14:45,60614,536,6677
06-25-2020,14:45,60615,410,5021
06-25-2020,14:45,60616,470,6101
06-25-2020,14:45,60617,1193,10552
06-25-2020,14:45,60618,1392,10291
06-25-2020,14:45,60619,959,10336
06-25-2020,14:45,60620,1165,9790
06-25-2020,14:45,60621,571,4137
06-25-2020,14:45,60622,675,6044
06-25-2020,14:45,60623,3437,12004
06-25-2020,14:45,60624,887,5110
06-25-2020,14:45,60625,1496,9198
06-25-2020,14:45,60626,1094,7989
06-25-2020,14:45,60628,1134,8626
06-25-2020,14:45,60629,3416,14307
06-25-2020,14:45,60630,852,6158
06-25-2020,14:45,60631,330,4380
06-25-2020,14:45,60632,3208,11568
06-25-2020,14:45,60633,283,2226
06-25-2020,14:45,60634,1519,11255
06-25-2020,14:45,60636,759,4270
06-25-2020,14:45,60637,656,6872
06-25-2020,14:45,60638,1145,7280
06-25-2020,14:45,60639,3420,14390
06-25-2020,14:45,60640,848,8271
06-25-2020,14:45,60641,1568,9841
06-25-2020,14:45,60642,183,2193
06-25-2020,14:45,60643,752,7103
06-25-2020,14:45,60644,1296,7542
06-25-2020,14:45,60645,1111,6359
06-25-2020,14:45,60646,388,3653
06-25-2020,14:45,60647,1439,9893
06-25-2020,14:45,60649,840,6935
06-25-2020,14:45,60651,1811,8744
06-25-2020,14:45,60652,983,5496
06-25-2020,14:45,60653,551,5734
06-25-2020,14:45,60654,155,1799
06-25-2020,14:45,60655,277,3885
06-25-2020,14:45,60656,295,3245
06-25-2020,14:45,60657,373,6190
06-25-2020,14:45,60659,798,4403
06-25-2020,14:45,60660,466,4266
06-25-2020,14:45,60661,46,783
06-25-2020,14:45,60680,6,113
06-25-2020,14:45,60706,428,3742
06-25-2020,14:45,60707,806,5842
06-25-2020,14:45,60712,184,1682
06-25-2020,14:45,60714,885,4860
06-25-2020,14:45,60803,266,2200
06-25-2020,14:45,60804,3005,12183
06-25-2020,14:45,60805,239,2033
06-25-2020,14:45,60827,381,3083
06-25-2020,14:45,60901,655,5039
06-25-2020,14:45,60911,10,124
06-25-2020,14:45,60912,6,54
06-25-2020,14:45,60913,7,103
06-25-2020,14:45,60914,194,3080
06-25-2020,14:45,60915,76,1404
06-25-2020,14:45,60919,6,43
06-25-2020,14:45,60922,14,237
06-25-2020,14:45,60927,52,423
06-25-2020,14:45,60928,7,56
06-25-2020,14:45,60930,6,54
06-25-2020,14:45,60936,6,380
06-25-2020,14:45,60938,6,145
06-25-2020,14:45,60940,8,238
06-25-2020,14:45,60941,6,140
06-25-2020,14:45,60950,106,1731
06-25-2020,14:45,60954,38,915
06-25-2020,14:45,60955,15,134
06-25-2020,14:45,60957,8,419
06-25-2020,14:45,60958,25,223
06-25-2020,14:45,60964,37,472
06-25-2020,14:45,60970,16,555
06-25-2020,14:45,61008,460,3487
06-25-2020,14:45,61010,20,388
06-25-2020,14:45,61011,10,159
06-25-2020,14:45,61012,23,170
06-25-2020,14:45,61016,45,455
06-25-2020,14:45,61019,7,171
06-25-2020,14:45,61020,17,222
06-25-2020,14:45,61021,90,1472
06-25-2020,14:45,61032,228,3410
06-25-2020,14:45,61036,13,372
06-25-2020,14:45,61041,6,31
06-25-2020,14:45,61054,7,243
06-25-2020,14:45,61061,10,348
06-25-2020,14:45,61063,10,257
06-25-2020,14:45,61064,10,166
06-25-2020,14:45,61065,67,807
06-25-2020,14:45,61068,150,1451
06-25-2020,14:45,61071,41,500
06-25-2020,14:45,61072,37,659
06-25-2020,14:45,61073,75,1287
06-25-2020,14:45,61080,53,609
06-25-2020,14:45,61081,89,984
06-25-2020,14:45,61084,9,133
06-25-2020,14:45,61085,8,161
06-25-2020,14:45,61088,11,395
06-25-2020,14:45,61101,342,2849
06-25-2020,14:45,61102,291,2362
06-25-2020,14:45,61103,323,3346
06-25-2020,14:45,61104,331,2100
06-25-2020,14:45,61107,277,3249
06-25-2020,14:45,61108,421,3565
06-25-2020,14:45,61109,300,2896
06-25-2020,14:45,61111,113,2096
06-25-2020,14:45,61114,116,1726
06-25-2020,14:45,61115,143,1893
06-25-2020,14:45,61201,229,3064
06-25-2020,14:45,61235,8,115
06-25-2020,14:45,61238,6,181
06-25-2020,14:45,61239,8,84
06-25-2020,14:45,61240,14,403
06-25-2020,14:45,61241,18,489
06-25-2020,14:45,61244,210,2368
06-25-2020,14:45,61252,26,244
06-25-2020,14:45,61254,11,733
06-25-2020,14:45,61256,6,128
06-25-2020,14:45,61264,28,715
06-25-2020,14:45,61265,246,3661
06-25-2020,14:45,61270,8,239
06-25-2020,14:45,61273,6,191
06-25-2020,14:45,61275,12,233
06-25-2020,14:45,61282,49,769
06-25-2020,14:45,61284,6,135
06-25-2020,14:45,61301,6,795
06-25-2020,14:45,61314,6,41
06-25-2020,14:45,61341,45,764
06-25-2020,14:45,61342,21,407
06-25-2020,14:45,61350,29,1419
06-25-2020,14:45,61354,6,575
06-25-2020,14:45,61356,6,737
06-25-2020,14:45,61360,6,121
06-25-2020,14:45,61364,7,1046
06-25-2020,14:45,61401,106,2068
06-25-2020,14:45,61410,7,131
06-25-2020,14:45,61443,19,602
06-25-2020,14:45,61455,86,1280
06-25-2020,14:45,61462,115,772
06-25-2020,14:45,61469,7,133
06-25-2020,14:45,61525,13,637
06-25-2020,14:45,61547,8,250
06-25-2020,14:45,61548,13,673
06-25-2020,14:45,61550,10,1540
06-25-2020,14:45,61554,34,3360
06-25-2020,14:45,61568,6,233
06-25-2020,14:45,61571,22,1822
06-25-2020,14:45,61602,7,166
06-25-2020,14:45,61603,90,1770
06-25-2020,14:45,61604,75,2997
06-25-2020,14:45,61605,63,1466
06-25-2020,14:45,61606,9,417
06-25-2020,14:45,61607,8,748
06-25-2020,14:45,61610,7,369
06-25-2020,14:45,61611,27,1915
06-25-2020,14:45,61614,128,2930
06-25-2020,14:45,61615,35,2169
06-25-2020,14:45,61616,8,769
06-25-2020,14:45,61701,61,3385
06-25-2020,14:45,61704,82,2508
06-25-2020,14:45,61705,16,1017
06-25-2020,14:45,61726,6,170
06-25-2020,14:45,61729,6,75
06-25-2020,14:45,61739,6,396
06-25-2020,14:45,61761,67,3177
06-25-2020,14:45,61764,18,846
06-25-2020,14:45,61801,51,2759
06-25-2020,14:45,61802,126,3119
06-25-2020,14:45,61820,132,2967
06-25-2020,14:45,61821,144,4522
06-25-2020,14:45,61822,63,3081
06-25-2020,14:45,61832,32,2030
06-25-2020,14:45,61853,37,1783
06-25-2020,14:45,61856,9,665
06-25-2020,14:45,61866,183,2310
06-25-2020,14:45,61873,7,585
06-25-2020,14:45,61874,35,1446
06-25-2020,14:45,61880,9,446
06-25-2020,14:45,61884,6,113
06-25-2020,14:45,61910,15,362
06-25-2020,14:45,61911,9,168
06-25-2020,14:45,61920,98,2024
06-25-2020,14:45,61938,45,2469
06-25-2020,14:45,61944,7,538
06-25-2020,14:45,61951,8,562
06-25-2020,14:45,61953,15,506
06-25-2020,14:45,62002,147,1637
06-25-2020,14:45,62010,42,378
06-25-2020,14:45,62012,12,309
06-25-2020,14:45,62018,12,152
06-25-2020,14:45,62024,14,378
06-25-2020,14:45,62025,120,1351
06-25-2020,14:45,62033,6,418
06-25-2020,14:45,62034,78,949
06-25-2020,14:45,62035,40,700
06-25-2020,14:45,62040,134,2403
06-25-2020,14:45,62049,6,823
06-25-2020,14:45,62052,20,539
06-25-2020,14:45,62056,14,846
06-25-2020,14:45,62059,7,47
06-25-2020,14:45,62060,44,361
06-25-2020,14:45,62062,15,1202
06-25-2020,14:45,62069,9,186
06-25-2020,14:45,62088,8,656
06-25-2020,14:45,62090,14,113
06-25-2020,14:45,62095,28,452
06-25-2020,14:45,62201,81,513
06-25-2020,14:45,62203,62,542
06-25-2020,14:45,62204,63,506
06-25-2020,14:45,62205,74,668
06-25-2020,14:45,62206,157,1077
06-25-2020,14:45,62207,108,598
06-25-2020,14:45,62208,102,995
06-25-2020,14:45,62220,160,1066
06-25-2020,14:45,62221,157,1288
06-25-2020,14:45,62223,70,895
06-25-2020,14:45,62226,203,1719
06-25-2020,14:45,62230,27,450
06-25-2020,14:45,62231,85,655
06-25-2020,14:45,62232,35,912
06-25-2020,14:45,62233,101,751
06-25-2020,14:45,62234,149,1802
06-25-2020,14:45,62236,48,389
06-25-2020,14:45,62237,6,358
06-25-2020,14:45,62238,6,51
06-25-2020,14:45,62239,18,176
06-25-2020,14:45,62241,6,66
06-25-2020,14:45,62242,6,59
06-25-2020,14:45,62243,10,171
06-25-2020,14:45,62246,7,464
06-25-2020,14:45,62249,19,678
06-25-2020,14:45,62254,93,519
06-25-2020,14:45,62255,7,49
06-25-2020,14:45,62257,13,145
06-25-2020,14:45,62258,18,544
06-25-2020,14:45,62260,12,201
06-25-2020,14:45,62264,56,150
06-25-2020,14:45,62265,41,755
06-25-2020,14:45,62269,94,1291
06-25-2020,14:45,62272,50,191
06-25-2020,14:45,62274,11,294
06-25-2020,14:45,62278,15,296
06-25-2020,14:45,62285,20,139
06-25-2020,14:45,62286,51,492
06-25-2020,14:45,62288,33,290
06-25-2020,14:45,62293,9,285
06-25-2020,14:45,62294,26,579
06-25-2020,14:45,62295,14,65
06-25-2020,14:45,62298,58,965
06-25-2020,14:45,62301,28,3813
06-25-2020,14:45,62305,30,614
06-25-2020,14:45,62353,7,403
06-25-2020,14:45,62427,6,73
06-25-2020,14:45,62428,7,199
06-25-2020,14:45,62441,10,350
06-25-2020,14:45,62448,37,591
06-25-2020,14:45,62454,10,419
06-25-2020,14:45,62471,17,659
06-25-2020,14:45,62474,6,66
06-25-2020,14:45,62521,114,2461
06-25-2020,14:45,62522,40,698
06-25-2020,14:45,62526,57,1888
06-25-2020,14:45,62560,7,129
06-25-2020,14:45,62561,6,529
06-25-2020,14:45,62563,7,570
06-25-2020,14:45,62565,14,966
06-25-2020,14:45,62568,32,1004
06-25-2020,14:45,62615,6,526
06-25-2020,14:45,62618,74,975
06-25-2020,14:45,62629,15,1419
06-25-2020,14:45,62650,105,2625
06-25-2020,14:45,62656,12,2049
06-25-2020,14:45,62664,11,331
06-25-2020,14:45,62675,12,691
06-25-2020,14:45,62677,6,277
06-25-2020,14:45,62681,12,423
06-25-2020,14:45,62684,71,888
06-25-2020,14:45,62691,37,271
06-25-2020,14:45,62692,8,211
06-25-2020,14:45,62702,84,5418
06-25-2020,14:45,62703,70,3829
06-25-2020,14:45,62704,57,4414
06-25-2020,14:45,62707,20,1219
06-25-2020,14:45,62711,30,2042
06-25-2020,14:45,62712,6,1057
06-25-2020,14:45,62801,67,1984
06-25-2020,14:45,62832,16,573
06-25-2020,14:45,62837,7,545
06-25-2020,14:45,62863,21,474
06-25-2020,14:45,62864,86,1663
06-25-2020,14:45,62881,7,626
06-25-2020,14:45,62882,14,207
06-25-2020,14:45,62901,170,2447
06-25-2020,14:45,62902,19,350
06-25-2020,14:45,62906,86,996
06-25-2020,14:45,62907,20,145
06-25-2020,14:45,62912,8,82
06-25-2020,14:45,62914,9,278
06-25-2020,14:45,62918,16,768
06-25-2020,14:45,62920,69,435
06-25-2020,14:45,62939,10,198
06-25-2020,14:45,62946,6,576
06-25-2020,14:45,62948,21,924
06-25-2020,14:45,62951,8,312
06-25-2020,14:45,62952,10,254
06-25-2020,14:45,62959,45,2332
06-25-2020,14:45,62960,6,736
06-25-2020,14:45,62966,103,1409
06-25-2020,14:45,62992,53,206
06-24-2020,14:45,60002,115,1364
06-24-2020,14:45,60004,360,6997
06-24-2020,14:45,60005,199,3232
06-24-2020,14:45,60007,364,2895
06-24-2020,14:45,60008,344,3607
06-24-2020,14:45,60010,149,2596
06-24-2020,14:45,60012,86,669
06-24-2020,14:45,60013,98,1270
06-24-2020,14:45,60014,297,3180
06-24-2020,14:45,60015,188,2071
06-24-2020,14:45,60016,1094,6978
06-24-2020,14:45,60018,665,3839
06-24-2020,14:45,60020,42,853
06-24-2020,14:45,60021,22,288
06-24-2020,14:45,60022,29,594
06-24-2020,14:45,60025,374,3999
06-24-2020,14:45,60026,154,1798
06-24-2020,14:45,60029,8,78
06-24-2020,14:45,60030,188,2721
06-24-2020,14:45,60031,363,3495
06-24-2020,14:45,60033,212,1230
06-24-2020,14:45,60035,270,3254
06-24-2020,14:45,60040,178,766
06-24-2020,14:45,60041,50,670
06-24-2020,14:45,60042,40,489
06-24-2020,14:45,60043,19,228
06-24-2020,14:45,60044,106,1116
06-24-2020,14:45,60045,126,1902
06-24-2020,14:45,60046,212,2322
06-24-2020,14:45,60047,413,3375
06-24-2020,14:45,60048,153,1944
06-24-2020,14:45,60050,228,2376
06-24-2020,14:45,60051,128,1609
06-24-2020,14:45,60053,309,2399
06-24-2020,14:45,60056,651,4916
06-24-2020,14:45,60060,449,2849
06-24-2020,14:45,60061,179,2177
06-24-2020,14:45,60062,336,4198
06-24-2020,14:45,60064,658,2049
06-24-2020,14:45,60067,237,4021
06-24-2020,14:45,60068,316,3256
06-24-2020,14:45,60069,91,1312
06-24-2020,14:45,60070,263,1702
06-24-2020,14:45,60071,15,226
06-24-2020,14:45,60073,1079,6305
06-24-2020,14:45,60074,467,3392
06-24-2020,14:45,60076,522,4214
06-24-2020,14:45,60077,422,3196
06-24-2020,14:45,60079,12,61
06-24-2020,14:45,60081,42,531
06-24-2020,14:45,60083,103,942
06-24-2020,14:45,60084,187,1151
06-24-2020,14:45,60085,2415,9920
06-24-2020,14:45,60087,674,3792
06-24-2020,14:45,60088,95,501
06-24-2020,14:45,60089,317,3184
06-24-2020,14:45,60090,816,4374
06-24-2020,14:45,60091,158,2086
06-24-2020,14:45,60093,180,1871
06-24-2020,14:45,60096,40,454
06-24-2020,14:45,60097,40,681
06-24-2020,14:45,60098,325,2809
06-24-2020,14:45,60099,584,3362
06-24-2020,14:45,60101,815,4309
06-24-2020,14:45,60102,172,2036
06-24-2020,14:45,60103,299,3238
06-24-2020,14:45,60104,431,2620
06-24-2020,14:45,60106,523,2942
06-24-2020,14:45,60107,667,4273
06-24-2020,14:45,60108,327,3165
06-24-2020,14:45,60109,11,318
06-24-2020,14:45,60110,739,3330
06-24-2020,14:45,60112,28,335
06-24-2020,14:45,60115,295,3576
06-24-2020,14:45,60118,86,1076
06-24-2020,14:45,60119,38,663
06-24-2020,14:45,60120,1372,5896
06-24-2020,14:45,60123,914,5662
06-24-2020,14:45,60124,136,1609
06-24-2020,14:45,60126,281,4073
06-24-2020,14:45,60130,157,2593
06-24-2020,14:45,60131,356,2153
06-24-2020,14:45,60133,764,4377
06-24-2020,14:45,60134,167,1987
06-24-2020,14:45,60135,39,534
06-24-2020,14:45,60136,57,520
06-24-2020,14:45,60137,155,2716
06-24-2020,14:45,60139,653,3825
06-24-2020,14:45,60140,98,1226
06-24-2020,14:45,60141,22,721
06-24-2020,14:45,60142,108,1935
06-24-2020,14:45,60143,189,1222
06-24-2020,14:45,60145,7,125
06-24-2020,14:45,60146,9,177
06-24-2020,14:45,60148,390,4351
06-24-2020,14:45,60151,18,269
06-24-2020,14:45,60152,83,787
06-24-2020,14:45,60153,523,3067
06-24-2020,14:45,60154,207,2178
06-24-2020,14:45,60155,178,971
06-24-2020,14:45,60156,163,1704
06-24-2020,14:45,60157,12,176
06-24-2020,14:45,60160,770,3660
06-24-2020,14:45,60162,168,1283
06-24-2020,14:45,60163,99,637
06-24-2020,14:45,60164,529,3978
06-24-2020,14:45,60165,185,671
06-24-2020,14:45,60169,400,3064
06-24-2020,14:45,60171,128,1086
06-24-2020,14:45,60172,240,2081
06-24-2020,14:45,60173,111,871
06-24-2020,14:45,60174,183,2677
06-24-2020,14:45,60175,106,1564
06-24-2020,14:45,60176,162,1039
06-24-2020,14:45,60177,284,1934
06-24-2020,14:45,60178,66,1445
06-24-2020,14:45,60181,270,2461
06-24-2020,14:45,60184,9,150
06-24-2020,14:45,60185,761,3998
06-24-2020,14:45,60187,139,2538
06-24-2020,14:45,60188,501,3885
06-24-2020,14:45,60189,117,2084
06-24-2020,14:45,60190,56,1008
06-24-2020,14:45,60191,223,1419
06-24-2020,14:45,60192,65,941
06-24-2020,14:45,60193,277,3469
06-24-2020,14:45,60194,173,2185
06-24-2020,14:45,60195,20,272
06-24-2020,14:45,60201,337,4654
06-24-2020,14:45,60202,448,3686
06-24-2020,14:45,60203,35,478
06-24-2020,14:45,60301,28,329
06-24-2020,14:45,60302,222,3483
06-24-2020,14:45,60304,81,1464
06-24-2020,14:45,60305,59,881
06-24-2020,14:45,60401,42,928
06-24-2020,14:45,60402,1453,8500
06-24-2020,14:45,60403,216,2118
06-24-2020,14:45,60404,121,1840
06-24-2020,14:45,60406,524,3576
06-24-2020,14:45,60408,20,481
06-24-2020,14:45,60409,618,5068
06-24-2020,14:45,60410,54,951
06-24-2020,14:45,60411,956,7625
06-24-2020,14:45,60415,198,1629
06-24-2020,14:45,60416,13,456
06-24-2020,14:45,60417,167,1747
06-24-2020,14:45,60418,118,696
06-24-2020,14:45,60419,414,3440
06-24-2020,14:45,60420,8,298
06-24-2020,14:45,60421,14,253
06-24-2020,14:45,60422,85,1165
06-24-2020,14:45,60423,153,2300
06-24-2020,14:45,60424,6,111
06-24-2020,14:45,60425,173,1648
06-24-2020,14:45,60426,494,3947
06-24-2020,14:45,60428,221,1778
06-24-2020,14:45,60429,237,2629
06-24-2020,14:45,60430,286,2535
06-24-2020,14:45,60431,231,2922
06-24-2020,14:45,60432,467,2535
06-24-2020,14:45,60433,321,2350
06-24-2020,14:45,60434,166,293
06-24-2020,14:45,60435,711,6537
06-24-2020,14:45,60436,260,2322
06-24-2020,14:45,60438,410,3203
06-24-2020,14:45,60439,104,1648
06-24-2020,14:45,60440,906,7422
06-24-2020,14:45,60441,224,2366
06-24-2020,14:45,60442,49,637
06-24-2020,14:45,60443,371,2913
06-24-2020,14:45,60445,167,1875
06-24-2020,14:45,60446,557,4701
06-24-2020,14:45,60447,58,980
06-24-2020,14:45,60448,149,1502
06-24-2020,14:45,60449,75,932
06-24-2020,14:45,60450,58,1226
06-24-2020,14:45,60451,131,2097
06-24-2020,14:45,60452,253,2446
06-24-2020,14:45,60453,803,6153
06-24-2020,14:45,60455,320,1884
06-24-2020,14:45,60456,55,425
06-24-2020,14:45,60457,132,1130
06-24-2020,14:45,60458,151,1321
06-24-2020,14:45,60459,441,3079
06-24-2020,14:45,60461,60,699
06-24-2020,14:45,60462,349,3293
06-24-2020,14:45,60463,249,1432
06-24-2020,14:45,60464,54,746
06-24-2020,14:45,60465,262,1478
06-24-2020,14:45,60466,500,3594
06-24-2020,14:45,60467,181,1813
06-24-2020,14:45,60468,35,431
06-24-2020,14:45,60469,88,708
06-24-2020,14:45,60471,226,1761
06-24-2020,14:45,60472,72,719
06-24-2020,14:45,60473,435,3910
06-24-2020,14:45,60475,85,931
06-24-2020,14:45,60476,22,255
06-24-2020,14:45,60477,258,3071
06-24-2020,14:45,60478,341,2938
06-24-2020,14:45,60480,38,515
06-24-2020,14:45,60481,29,965
06-24-2020,14:45,60482,107,856
06-24-2020,14:45,60484,121,849
06-24-2020,14:45,60487,155,1787
06-24-2020,14:45,60490,144,2040
06-24-2020,14:45,60491,157,1368
06-24-2020,14:45,60501,308,1483
06-24-2020,14:45,60502,103,1565
06-24-2020,14:45,60503,67,1085
06-24-2020,14:45,60504,358,3293
06-24-2020,14:45,60505,2030,9701
06-24-2020,14:45,60506,1149,7644
06-24-2020,14:45,60510,117,2343
06-24-2020,14:45,60513,168,2326
06-24-2020,14:45,60514,50,829
06-24-2020,14:45,60515,103,1854
06-24-2020,14:45,60516,133,2144
06-24-2020,14:45,60517,237,2910
06-24-2020,14:45,60520,10,189
06-24-2020,14:45,60521,187,1695
06-24-2020,14:45,60523,111,1071
06-24-2020,14:45,60525,304,4020
06-24-2020,14:45,60526,86,2322
06-24-2020,14:45,60527,248,3268
06-24-2020,14:45,60532,137,2404
06-24-2020,14:45,60534,184,1297
06-24-2020,14:45,60538,321,2631
06-24-2020,14:45,60540,149,3135
06-24-2020,14:45,60541,9,156
06-24-2020,14:45,60542,191,1880
06-24-2020,14:45,60543,287,3061
06-24-2020,14:45,60544,180,2838
06-24-2020,14:45,60545,156,1366
06-24-2020,14:45,60546,171,2817
06-24-2020,14:45,60548,86,1169
06-24-2020,14:45,60551,25,211
06-24-2020,14:45,60552,9,268
06-24-2020,14:45,60554,43,873
06-24-2020,14:45,60555,138,1235
06-24-2020,14:45,60558,52,1041
06-24-2020,14:45,60559,339,2510
06-24-2020,14:45,60560,113,1732
06-24-2020,14:45,60561,134,2039
06-24-2020,14:45,60563,189,3238
06-24-2020,14:45,60564,176,2870
06-24-2020,14:45,60565,203,2711
06-24-2020,14:45,60585,110,1734
06-24-2020,14:45,60586,386,4276
06-24-2020,14:45,60601,78,1160
06-24-2020,14:45,60602,16,244
06-24-2020,14:45,60603,8,127
06-24-2020,14:45,60604,22,173
06-24-2020,14:45,60605,209,2748
06-24-2020,14:45,60606,36,979
06-24-2020,14:45,60607,457,3046
06-24-2020,14:45,60608,1797,9287
06-24-2020,14:45,60609,1824,8424
06-24-2020,14:45,60610,276,3992
06-24-2020,14:45,60611,163,4129
06-24-2020,14:45,60612,717,5490
06-24-2020,14:45,60613,406,4481
06-24-2020,14:45,60614,531,6490
06-24-2020,14:45,60615,407,4920
06-24-2020,14:45,60616,465,5961
06-24-2020,14:45,60617,1188,10407
06-24-2020,14:45,60618,1381,10079
06-24-2020,14:45,60619,955,10221
06-24-2020,14:45,60620,1161,9656
06-24-2020,14:45,60621,572,4082
06-24-2020,14:45,60622,668,5909
06-24-2020,14:45,60623,3424,11861
06-24-2020,14:45,60624,887,5043
06-24-2020,14:45,60625,1492,8937
06-24-2020,14:45,60626,1089,7798
06-24-2020,14:45,60628,1131,8493
06-24-2020,14:45,60629,3390,14130
06-24-2020,14:45,60630,847,6045
06-24-2020,14:45,60631,326,4326
06-24-2020,14:45,60632,3189,11424
06-24-2020,14:45,60633,283,2205
06-24-2020,14:45,60634,1516,11110
06-24-2020,14:45,60636,758,4220
06-24-2020,14:45,60637,654,6768
06-24-2020,14:45,60638,1141,7188
06-24-2020,14:45,60639,3399,14204
06-24-2020,14:45,60640,844,8040
06-24-2020,14:45,60641,1558,9623
06-24-2020,14:45,60642,181,2140
06-24-2020,14:45,60643,748,6968
06-24-2020,14:45,60644,1293,7420
06-24-2020,14:45,60645,1106,6269
06-24-2020,14:45,60646,387,3588
06-24-2020,14:45,60647,1419,9641
06-24-2020,14:45,60649,836,6836
06-24-2020,14:45,60651,1800,8624
06-24-2020,14:45,60652,980,5412
06-24-2020,14:45,60653,550,5620
06-24-2020,14:45,60654,153,1733
06-24-2020,14:45,60655,274,3846
06-24-2020,14:45,60656,292,3197
06-24-2020,14:45,60657,372,6044
06-24-2020,14:45,60659,796,4276
06-24-2020,14:45,60660,464,4177
06-24-2020,14:45,60661,45,764
06-24-2020,14:45,60680,6,112
06-24-2020,14:45,60706,386,3694
06-24-2020,14:45,60707,804,5763
06-24-2020,14:45,60712,177,1656
06-24-2020,14:45,60714,876,4655
06-24-2020,14:45,60803,264,2155
06-24-2020,14:45,60804,3004,12097
06-24-2020,14:45,60805,238,1980
06-24-2020,14:45,60827,379,3033
06-24-2020,14:45,60901,652,5006
06-24-2020,14:45,60911,10,124
06-24-2020,14:45,60912,6,54
06-24-2020,14:45,60913,7,101
06-24-2020,14:45,60914,192,3062
06-24-2020,14:45,60915,76,1390
06-24-2020,14:45,60919,6,43
06-24-2020,14:45,60922,14,234
06-24-2020,14:45,60927,52,419
06-24-2020,14:45,60928,7,54
06-24-2020,14:45,60930,6,54
06-24-2020,14:45,60936,6,366
06-24-2020,14:45,60938,6,140
06-24-2020,14:45,60940,8,236
06-24-2020,14:45,60941,6,138
06-24-2020,14:45,60950,106,1716
06-24-2020,14:45,60954,38,898
06-24-2020,14:45,60955,13,130
06-24-2020,14:45,60957,8,412
06-24-2020,14:45,60958,25,220
06-24-2020,14:45,60964,37,467
06-24-2020,14:45,60970,15,545
06-24-2020,14:45,61008,456,3396
06-24-2020,14:45,61010,20,374
06-24-2020,14:45,61011,10,158
06-24-2020,14:45,61012,23,165
06-24-2020,14:45,61016,44,445
06-24-2020,14:45,61019,7,169
06-24-2020,14:45,61020,17,221
06-24-2020,14:45,61021,90,1451
06-24-2020,14:45,61032,224,3316
06-24-2020,14:45,61036,13,348
06-24-2020,14:45,61041,6,26
06-24-2020,14:45,61054,7,234
06-24-2020,14:45,61061,10,326
06-24-2020,14:45,61063,9,255
06-24-2020,14:45,61064,10,164
06-24-2020,14:45,61065,65,792
06-24-2020,14:45,61068,148,1436
06-24-2020,14:45,61071,41,496
06-24-2020,14:45,61072,37,648
06-24-2020,14:45,61073,72,1262
06-24-2020,14:45,61080,53,602
06-24-2020,14:45,61081,89,974
06-24-2020,14:45,61084,9,128
06-24-2020,14:45,61085,8,156
06-24-2020,14:45,61088,11,383
06-24-2020,14:45,61101,340,2802
06-24-2020,14:45,61102,286,2312
06-24-2020,14:45,61103,322,3310
06-24-2020,14:45,61104,326,2073
06-24-2020,14:45,61107,272,3207
06-24-2020,14:45,61108,421,3492
06-24-2020,14:45,61109,298,2842
06-24-2020,14:45,61111,111,2060
06-24-2020,14:45,61114,120,1697
06-24-2020,14:45,61115,141,1859
06-24-2020,14:45,61201,228,2939
06-24-2020,14:45,61235,8,113
06-24-2020,14:45,61239,8,82
06-24-2020,14:45,61240,13,385
06-24-2020,14:45,61241,18,476
06-24-2020,14:45,61244,209,2319
06-24-2020,14:45,61252,26,241
06-24-2020,14:45,61254,11,700
06-24-2020,14:45,61256,6,125
06-24-2020,14:45,61264,27,685
06-24-2020,14:45,61265,245,3516
06-24-2020,14:45,61270,8,237
06-24-2020,14:45,61273,6,187
06-24-2020,14:45,61275,12,223
06-24-2020,14:45,61282,48,757
06-24-2020,14:45,61284,6,128
06-24-2020,14:45,61301,6,781
06-24-2020,14:45,61314,6,39
06-24-2020,14:45,61341,45,737
06-24-2020,14:45,61342,21,396
06-24-2020,14:45,61350,28,1375
06-24-2020,14:45,61354,6,571
06-24-2020,14:45,61356,6,722
06-24-2020,14:45,61360,6,116
06-24-2020,14:45,61364,7,1021
06-24-2020,14:45,61401,105,1993
06-24-2020,14:45,61410,6,126
06-24-2020,14:45,61443,19,589
06-24-2020,14:45,61455,86,1260
06-24-2020,14:45,61462,115,757
06-24-2020,14:45,61469,7,127
06-24-2020,14:45,61525,11,607
06-24-2020,14:45,61547,8,248
06-24-2020,14:45,61548,13,652
06-24-2020,14:45,61550,11,1383
06-24-2020,14:45,61554,33,3265
06-24-2020,14:45,61568,6,229
06-24-2020,14:45,61571,24,1780
06-24-2020,14:45,61602,6,162
06-24-2020,14:45,61603,86,1727
06-24-2020,14:45,61604,74,2931
06-24-2020,14:45,61605,62,1433
06-24-2020,14:45,61606,8,404
06-24-2020,14:45,61607,7,726
06-24-2020,14:45,61610,7,355
06-24-2020,14:45,61611,23,1846
06-24-2020,14:45,61614,128,2831
06-24-2020,14:45,61615,34,2056
06-24-2020,14:45,61616,8,756
06-24-2020,14:45,61701,61,3326
06-24-2020,14:45,61704,82,2460
06-24-2020,14:45,61705,16,998
06-24-2020,14:45,61726,6,170
06-24-2020,14:45,61729,6,75
06-24-2020,14:45,61739,6,392
06-24-2020,14:45,61761,66,3119
06-24-2020,14:45,61764,18,838
06-24-2020,14:45,61801,49,2709
06-24-2020,14:45,61802,126,3065
06-24-2020,14:45,61820,131,2892
06-24-2020,14:45,61821,144,4395
06-24-2020,14:45,61822,61,3013
06-24-2020,14:45,61832,31,1994
06-24-2020,14:45,61853,32,1653
06-24-2020,14:45,61856,8,641
06-24-2020,14:45,61866,183,2270
06-24-2020,14:45,61873,7,567
06-24-2020,14:45,61874,35,1425
06-24-2020,14:45,61880,9,436
06-24-2020,14:45,61910,12,355
06-24-2020,14:45,61911,8,162
06-24-2020,14:45,61920,98,1972
06-24-2020,14:45,61938,45,2232
06-24-2020,14:45,61944,7,526
06-24-2020,14:45,61951,8,462
06-24-2020,14:45,61953,15,494
06-24-2020,14:45,62002,138,1500
06-24-2020,14:45,62010,42,342
06-24-2020,14:45,62012,12,288
06-24-2020,14:45,62018,12,134
06-24-2020,14:45,62024,13,352
06-24-2020,14:45,62025,120,1264
06-24-2020,14:45,62033,6,410
06-24-2020,14:45,62034,76,900
06-24-2020,14:45,62035,30,601
06-24-2020,14:45,62040,131,2189
06-24-2020,14:45,62049,6,811
06-24-2020,14:45,62052,20,443
06-24-2020,14:45,62056,14,826
06-24-2020,14:45,62059,7,45
06-24-2020,14:45,62060,44,343
06-24-2020,14:45,62062,15,1181
06-24-2020,14:45,62069,9,183
06-24-2020,14:45,62088,8,636
06-24-2020,14:45,62090,14,111
06-24-2020,14:45,62095,28,417
06-24-2020,14:45,62201,78,493
06-24-2020,14:45,62203,61,527
06-24-2020,14:45,62204,63,491
06-24-2020,14:45,62205,69,626
06-24-2020,14:45,62206,158,1032
06-24-2020,14:45,62207,106,578
06-24-2020,14:45,62208,100,956
06-24-2020,14:45,62220,158,1014
06-24-2020,14:45,62221,157,1228
06-24-2020,14:45,62223,69,846
06-24-2020,14:45,62226,200,1644
06-24-2020,14:45,62230,26,445
06-24-2020,14:45,62231,84,627
06-24-2020,14:45,62232,34,796
06-24-2020,14:45,62233,101,733
06-24-2020,14:45,62234,142,1686
06-24-2020,14:45,62236,48,324
06-24-2020,14:45,62237,6,287
06-24-2020,14:45,62238,6,50
06-24-2020,14:45,62239,18,161
06-24-2020,14:45,62241,6,62
06-24-2020,14:45,62242,6,55
06-24-2020,14:45,62243,10,164
06-24-2020,14:45,62246,7,430
06-24-2020,14:45,62249,19,641
06-24-2020,14:45,62254,92,503
06-24-2020,14:45,62255,7,48
06-24-2020,14:45,62257,13,142
06-24-2020,14:45,62258,18,495
06-24-2020,14:45,62260,12,180
06-24-2020,14:45,62264,56,146
06-24-2020,14:45,62265,41,747
06-24-2020,14:45,62269,95,1231
06-24-2020,14:45,62272,50,190
06-24-2020,14:45,62274,11,288
06-24-2020,14:45,62278,15,274
06-24-2020,14:45,62285,20,127
06-24-2020,14:45,62286,51,485
06-24-2020,14:45,62288,33,288
06-24-2020,14:45,62293,9,271
06-24-2020,14:45,62294,26,539
06-24-2020,14:45,62295,13,59
06-24-2020,14:45,62298,58,913
06-24-2020,14:45,62301,28,3464
06-24-2020,14:45,62305,29,561
06-24-2020,14:45,62353,7,387
06-24-2020,14:45,62427,6,69
06-24-2020,14:45,62428,7,189
06-24-2020,14:45,62441,10,338
06-24-2020,14:45,62448,37,556
06-24-2020,14:45,62454,10,379
06-24-2020,14:45,62471,17,623
06-24-2020,14:45,62474,6,64
06-24-2020,14:45,62521,114,2386
06-24-2020,14:45,62522,39,676
06-24-2020,14:45,62526,55,1831
06-24-2020,14:45,62560,7,126
06-24-2020,14:45,62561,6,520
06-24-2020,14:45,62563,7,551
06-24-2020,14:45,62565,14,942
06-24-2020,14:45,62568,32,984
06-24-2020,14:45,62615,6,515
06-24-2020,14:45,62618,73,951
06-24-2020,14:45,62629,15,1390
06-24-2020,14:45,62650,99,2475
06-24-2020,14:45,62656,12,2027
06-24-2020,14:45,62664,11,326
06-24-2020,14:45,62675,12,684
06-24-2020,14:45,62677,6,274
06-24-2020,14:45,62681,12,415
06-24-2020,14:45,62684,71,882
06-24-2020,14:45,62691,36,261
06-24-2020,14:45,62692,8,207
06-24-2020,14:45,62702,83,5171
06-24-2020,14:45,62703,70,3651
06-24-2020,14:45,62704,57,4328
06-24-2020,14:45,62707,19,1185
06-24-2020,14:45,62711,30,2002
06-24-2020,14:45,62712,6,1038
06-24-2020,14:45,62801,67,1866
06-24-2020,14:45,62832,16,560
06-24-2020,14:45,62837,7,524
06-24-2020,14:45,62863,21,463
06-24-2020,14:45,62864,88,1576
06-24-2020,14:45,62882,14,187
06-24-2020,14:45,62901,168,2387
06-24-2020,14:45,62902,19,337
06-24-2020,14:45,62906,87,976
06-24-2020,14:45,62907,20,138
06-24-2020,14:45,62912,8,76
06-24-2020,14:45,62914,9,271
06-24-2020,14:45,62918,16,748
06-24-2020,14:45,62920,69,427
06-24-2020,14:45,62939,10,190
06-24-2020,14:45,62946,6,554
06-24-2020,14:45,62948,20,904
06-24-2020,14:45,62951,6,300
06-24-2020,14:45,62952,10,236
06-24-2020,14:45,62959,45,2127
06-24-2020,14:45,62960,6,711
06-24-2020,14:45,62966,102,1376
06-24-2020,14:45,62992,52,200
06-23-2020,14:45,60002,114,1345
06-23-2020,14:45,60004,357,6664
06-23-2020,14:45,60005,195,3152
06-23-2020,14:45,60007,364,2854
06-23-2020,14:45,60008,344,3571
06-23-2020,14:45,60010,145,2518
06-23-2020,14:45,60012,86,652
06-23-2020,14:45,60013,98,1246
06-23-2020,14:45,60014,296,3132
06-23-2020,14:45,60015,187,2026
06-23-2020,14:45,60016,1086,6876
06-23-2020,14:45,60018,662,3783
06-23-2020,14:45,60020,41,840
06-23-2020,14:45,60021,22,283
06-23-2020,14:45,60022,29,570
06-23-2020,14:45,60025,372,3926
06-23-2020,14:45,60026,153,1772
06-23-2020,14:45,60029,8,78
06-23-2020,14:45,60030,186,2668
06-23-2020,14:45,60031,361,3450
06-23-2020,14:45,60033,212,1207
06-23-2020,14:45,60035,268,3083
06-23-2020,14:45,60040,178,755
06-23-2020,14:45,60041,50,661
06-23-2020,14:45,60042,39,478
06-23-2020,14:45,60043,19,221
06-23-2020,14:45,60044,105,1095
06-23-2020,14:45,60045,124,1820
06-23-2020,14:45,60046,211,2286
06-23-2020,14:45,60047,408,3299
06-23-2020,14:45,60048,152,1909
06-23-2020,14:45,60050,226,2344
06-23-2020,14:45,60051,126,1572
06-23-2020,14:45,60053,306,2361
06-23-2020,14:45,60056,647,4846
06-23-2020,14:45,60060,446,2801
06-23-2020,14:45,60061,178,2146
06-23-2020,14:45,60062,332,4085
06-23-2020,14:45,60064,656,2027
06-23-2020,14:45,60067,235,3938
06-23-2020,14:45,60068,311,3184
06-23-2020,14:45,60069,91,1292
06-23-2020,14:45,60070,263,1676
06-23-2020,14:45,60071,14,220
06-23-2020,14:45,60073,1075,6251
06-23-2020,14:45,60074,468,3352
06-23-2020,14:45,60076,513,4138
06-23-2020,14:45,60077,420,3127
06-23-2020,14:45,60079,12,60
06-23-2020,14:45,60081,42,524
06-23-2020,14:45,60083,103,937
06-23-2020,14:45,60084,186,1124
06-23-2020,14:45,60085,2409,9855
06-23-2020,14:45,60087,673,3757
06-23-2020,14:45,60088,83,498
06-23-2020,14:45,60089,315,3114
06-23-2020,14:45,60090,813,4316
06-23-2020,14:45,60091,156,2038
06-23-2020,14:45,60093,179,1817
06-23-2020,14:45,60096,40,444
06-23-2020,14:45,60097,40,672
06-23-2020,14:45,60098,323,2775
06-23-2020,14:45,60099,584,3333
06-23-2020,14:45,60101,812,4249
06-23-2020,14:45,60102,172,1998
06-23-2020,14:45,60103,297,3191
06-23-2020,14:45,60104,430,2580
06-23-2020,14:45,60106,520,2847
06-23-2020,14:45,60107,662,4229
06-23-2020,14:45,60108,327,3114
06-23-2020,14:45,60109,11,317
06-23-2020,14:45,60110,734,3296
06-23-2020,14:45,60112,28,331
06-23-2020,14:45,60115,294,3539
06-23-2020,14:45,60118,85,1060
06-23-2020,14:45,60119,38,652
06-23-2020,14:45,60120,1362,5825
06-23-2020,14:45,60123,908,5589
06-23-2020,14:45,60124,135,1591
06-23-2020,14:45,60126,277,3992
06-23-2020,14:45,60130,155,2444
06-23-2020,14:45,60131,357,2130
06-23-2020,14:45,60133,763,4331
06-23-2020,14:45,60134,165,1907
06-23-2020,14:45,60135,39,528
06-23-2020,14:45,60136,56,511
06-23-2020,14:45,60137,155,2676
06-23-2020,14:45,60139,651,3760
06-23-2020,14:45,60140,98,1209
06-23-2020,14:45,60141,22,695
06-23-2020,14:45,60142,104,1902
06-23-2020,14:45,60143,188,1208
06-23-2020,14:45,60145,7,122
06-23-2020,14:45,60146,9,172
06-23-2020,14:45,60148,388,4274
06-23-2020,14:45,60151,18,269
06-23-2020,14:45,60152,82,779
06-23-2020,14:45,60153,521,3025
06-23-2020,14:45,60154,207,2145
06-23-2020,14:45,60155,176,953
06-23-2020,14:45,60156,163,1682
06-23-2020,14:45,60157,12,175
06-23-2020,14:45,60160,768,3629
06-23-2020,14:45,60162,167,1270
06-23-2020,14:45,60163,99,624
06-23-2020,14:45,60164,529,3956
06-23-2020,14:45,60165,185,667
06-23-2020,14:45,60169,389,3018
06-23-2020,14:45,60171,128,1075
06-23-2020,14:45,60172,240,2057
06-23-2020,14:45,60173,109,840
06-23-2020,14:45,60174,181,2642
06-23-2020,14:45,60175,100,1521
06-23-2020,14:45,60176,160,1024
06-23-2020,14:45,60177,285,1900
06-23-2020,14:45,60178,66,1426
06-23-2020,14:45,60181,266,2414
06-23-2020,14:45,60184,9,148
06-23-2020,14:45,60185,758,3953
06-23-2020,14:45,60187,138,2495
06-23-2020,14:45,60188,499,3824
06-23-2020,14:45,60189,117,2057
06-23-2020,14:45,60190,55,932
06-23-2020,14:45,60191,222,1405
06-23-2020,14:45,60192,63,923
06-23-2020,14:45,60193,276,3415
06-23-2020,14:45,60194,172,2155
06-23-2020,14:45,60195,20,268
06-23-2020,14:45,60201,334,4538
06-23-2020,14:45,60202,445,3625
06-23-2020,14:45,60203,35,465
06-23-2020,14:45,60301,28,317
06-23-2020,14:45,60302,222,3418
06-23-2020,14:45,60304,80,1436
06-23-2020,14:45,60305,57,865
06-23-2020,14:45,60401,42,909
06-23-2020,14:45,60402,1453,8381
06-23-2020,14:45,60403,215,2095
06-23-2020,14:45,60404,121,1797
06-23-2020,14:45,60406,520,3547
06-23-2020,14:45,60408,20,476
06-23-2020,14:45,60409,614,5019
06-23-2020,14:45,60410,53,927
06-23-2020,14:45,60411,951,7533
06-23-2020,14:45,60415,198,1612
06-23-2020,14:45,60416,13,450
06-23-2020,14:45,60417,167,1735
06-23-2020,14:45,60418,118,685
06-23-2020,14:45,60419,406,3376
06-23-2020,14:45,60420,8,298
06-23-2020,14:45,60421,14,250
06-23-2020,14:45,60422,85,1142
06-23-2020,14:45,60423,151,2278
06-23-2020,14:45,60424,6,110
06-23-2020,14:45,60425,173,1639
06-23-2020,14:45,60426,491,3909
06-23-2020,14:45,60428,221,1766
06-23-2020,14:45,60429,236,2606
06-23-2020,14:45,60430,285,2470
06-23-2020,14:45,60431,230,2878
06-23-2020,14:45,60432,466,2513
06-23-2020,14:45,60433,320,2332
06-23-2020,14:45,60434,166,290
06-23-2020,14:45,60435,711,6470
06-23-2020,14:45,60436,260,2292
06-23-2020,14:45,60438,408,3172
06-23-2020,14:45,60439,104,1615
06-23-2020,14:45,60440,899,7321
06-23-2020,14:45,60441,223,2347
06-23-2020,14:45,60442,48,625
06-23-2020,14:45,60443,371,2881
06-23-2020,14:45,60445,166,1849
06-23-2020,14:45,60446,556,4623
06-23-2020,14:45,60447,58,962
06-23-2020,14:45,60448,146,1475
06-23-2020,14:45,60449,73,891
06-23-2020,14:45,60450,58,1188
06-23-2020,14:45,60451,130,2045
06-23-2020,14:45,60452,251,2417
06-23-2020,14:45,60453,803,6068
06-23-2020,14:45,60455,318,1862
06-23-2020,14:45,60456,55,419
06-23-2020,14:45,60457,130,1118
06-23-2020,14:45,60458,146,1300
06-23-2020,14:45,60459,440,3041
06-23-2020,14:45,60461,59,692
06-23-2020,14:45,60462,345,3233
06-23-2020,14:45,60463,248,1404
06-23-2020,14:45,60464,53,739
06-23-2020,14:45,60465,260,1456
06-23-2020,14:45,60466,500,3554
06-23-2020,14:45,60467,179,1783
06-23-2020,14:45,60468,35,424
06-23-2020,14:45,60469,88,701
06-23-2020,14:45,60471,225,1718
06-23-2020,14:45,60472,71,717
06-23-2020,14:45,60473,435,3878
06-23-2020,14:45,60475,85,919
06-23-2020,14:45,60476,22,251
06-23-2020,14:45,60477,258,3011
06-23-2020,14:45,60478,338,2914
06-23-2020,14:45,60480,37,510
06-23-2020,14:45,60481,29,954
06-23-2020,14:45,60482,107,847
06-23-2020,14:45,60484,120,839
06-23-2020,14:45,60487,154,1760
06-23-2020,14:45,60490,144,1996
06-23-2020,14:45,60491,156,1345
06-23-2020,14:45,60501,307,1463
06-23-2020,14:45,60502,103,1530
06-23-2020,14:45,60503,67,1068
06-23-2020,14:45,60504,357,3229
06-23-2020,14:45,60505,2021,9504
06-23-2020,14:45,60506,1149,7547
06-23-2020,14:45,60510,115,2292
06-23-2020,14:45,60513,168,2295
06-23-2020,14:45,60514,50,820
06-23-2020,14:45,60515,103,1814
06-23-2020,14:45,60516,128,2079
06-23-2020,14:45,60517,235,2842
06-23-2020,14:45,60520,10,184
06-23-2020,14:45,60521,185,1663
06-23-2020,14:45,60523,111,1056
06-23-2020,14:45,60525,302,3946
06-23-2020,14:45,60526,86,2298
06-23-2020,14:45,60527,245,3200
06-23-2020,14:45,60532,137,2356
06-23-2020,14:45,60534,183,1284
06-23-2020,14:45,60538,319,2587
06-23-2020,14:45,60540,149,3050
06-23-2020,14:45,60541,9,154
06-23-2020,14:45,60542,188,1850
06-23-2020,14:45,60543,288,3011
06-23-2020,14:45,60544,179,2781
06-23-2020,14:45,60545,153,1350
06-23-2020,14:45,60546,170,2734
06-23-2020,14:45,60548,84,1100
06-23-2020,14:45,60551,24,206
06-23-2020,14:45,60552,9,261
06-23-2020,14:45,60554,43,858
06-23-2020,14:45,60555,138,1216
06-23-2020,14:45,60558,51,1015
06-23-2020,14:45,60559,334,2458
06-23-2020,14:45,60560,112,1699
06-23-2020,14:45,60561,134,1995
06-23-2020,14:45,60563,187,3119
06-23-2020,14:45,60564,174,2785
06-23-2020,14:45,60565,203,2628
06-23-2020,14:45,60585,110,1691
06-23-2020,14:45,60586,383,4188
06-23-2020,14:45,60601,78,1136
06-23-2020,14:45,60602,16,235
06-23-2020,14:45,60603,8,124
06-23-2020,14:45,60604,22,171
06-23-2020,14:45,60605,207,2699
06-23-2020,14:45,60606,37,952
06-23-2020,14:45,60607,454,2986
06-23-2020,14:45,60608,1798,9161
06-23-2020,14:45,60609,1821,8339
06-23-2020,14:45,60610,272,3882
06-23-2020,14:45,60611,163,4047
06-23-2020,14:45,60612,716,5403
06-23-2020,14:45,60613,405,4366
06-23-2020,14:45,60614,530,6377
06-23-2020,14:45,60615,404,4842
06-23-2020,14:45,60616,463,5862
06-23-2020,14:45,60617,1183,10301
06-23-2020,14:45,60618,1377,9918
06-23-2020,14:45,60619,950,10081
06-23-2020,14:45,60620,1158,9550
06-23-2020,14:45,60621,568,4048
06-23-2020,14:45,60622,664,5729
06-23-2020,14:45,60623,3416,11727
06-23-2020,14:45,60624,883,4988
06-23-2020,14:45,60625,1488,8836
06-23-2020,14:45,60626,1087,7654
06-23-2020,14:45,60628,1129,8390
06-23-2020,14:45,60629,3378,13954
06-23-2020,14:45,60630,844,5952
06-23-2020,14:45,60631,324,4274
06-23-2020,14:45,60632,3180,11340
06-23-2020,14:45,60633,281,2186
06-23-2020,14:45,60634,1511,10968
06-23-2020,14:45,60636,755,4177
06-23-2020,14:45,60637,652,6678
06-23-2020,14:45,60638,1137,7085
06-23-2020,14:45,60639,3396,14034
06-23-2020,14:45,60640,843,7922
06-23-2020,14:45,60641,1553,9441
06-23-2020,14:45,60642,180,2088
06-23-2020,14:45,60643,746,6883
06-23-2020,14:45,60644,1289,7250
06-23-2020,14:45,60645,1103,6196
06-23-2020,14:45,60646,386,3525
06-23-2020,14:45,60647,1416,9452
06-23-2020,14:45,60649,837,6762
06-23-2020,14:45,60651,1794,8531
06-23-2020,14:45,60652,975,5370
06-23-2020,14:45,60653,550,5547
06-23-2020,14:45,60654,152,1686
06-23-2020,14:45,60655,274,3811
06-23-2020,14:45,60656,293,3167
06-23-2020,14:45,60657,368,5926
06-23-2020,14:45,60659,790,4195
06-23-2020,14:45,60660,461,4066
06-23-2020,14:45,60661,45,748
06-23-2020,14:45,60680,6,107
06-23-2020,14:45,60706,380,3661
06-23-2020,14:45,60707,798,5686
06-23-2020,14:45,60712,176,1637
06-23-2020,14:45,60714,859,4539
06-23-2020,14:45,60803,264,2132
06-23-2020,14:45,60804,2996,12017
06-23-2020,14:45,60805,237,1950
06-23-2020,14:45,60827,379,2996
06-23-2020,14:45,60901,650,4963
06-23-2020,14:45,60911,10,124
06-23-2020,14:45,60912,6,52
06-23-2020,14:45,60913,7,101
06-23-2020,14:45,60914,189,3030
06-23-2020,14:45,60915,75,1381
06-23-2020,14:45,60919,6,43
06-23-2020,14:45,60922,13,233
06-23-2020,14:45,60927,52,419
06-23-2020,14:45,60928,7,53
06-23-2020,14:45,60930,6,54
06-23-2020,14:45,60936,6,356
06-23-2020,14:45,60938,6,136
06-23-2020,14:45,60940,8,235
06-23-2020,14:45,60941,6,137
06-23-2020,14:45,60950,106,1712
06-23-2020,14:45,60954,38,896
06-23-2020,14:45,60955,13,126
06-23-2020,14:45,60957,8,404
06-23-2020,14:45,60958,23,215
06-23-2020,14:45,60964,37,466
06-23-2020,14:45,60970,14,536
06-23-2020,14:45,61008,458,3342
06-23-2020,14:45,61010,20,364
06-23-2020,14:45,61011,10,155
06-23-2020,14:45,61012,22,164
06-23-2020,14:45,61016,44,438
06-23-2020,14:45,61019,7,161
06-23-2020,14:45,61020,16,215
06-23-2020,14:45,61021,90,1437
06-23-2020,14:45,61032,222,3228
06-23-2020,14:45,61036,13,343
06-23-2020,14:45,61041,6,26
06-23-2020,14:45,61054,7,227
06-23-2020,14:45,61061,10,308
06-23-2020,14:45,61063,9,249
06-23-2020,14:45,61064,10,164
06-23-2020,14:45,61065,66,778
06-23-2020,14:45,61068,148,1430
06-23-2020,14:45,61071,41,485
06-23-2020,14:45,61072,37,639
06-23-2020,14:45,61073,72,1238
06-23-2020,14:45,61080,52,591
06-23-2020,14:45,61081,87,951
06-23-2020,14:45,61084,9,126
06-23-2020,14:45,61085,8,145
06-23-2020,14:45,61088,11,374
06-23-2020,14:45,61101,338,2775
06-23-2020,14:45,61102,284,2286
06-23-2020,14:45,61103,313,3243
06-23-2020,14:45,61104,325,2045
06-23-2020,14:45,61107,270,3167
06-23-2020,14:45,61108,421,3433
06-23-2020,14:45,61109,296,2809
06-23-2020,14:45,61111,111,2029
06-23-2020,14:45,61114,119,1675
06-23-2020,14:45,61115,140,1822
06-23-2020,14:45,61201,225,2869
06-23-2020,14:45,61235,8,112
06-23-2020,14:45,61239,8,81
06-23-2020,14:45,61240,13,372
06-23-2020,14:45,61241,17,467
06-23-2020,14:45,61244,208,2286
06-23-2020,14:45,61252,26,240
06-23-2020,14:45,61254,11,682
06-23-2020,14:45,61256,6,120
06-23-2020,14:45,61264,26,669
06-23-2020,14:45,61265,240,3444
06-23-2020,14:45,61270,8,233
06-23-2020,14:45,61273,6,183
06-23-2020,14:45,61275,11,215
06-23-2020,14:45,61282,48,743
06-23-2020,14:45,61284,6,120
06-23-2020,14:45,61301,6,775
06-23-2020,14:45,61314,6,36
06-23-2020,14:45,61341,44,676
06-23-2020,14:45,61342,21,391
06-23-2020,14:45,61350,28,1155
06-23-2020,14:45,61354,6,564
06-23-2020,14:45,61356,6,607
06-23-2020,14:45,61360,6,109
06-23-2020,14:45,61364,7,1001
06-23-2020,14:45,61401,103,1975
06-23-2020,14:45,61410,6,126
06-23-2020,14:45,61443,19,586
06-23-2020,14:45,61455,86,1234
06-23-2020,14:45,61462,115,756
06-23-2020,14:45,61469,7,127
06-23-2020,14:45,61525,10,591
06-23-2020,14:45,61547,8,242
06-23-2020,14:45,61548,13,639
06-23-2020,14:45,61550,11,1345
06-23-2020,14:45,61554,33,3159
06-23-2020,14:45,61568,6,221
06-23-2020,14:45,61571,24,1718
06-23-2020,14:45,61602,6,160
06-23-2020,14:45,61603,85,1696
06-23-2020,14:45,61604,74,2885
06-23-2020,14:45,61605,62,1413
06-23-2020,14:45,61606,7,394
06-23-2020,14:45,61607,7,709
06-23-2020,14:45,61610,7,353
06-23-2020,14:45,61611,23,1818
06-23-2020,14:45,61614,126,2780
06-23-2020,14:45,61615,34,2024
06-23-2020,14:45,61616,8,745
06-23-2020,14:45,61701,61,3282
06-23-2020,14:45,61704,82,2425
06-23-2020,14:45,61705,16,985
06-23-2020,14:45,61729,6,74
06-23-2020,14:45,61739,6,389
06-23-2020,14:45,61761,66,3074
06-23-2020,14:45,61764,18,834
06-23-2020,14:45,61801,48,2637
06-23-2020,14:45,61802,125,2981
06-23-2020,14:45,61820,128,2801
06-23-2020,14:45,61821,142,4247
06-23-2020,14:45,61822,59,2924
06-23-2020,14:45,61832,31,1929
06-23-2020,14:45,61853,28,1542
06-23-2020,14:45,61856,8,619
06-23-2020,14:45,61866,183,2226
06-23-2020,14:45,61873,7,530
06-23-2020,14:45,61874,35,1395
06-23-2020,14:45,61880,9,421
06-23-2020,14:45,61884,6,106
06-23-2020,14:45,61910,11,350
06-23-2020,14:45,61911,7,155
06-23-2020,14:45,61920,97,1924
06-23-2020,14:45,61938,43,2109
06-23-2020,14:45,61944,7,522
06-23-2020,14:45,61951,8,381
06-23-2020,14:45,61953,15,482
06-23-2020,14:45,62002,132,1406
06-23-2020,14:45,62010,41,308
06-23-2020,14:45,62012,12,267
06-23-2020,14:45,62018,11,125
06-23-2020,14:45,62024,13,331
06-23-2020,14:45,62025,120,1215
06-23-2020,14:45,62034,77,872
06-23-2020,14:45,62035,30,549
06-23-2020,14:45,62040,128,1962
06-23-2020,14:45,62049,6,796
06-23-2020,14:45,62052,19,298
06-23-2020,14:45,62056,14,797
06-23-2020,14:45,62059,7,41
06-23-2020,14:45,62060,44,309
06-23-2020,14:45,62062,14,1163
06-23-2020,14:45,62069,9,179
06-23-2020,14:45,62088,8,630
06-23-2020,14:45,62090,13,105
06-23-2020,14:45,62095,27,390
06-23-2020,14:45,62201,75,446
06-23-2020,14:45,62203,60,508
06-23-2020,14:45,62204,62,477
06-23-2020,14:45,62205,68,607
06-23-2020,14:45,62206,154,993
06-23-2020,14:45,62207,104,556
06-23-2020,14:45,62208,96,907
06-23-2020,14:45,62220,157,976
06-23-2020,14:45,62221,156,1159
06-23-2020,14:45,62223,65,811
06-23-2020,14:45,62226,196,1565
06-23-2020,14:45,62230,26,429
06-23-2020,14:45,62231,85,618
06-23-2020,14:45,62232,34,778
06-23-2020,14:45,62233,101,724
06-23-2020,14:45,62234,139,1590
06-23-2020,14:45,62236,48,273
06-23-2020,14:45,62237,6,286
06-23-2020,14:45,62238,6,49
06-23-2020,14:45,62239,17,138
06-23-2020,14:45,62241,6,61
06-23-2020,14:45,62242,6,53
06-23-2020,14:45,62243,9,155
06-23-2020,14:45,62246,7,363
06-23-2020,14:45,62249,19,619
06-23-2020,14:45,62254,83,487
06-23-2020,14:45,62255,6,47
06-23-2020,14:45,62257,13,139
06-23-2020,14:45,62258,17,477
06-23-2020,14:45,62260,12,166
06-23-2020,14:45,62264,56,143
06-23-2020,14:45,62265,41,742
06-23-2020,14:45,62269,95,1173
06-23-2020,14:45,62272,50,189
06-23-2020,14:45,62274,10,277
06-23-2020,14:45,62278,15,258
06-23-2020,14:45,62285,19,118
06-23-2020,14:45,62286,51,482
06-23-2020,14:45,62288,33,285
06-23-2020,14:45,62293,9,262
06-23-2020,14:45,62294,25,518
06-23-2020,14:45,62295,11,50
06-23-2020,14:45,62298,58,860
06-23-2020,14:45,62301,26,3396
06-23-2020,14:45,62305,28,512
06-23-2020,14:45,62353,7,383
06-23-2020,14:45,62427,6,68
06-23-2020,14:45,62428,7,182
06-23-2020,14:45,62441,10,336
06-23-2020,14:45,62448,37,535
06-23-2020,14:45,62454,10,371
06-23-2020,14:45,62471,17,605
06-23-2020,14:45,62474,6,63
06-23-2020,14:45,62521,114,2300
06-23-2020,14:45,62522,38,644
06-23-2020,14:45,62526,53,1768
06-23-2020,14:45,62560,7,124
06-23-2020,14:45,62561,6,503
06-23-2020,14:45,62563,7,524
06-23-2020,14:45,62565,14,920
06-23-2020,14:45,62568,32,945
06-23-2020,14:45,62615,6,502
06-23-2020,14:45,62618,72,923
06-23-2020,14:45,62629,15,1345
06-23-2020,14:45,62650,97,2410
06-23-2020,14:45,62656,12,1964
06-23-2020,14:45,62664,11,322
06-23-2020,14:45,62675,12,669
06-23-2020,14:45,62681,12,404
06-23-2020,14:45,62684,71,863
06-23-2020,14:45,62691,20,221
06-23-2020,14:45,62692,8,203
06-23-2020,14:45,62702,82,5048
06-23-2020,14:45,62703,70,3564
06-23-2020,14:45,62704,55,4195
06-23-2020,14:45,62707,19,1162
06-23-2020,14:45,62711,30,1936
06-23-2020,14:45,62712,6,983
06-23-2020,14:45,62801,67,1853
06-23-2020,14:45,62832,16,543
06-23-2020,14:45,62837,7,514
06-23-2020,14:45,62863,21,447
06-23-2020,14:45,62864,85,1553
06-23-2020,14:45,62882,14,185
06-23-2020,14:45,62901,168,2346
06-23-2020,14:45,62902,19,330
06-23-2020,14:45,62906,87,952
06-23-2020,14:45,62907,20,133
06-23-2020,14:45,62912,8,74
06-23-2020,14:45,62914,8,260
06-23-2020,14:45,62918,15,732
06-23-2020,14:45,62920,69,419
06-23-2020,14:45,62939,10,182
06-23-2020,14:45,62946,6,538
06-23-2020,14:45,62948,19,879
06-23-2020,14:45,62951,6,289
06-23-2020,14:45,62952,10,220
06-23-2020,14:45,62959,44,2033
06-23-2020,14:45,62966,102,1344
06-23-2020,14:45,62992,52,197
06-22-2020,14:45,60002,113,1336
06-22-2020,14:45,60004,355,6603
06-22-2020,14:45,60005,194,3056
06-22-2020,14:45,60007,363,2816
06-22-2020,14:45,60008,344,3554
06-22-2020,14:45,60010,144,2464
06-22-2020,14:45,60012,86,641
06-22-2020,14:45,60013,98,1214
06-22-2020,14:45,60014,297,3074
06-22-2020,14:45,60015,185,1983
06-22-2020,14:45,60016,1080,6826
06-22-2020,14:45,60018,660,3750
06-22-2020,14:45,60020,40,822
06-22-2020,14:45,60021,22,281
06-22-2020,14:45,60022,29,561
06-22-2020,14:45,60025,368,3877
06-22-2020,14:45,60026,152,1679
06-22-2020,14:45,60029,8,78
06-22-2020,14:45,60030,185,2630
06-22-2020,14:45,60031,358,3403
06-22-2020,14:45,60033,211,1185
06-22-2020,14:45,60035,266,3012
06-22-2020,14:45,60040,179,743
06-22-2020,14:45,60041,50,651
06-22-2020,14:45,60042,37,469
06-22-2020,14:45,60043,19,218
06-22-2020,14:45,60044,104,1078
06-22-2020,14:45,60045,122,1659
06-22-2020,14:45,60046,209,2258
06-22-2020,14:45,60047,404,3252
06-22-2020,14:45,60048,152,1871
06-22-2020,14:45,60050,227,2281
06-22-2020,14:45,60051,126,1543
06-22-2020,14:45,60053,306,2342
06-22-2020,14:45,60056,645,4781
06-22-2020,14:45,60060,446,2762
06-22-2020,14:45,60061,178,2113
06-22-2020,14:45,60062,330,4026
06-22-2020,14:45,60064,656,2018
06-22-2020,14:45,60067,233,3879
06-22-2020,14:45,60068,309,3137
06-22-2020,14:45,60069,91,1275
06-22-2020,14:45,60070,262,1664
06-22-2020,14:45,60071,14,215
06-22-2020,14:45,60073,1070,6195
06-22-2020,14:45,60074,465,3315
06-22-2020,14:45,60076,512,4101
06-22-2020,14:45,60077,417,3089
06-22-2020,14:45,60079,12,60
06-22-2020,14:45,60081,41,516
06-22-2020,14:45,60083,101,925
06-22-2020,14:45,60084,186,1096
06-22-2020,14:45,60085,2406,9789
06-22-2020,14:45,60087,670,3742
06-22-2020,14:45,60088,73,494
06-22-2020,14:45,60089,306,3019
06-22-2020,14:45,60090,811,4284
06-22-2020,14:45,60091,157,2014
06-22-2020,14:45,60093,178,1787
06-22-2020,14:45,60096,40,443
06-22-2020,14:45,60097,40,651
06-22-2020,14:45,60098,323,2725
06-22-2020,14:45,60099,584,3300
06-22-2020,14:45,60101,812,4195
06-22-2020,14:45,60102,170,1963
06-22-2020,14:45,60103,296,3143
06-22-2020,14:45,60104,429,2549
06-22-2020,14:45,60106,520,2817
06-22-2020,14:45,60107,660,4163
06-22-2020,14:45,60108,326,3076
06-22-2020,14:45,60109,11,317
06-22-2020,14:45,60110,731,3259
06-22-2020,14:45,60112,28,326
06-22-2020,14:45,60115,294,3516
06-22-2020,14:45,60118,85,1040
06-22-2020,14:45,60119,38,649
06-22-2020,14:45,60120,1357,5761
06-22-2020,14:45,60123,904,5406
06-22-2020,14:45,60124,134,1570
06-22-2020,14:45,60126,277,3928
06-22-2020,14:45,60130,154,2433
06-22-2020,14:45,60131,357,2117
06-22-2020,14:45,60133,759,4299
06-22-2020,14:45,60134,164,1866
06-22-2020,14:45,60135,39,521
06-22-2020,14:45,60136,56,499
06-22-2020,14:45,60137,154,2633
06-22-2020,14:45,60139,654,3714
06-22-2020,14:45,60140,98,1184
06-22-2020,14:45,60141,22,693
06-22-2020,14:45,60142,103,1810
06-22-2020,14:45,60143,188,1196
06-22-2020,14:45,60145,7,121
06-22-2020,14:45,60146,8,171
06-22-2020,14:45,60148,385,4198
06-22-2020,14:45,60151,18,267
06-22-2020,14:45,60152,83,761
06-22-2020,14:45,60153,522,2987
06-22-2020,14:45,60154,207,2120
06-22-2020,14:45,60155,175,944
06-22-2020,14:45,60156,164,1635
06-22-2020,14:45,60157,12,175
06-22-2020,14:45,60160,766,3605
06-22-2020,14:45,60162,167,1254
06-22-2020,14:45,60163,97,611
06-22-2020,14:45,60164,528,3928
06-22-2020,14:45,60165,185,663
06-22-2020,14:45,60169,386,2982
06-22-2020,14:45,60171,128,1062
06-22-2020,14:45,60172,239,2031
06-22-2020,14:45,60173,107,822
06-22-2020,14:45,60174,179,2599
06-22-2020,14:45,60175,97,1492
06-22-2020,14:45,60176,159,1012
06-22-2020,14:45,60177,285,1841
06-22-2020,14:45,60178,65,1414
06-22-2020,14:45,60181,266,2375
06-22-2020,14:45,60184,9,141
06-22-2020,14:45,60185,757,3899
06-22-2020,14:45,60187,137,2457
06-22-2020,14:45,60188,494,3757
06-22-2020,14:45,60189,116,2011
06-22-2020,14:45,60190,55,916
06-22-2020,14:45,60191,221,1379
06-22-2020,14:45,60192,62,915
06-22-2020,14:45,60193,270,3374
06-22-2020,14:45,60194,172,2125
06-22-2020,14:45,60195,20,265
06-22-2020,14:45,60201,331,4496
06-22-2020,14:45,60202,445,3596
06-22-2020,14:45,60203,35,461
06-22-2020,14:45,60301,28,311
06-22-2020,14:45,60302,222,3377
06-22-2020,14:45,60304,80,1423
06-22-2020,14:45,60305,57,858
06-22-2020,14:45,60401,42,895
06-22-2020,14:45,60402,1449,8281
06-22-2020,14:45,60403,215,2082
06-22-2020,14:45,60404,121,1777
06-22-2020,14:45,60406,519,3524
06-22-2020,14:45,60408,20,473
06-22-2020,14:45,60409,612,4946
06-22-2020,14:45,60410,53,906
06-22-2020,14:45,60411,941,7436
06-22-2020,14:45,60415,199,1597
06-22-2020,14:45,60416,13,447
06-22-2020,14:45,60417,167,1721
06-22-2020,14:45,60418,118,677
06-22-2020,14:45,60419,404,3339
06-22-2020,14:45,60420,8,296
06-22-2020,14:45,60421,13,250
06-22-2020,14:45,60422,84,1123
06-22-2020,14:45,60423,151,2252
06-22-2020,14:45,60425,173,1631
06-22-2020,14:45,60426,489,3861
06-22-2020,14:45,60428,220,1757
06-22-2020,14:45,60429,235,2577
06-22-2020,14:45,60430,285,2441
06-22-2020,14:45,60431,229,2857
06-22-2020,14:45,60432,467,2492
06-22-2020,14:45,60433,318,2310
06-22-2020,14:45,60434,166,286
06-22-2020,14:45,60435,707,6412
06-22-2020,14:45,60436,259,2269
06-22-2020,14:45,60438,408,3149
06-22-2020,14:45,60439,104,1594
06-22-2020,14:45,60440,899,7251
06-22-2020,14:45,60441,221,2316
06-22-2020,14:45,60442,46,622
06-22-2020,14:45,60443,370,2857
06-22-2020,14:45,60445,164,1830
06-22-2020,14:45,60446,551,4568
06-22-2020,14:45,60447,58,953
06-22-2020,14:45,60448,143,1453
06-22-2020,14:45,60449,73,879
06-22-2020,14:45,60450,57,1179
06-22-2020,14:45,60451,128,2017
06-22-2020,14:45,60452,249,2395
06-22-2020,14:45,60453,801,5913
06-22-2020,14:45,60455,318,1843
06-22-2020,14:45,60456,55,417
06-22-2020,14:45,60457,130,1109
06-22-2020,14:45,60458,147,1294
06-22-2020,14:45,60459,433,2969
06-22-2020,14:45,60461,59,688
06-22-2020,14:45,60462,343,3194
06-22-2020,14:45,60463,248,1389
06-22-2020,14:45,60464,51,730
06-22-2020,14:45,60465,260,1441
06-22-2020,14:45,60466,499,3526
06-22-2020,14:45,60467,179,1767
06-22-2020,14:45,60468,35,418
06-22-2020,14:45,60469,88,693
06-22-2020,14:45,60471,222,1695
06-22-2020,14:45,60472,71,703
06-22-2020,14:45,60473,433,3796
06-22-2020,14:45,60475,84,908
06-22-2020,14:45,60476,22,250
06-22-2020,14:45,60477,256,2967
06-22-2020,14:45,60478,338,2879
06-22-2020,14:45,60480,38,505
06-22-2020,14:45,60481,29,947
06-22-2020,14:45,60482,107,834
06-22-2020,14:45,60484,119,829
06-22-2020,14:45,60487,153,1745
06-22-2020,14:45,60490,144,1985
06-22-2020,14:45,60491,153,1330
06-22-2020,14:45,60501,304,1450
06-22-2020,14:45,60502,103,1504
06-22-2020,14:45,60503,65,1047
06-22-2020,14:45,60504,358,3174
06-22-2020,14:45,60505,2019,9415
06-22-2020,14:45,60506,1140,7465
06-22-2020,14:45,60510,112,2259
06-22-2020,14:45,60513,167,2284
06-22-2020,14:45,60514,49,811
06-22-2020,14:45,60515,102,1790
06-22-2020,14:45,60516,128,2025
06-22-2020,14:45,60517,235,2788
06-22-2020,14:45,60520,10,179
06-22-2020,14:45,60521,184,1650
06-22-2020,14:45,60523,111,1043
06-22-2020,14:45,60525,304,3884
06-22-2020,14:45,60526,84,2283
06-22-2020,14:45,60527,244,3127
06-22-2020,14:45,60532,135,2324
06-22-2020,14:45,60534,182,1274
06-22-2020,14:45,60538,318,2559
06-22-2020,14:45,60540,148,2990
06-22-2020,14:45,60541,9,152
06-22-2020,14:45,60542,187,1824
06-22-2020,14:45,60543,286,2964
06-22-2020,14:45,60544,181,2747
06-22-2020,14:45,60545,153,1327
06-22-2020,14:45,60546,169,2724
06-22-2020,14:45,60548,83,1084
06-22-2020,14:45,60551,24,202
06-22-2020,14:45,60552,10,260
06-22-2020,14:45,60554,43,849
06-22-2020,14:45,60555,138,1193
06-22-2020,14:45,60558,51,1005
06-22-2020,14:45,60559,331,2424
06-22-2020,14:45,60560,111,1677
06-22-2020,14:45,60561,131,1968
06-22-2020,14:45,60563,187,3061
06-22-2020,14:45,60564,174,2739
06-22-2020,14:45,60565,202,2582
06-22-2020,14:45,60585,108,1666
06-22-2020,14:45,60586,379,4133
06-22-2020,14:45,60601,77,1116
06-22-2020,14:45,60602,16,233
06-22-2020,14:45,60603,8,123
06-22-2020,14:45,60604,22,171
06-22-2020,14:45,60605,207,2669
06-22-2020,14:45,60606,36,934
06-22-2020,14:45,60607,454,2942
06-22-2020,14:45,60608,1786,9042
06-22-2020,14:45,60609,1817,8219
06-22-2020,14:45,60610,271,3846
06-22-2020,14:45,60611,161,4008
06-22-2020,14:45,60612,716,5375
06-22-2020,14:45,60613,403,4297
06-22-2020,14:45,60614,526,6291
06-22-2020,14:45,60615,400,4770
06-22-2020,14:45,60616,463,5725
06-22-2020,14:45,60617,1180,10199
06-22-2020,14:45,60618,1363,9784
06-22-2020,14:45,60619,941,10017
06-22-2020,14:45,60620,1155,9459
06-22-2020,14:45,60621,565,4004
06-22-2020,14:45,60622,660,5655
06-22-2020,14:45,60623,3404,11592
06-22-2020,14:45,60624,882,4942
06-22-2020,14:45,60625,1483,8686
06-22-2020,14:45,60626,1087,7470
06-22-2020,14:45,60628,1121,8315
06-22-2020,14:45,60629,3362,13858
06-22-2020,14:45,60630,842,5884
06-22-2020,14:45,60631,321,4233
06-22-2020,14:45,60632,3168,11271
06-22-2020,14:45,60633,277,2165
06-22-2020,14:45,60634,1501,10869
06-22-2020,14:45,60636,751,4140
06-22-2020,14:45,60637,650,6614
06-22-2020,14:45,60638,1135,7020
06-22-2020,14:45,60639,3388,13942
06-22-2020,14:45,60640,842,7802
06-22-2020,14:45,60641,1546,9149
06-22-2020,14:45,60642,178,2040
06-22-2020,14:45,60643,745,6810
06-22-2020,14:45,60644,1284,7193
06-22-2020,14:45,60645,1102,6144
06-22-2020,14:45,60646,386,3489
06-22-2020,14:45,60647,1407,9335
06-22-2020,14:45,60649,834,6676
06-22-2020,14:45,60651,1789,8460
06-22-2020,14:45,60652,972,5326
06-22-2020,14:45,60653,549,5387
06-22-2020,14:45,60654,152,1651
06-22-2020,14:45,60655,274,3785
06-22-2020,14:45,60656,290,3124
06-22-2020,14:45,60657,369,5820
06-22-2020,14:45,60659,787,4138
06-22-2020,14:45,60660,460,4009
06-22-2020,14:45,60661,44,738
06-22-2020,14:45,60680,6,106
06-22-2020,14:45,60706,365,3630
06-22-2020,14:45,60707,792,5635
06-22-2020,14:45,60712,174,1622
06-22-2020,14:45,60714,855,4500
06-22-2020,14:45,60803,264,2110
06-22-2020,14:45,60804,2990,11950
06-22-2020,14:45,60805,233,1931
06-22-2020,14:45,60827,379,2967
06-22-2020,14:45,60901,643,4890
06-22-2020,14:45,60911,10,123
06-22-2020,14:45,60912,6,49
06-22-2020,14:45,60913,7,98
06-22-2020,14:45,60914,188,2939
06-22-2020,14:45,60915,74,1357
06-22-2020,14:45,60919,6,42
06-22-2020,14:45,60922,13,227
06-22-2020,14:45,60927,52,411
06-22-2020,14:45,60928,7,52
06-22-2020,14:45,60930,6,54
06-22-2020,14:45,60938,6,135
06-22-2020,14:45,60940,8,234
06-22-2020,14:45,60941,6,136
06-22-2020,14:45,60950,106,1700
06-22-2020,14:45,60954,38,883
06-22-2020,14:45,60955,13,122
06-22-2020,14:45,60957,8,399
06-22-2020,14:45,60958,23,212
06-22-2020,14:45,60964,37,460
06-22-2020,14:45,60970,14,533
06-22-2020,14:45,61008,454,3306
06-22-2020,14:45,61010,20,357
06-22-2020,14:45,61011,10,151
06-22-2020,14:45,61012,22,164
06-22-2020,14:45,61016,44,433
06-22-2020,14:45,61019,7,157
06-22-2020,14:45,61020,16,214
06-22-2020,14:45,61021,89,1423
06-22-2020,14:45,61032,215,3168
06-22-2020,14:45,61036,13,337
06-22-2020,14:45,61041,6,24
06-22-2020,14:45,61054,7,225
06-22-2020,14:45,61061,10,303
06-22-2020,14:45,61063,9,244
06-22-2020,14:45,61064,10,161
06-22-2020,14:45,61065,65,773
06-22-2020,14:45,61068,147,1423
06-22-2020,14:45,61071,41,477
06-22-2020,14:45,61072,38,631
06-22-2020,14:45,61073,73,1212
06-22-2020,14:45,61080,52,584
06-22-2020,14:45,61081,85,946
06-22-2020,14:45,61084,9,126
06-22-2020,14:45,61085,8,141
06-22-2020,14:45,61088,11,368
06-22-2020,14:45,61101,338,2765
06-22-2020,14:45,61102,283,2271
06-22-2020,14:45,61103,312,3198
06-22-2020,14:45,61104,325,2024
06-22-2020,14:45,61107,268,3139
06-22-2020,14:45,61108,417,3389
06-22-2020,14:45,61109,295,2776
06-22-2020,14:45,61111,110,2010
06-22-2020,14:45,61114,119,1656
06-22-2020,14:45,61115,137,1799
06-22-2020,14:45,61201,221,2795
06-22-2020,14:45,61235,8,112
06-22-2020,14:45,61239,8,80
06-22-2020,14:45,61240,13,363
06-22-2020,14:45,61241,17,446
06-22-2020,14:45,61244,206,2240
06-22-2020,14:45,61252,25,239
06-22-2020,14:45,61254,10,661
06-22-2020,14:45,61256,6,116
06-22-2020,14:45,61264,26,653
06-22-2020,14:45,61265,238,3341
06-22-2020,14:45,61270,8,228
06-22-2020,14:45,61273,6,178
06-22-2020,14:45,61275,10,210
06-22-2020,14:45,61282,48,717
06-22-2020,14:45,61301,6,773
06-22-2020,14:45,61314,6,36
06-22-2020,14:45,61341,44,672
06-22-2020,14:45,61342,21,384
06-22-2020,14:45,61350,28,1145
06-22-2020,14:45,61354,6,562
06-22-2020,14:45,61356,6,581
06-22-2020,14:45,61360,6,108
06-22-2020,14:45,61364,7,990
06-22-2020,14:45,61401,103,1957
06-22-2020,14:45,61410,6,126
06-22-2020,14:45,61443,19,579
06-22-2020,14:45,61455,86,1211
06-22-2020,14:45,61462,115,754
06-22-2020,14:45,61469,7,126
06-22-2020,14:45,61525,10,587
06-22-2020,14:45,61547,8,239
06-22-2020,14:45,61548,13,632
06-22-2020,14:45,61550,11,1326
06-22-2020,14:45,61554,32,3095
06-22-2020,14:45,61568,6,219
06-22-2020,14:45,61571,25,1701
06-22-2020,14:45,61602,6,159
06-22-2020,14:45,61603,80,1677
06-22-2020,14:45,61604,72,2849
06-22-2020,14:45,61605,62,1397
06-22-2020,14:45,61606,7,391
06-22-2020,14:45,61607,7,699
06-22-2020,14:45,61610,7,347
06-22-2020,14:45,61611,23,1801
06-22-2020,14:45,61614,126,2753
06-22-2020,14:45,61615,34,2000
06-22-2020,14:45,61616,7,736
06-22-2020,14:45,61701,61,3245
06-22-2020,14:45,61704,82,2394
06-22-2020,14:45,61705,17,976
06-22-2020,14:45,61729,6,73
06-22-2020,14:45,61739,6,385
06-22-2020,14:45,61761,66,3008
06-22-2020,14:45,61764,18,818
06-22-2020,14:45,61801,48,2593
06-22-2020,14:45,61802,124,2928
06-22-2020,14:45,61820,127,2760
06-22-2020,14:45,61821,141,4177
06-22-2020,14:45,61822,59,2861
06-22-2020,14:45,61832,31,1880
06-22-2020,14:45,61853,25,1463
06-22-2020,14:45,61856,8,610
06-22-2020,14:45,61866,183,2210
06-22-2020,14:45,61873,7,526
06-22-2020,14:45,61874,35,1374
06-22-2020,14:45,61880,9,414
06-22-2020,14:45,61884,6,105
06-22-2020,14:45,61910,11,343
06-22-2020,14:45,61911,7,152
06-22-2020,14:45,61920,97,1897
06-22-2020,14:45,61938,43,2072
06-22-2020,14:45,61944,7,515
06-22-2020,14:45,61951,8,375
06-22-2020,14:45,61953,15,478
06-22-2020,14:45,62002,132,1357
06-22-2020,14:45,62010,39,302
06-22-2020,14:45,62012,12,258
06-22-2020,14:45,62018,11,124
06-22-2020,14:45,62024,12,314
06-22-2020,14:45,62025,120,1169
06-22-2020,14:45,62034,75,855
06-22-2020,14:45,62035,30,532
06-22-2020,14:45,62040,125,1810
06-22-2020,14:45,62049,6,789
06-22-2020,14:45,62052,19,281
06-22-2020,14:45,62056,14,778
06-22-2020,14:45,62059,7,40
06-22-2020,14:45,62060,44,295
06-22-2020,14:45,62062,13,1153
06-22-2020,14:45,62069,9,159
06-22-2020,14:45,62088,8,586
06-22-2020,14:45,62090,13,105
06-22-2020,14:45,62095,27,375
06-22-2020,14:45,62201,75,435
06-22-2020,14:45,62203,59,491
06-22-2020,14:45,62204,61,472
06-22-2020,14:45,62205,68,594
06-22-2020,14:45,62206,155,979
06-22-2020,14:45,62207,103,549
06-22-2020,14:45,62208,94,887
06-22-2020,14:45,62220,156,949
06-22-2020,14:45,62221,152,1122
06-22-2020,14:45,62223,66,792
06-22-2020,14:45,62226,193,1529
06-22-2020,14:45,62230,26,426
06-22-2020,14:45,62231,85,613
06-22-2020,14:45,62232,34,764
06-22-2020,14:45,62233,101,717
06-22-2020,14:45,62234,135,1535
06-22-2020,14:45,62236,48,260
06-22-2020,14:45,62237,6,285
06-22-2020,14:45,62238,6,49
06-22-2020,14:45,62239,17,131
06-22-2020,14:45,62241,6,61
06-22-2020,14:45,62242,6,52
06-22-2020,14:45,62243,9,152
06-22-2020,14:45,62246,7,356
06-22-2020,14:45,62249,19,599
06-22-2020,14:45,62254,82,482
06-22-2020,14:45,62255,6,47
06-22-2020,14:45,62257,13,139
06-22-2020,14:45,62258,17,464
06-22-2020,14:45,62260,12,161
06-22-2020,14:45,62264,56,142
06-22-2020,14:45,62265,40,737
06-22-2020,14:45,62269,95,1143
06-22-2020,14:45,62272,50,189
06-22-2020,14:45,62274,10,272
06-22-2020,14:45,62278,15,254
06-22-2020,14:45,62285,19,115
06-22-2020,14:45,62286,51,477
06-22-2020,14:45,62288,33,278
06-22-2020,14:45,62293,9,260
06-22-2020,14:45,62294,25,486
06-22-2020,14:45,62295,11,50
06-22-2020,14:45,62298,58,845
06-22-2020,14:45,62301,24,3383
06-22-2020,14:45,62305,25,494
06-22-2020,14:45,62353,7,374
06-22-2020,14:45,62427,6,66
06-22-2020,14:45,62428,7,179
06-22-2020,14:45,62441,10,330
06-22-2020,14:45,62448,37,534
06-22-2020,14:45,62454,10,370
06-22-2020,14:45,62471,17,595
06-22-2020,14:45,62474,6,62
06-22-2020,14:45,62521,112,2261
06-22-2020,14:45,62522,38,627
06-22-2020,14:45,62526,54,1735
06-22-2020,14:45,62560,7,122
06-22-2020,14:45,62561,6,495
06-22-2020,14:45,62563,6,516
06-22-2020,14:45,62565,14,916
06-22-2020,14:45,62568,32,932
06-22-2020,14:45,62618,72,798
06-22-2020,14:45,62629,15,1322
06-22-2020,14:45,62650,95,2216
06-22-2020,14:45,62656,12,1929
06-22-2020,14:45,62664,11,321
06-22-2020,14:45,62675,12,662
06-22-2020,14:45,62681,12,389
06-22-2020,14:45,62684,71,858
06-22-2020,14:45,62691,20,213
06-22-2020,14:45,62692,8,201
06-22-2020,14:45,62702,80,5005
06-22-2020,14:45,62703,70,3522
06-22-2020,14:45,62704,55,4148
06-22-2020,14:45,62707,19,1151
06-22-2020,14:45,62711,30,1907
06-22-2020,14:45,62712,6,966
06-22-2020,14:45,62801,67,1838
06-22-2020,14:45,62832,16,533
06-22-2020,14:45,62837,7,509
06-22-2020,14:45,62863,21,428
06-22-2020,14:45,62864,85,1530
06-22-2020,14:45,62882,14,181
06-22-2020,14:45,62901,168,2326
06-22-2020,14:45,62902,19,324
06-22-2020,14:45,62906,87,940
06-22-2020,14:45,62907,20,131
06-22-2020,14:45,62912,8,72
06-22-2020,14:45,62914,8,259
06-22-2020,14:45,62918,15,720
06-22-2020,14:45,62920,69,415
06-22-2020,14:45,62939,10,180
06-22-2020,14:45,62946,6,530
06-22-2020,14:45,62948,19,871
06-22-2020,14:45,62951,6,280
06-22-2020,14:45,62952,10,216
06-22-2020,14:45,62959,42,2001
06-22-2020,14:45,62966,101,1330
06-22-2020,14:45,62992,52,196
06-21-2020,14:45,60002,113,1306
06-21-2020,14:45,60004,353,6504
06-21-2020,14:45,60005,193,3015
06-21-2020,14:45,60007,362,2753
06-21-2020,14:45,60008,344,3515
06-21-2020,14:45,60010,142,2426
06-21-2020,14:45,60012,86,630
06-21-2020,14:45,60013,98,1198
06-21-2020,14:45,60014,296,3040
06-21-2020,14:45,60015,185,1949
06-21-2020,14:45,60016,1076,6739
06-21-2020,14:45,60018,657,3693
06-21-2020,14:45,60020,40,812
06-21-2020,14:45,60021,22,271
06-21-2020,14:45,60022,29,547
06-21-2020,14:45,60025,368,3830
06-21-2020,14:45,60026,149,1612
06-21-2020,14:45,60029,8,77
06-21-2020,14:45,60030,185,2571
06-21-2020,14:45,60031,356,3341
06-21-2020,14:45,60033,208,1175
06-21-2020,14:45,60035,266,2952
06-21-2020,14:45,60040,178,695
06-21-2020,14:45,60041,50,634
06-21-2020,14:45,60042,37,459
06-21-2020,14:45,60043,19,214
06-21-2020,14:45,60044,104,1067
06-21-2020,14:45,60045,122,1636
06-21-2020,14:45,60046,208,2208
06-21-2020,14:45,60047,403,3168
06-21-2020,14:45,60048,149,1827
06-21-2020,14:45,60050,224,2252
06-21-2020,14:45,60051,126,1518
06-21-2020,14:45,60053,305,2315
06-21-2020,14:45,60056,644,4706
06-21-2020,14:45,60060,445,2719
06-21-2020,14:45,60061,179,2087
06-21-2020,14:45,60062,331,3945
06-21-2020,14:45,60064,656,2006
06-21-2020,14:45,60067,231,3796
06-21-2020,14:45,60068,309,3085
06-21-2020,14:45,60069,91,1242
06-21-2020,14:45,60070,262,1629
06-21-2020,14:45,60071,14,212
06-21-2020,14:45,60073,1063,5948
06-21-2020,14:45,60074,463,3263
06-21-2020,14:45,60076,512,3987
06-21-2020,14:45,60077,417,3052
06-21-2020,14:45,60079,12,60
06-21-2020,14:45,60081,41,505
06-21-2020,14:45,60083,100,911
06-21-2020,14:45,60084,186,1081
06-21-2020,14:45,60085,2404,9681
06-21-2020,14:45,60087,668,3702
06-21-2020,14:45,60088,73,490
06-21-2020,14:45,60089,305,2971
06-21-2020,14:45,60090,809,4249
06-21-2020,14:45,60091,156,1980
06-21-2020,14:45,60093,177,1752
06-21-2020,14:45,60096,40,436
06-21-2020,14:45,60097,40,640
06-21-2020,14:45,60098,319,2565
06-21-2020,14:45,60099,579,3265
06-21-2020,14:45,60101,812,4148
06-21-2020,14:45,60102,169,1951
06-21-2020,14:45,60103,292,3100
06-21-2020,14:45,60104,426,2525
06-21-2020,14:45,60106,520,2799
06-21-2020,14:45,60107,652,4102
06-21-2020,14:45,60108,325,3046
06-21-2020,14:45,60109,11,317
06-21-2020,14:45,60110,725,3227
06-21-2020,14:45,60112,28,325
06-21-2020,14:45,60115,293,3486
06-21-2020,14:45,60118,85,1020
06-21-2020,14:45,60119,38,642
06-21-2020,14:45,60120,1354,5719
06-21-2020,14:45,60123,901,5367
06-21-2020,14:45,60124,133,1550
06-21-2020,14:45,60126,274,3877
06-21-2020,14:45,60130,154,2406
06-21-2020,14:45,60131,356,2095
06-21-2020,14:45,60133,755,4256
06-21-2020,14:45,60134,164,1840
06-21-2020,14:45,60135,38,515
06-21-2020,14:45,60136,55,496
06-21-2020,14:45,60137,153,2586
06-21-2020,14:45,60139,652,3676
06-21-2020,14:45,60140,98,1164
06-21-2020,14:45,60141,22,693
06-21-2020,14:45,60142,105,1783
06-21-2020,14:45,60143,188,1180
06-21-2020,14:45,60145,7,119
06-21-2020,14:45,60146,8,171
06-21-2020,14:45,60148,385,4143
06-21-2020,14:45,60151,18,266
06-21-2020,14:45,60152,83,751
06-21-2020,14:45,60153,515,2963
06-21-2020,14:45,60154,208,2085
06-21-2020,14:45,60155,174,937
06-21-2020,14:45,60156,164,1619
06-21-2020,14:45,60157,12,172
06-21-2020,14:45,60160,762,3547
06-21-2020,14:45,60162,165,1247
06-21-2020,14:45,60163,97,601
06-21-2020,14:45,60164,528,3894
06-21-2020,14:45,60165,185,654
06-21-2020,14:45,60169,386,2943
06-21-2020,14:45,60171,128,1045
06-21-2020,14:45,60172,239,1992
06-21-2020,14:45,60173,106,811
06-21-2020,14:45,60174,178,2577
06-21-2020,14:45,60175,97,1472
06-21-2020,14:45,60176,159,999
06-21-2020,14:45,60177,276,1756
06-21-2020,14:45,60178,65,1403
06-21-2020,14:45,60181,265,2345
06-21-2020,14:45,60184,9,139
06-21-2020,14:45,60185,754,3855
06-21-2020,14:45,60187,137,2370
06-21-2020,14:45,60188,492,3703
06-21-2020,14:45,60189,116,1979
06-21-2020,14:45,60190,54,907
06-21-2020,14:45,60191,221,1362
06-21-2020,14:45,60192,62,905
06-21-2020,14:45,60193,268,3329
06-21-2020,14:45,60194,171,2100
06-21-2020,14:45,60195,20,264
06-21-2020,14:45,60201,329,4416
06-21-2020,14:45,60202,445,3550
06-21-2020,14:45,60203,35,454
06-21-2020,14:45,60301,28,304
06-21-2020,14:45,60302,220,3338
06-21-2020,14:45,60304,80,1399
06-21-2020,14:45,60305,56,842
06-21-2020,14:45,60401,42,884
06-21-2020,14:45,60402,1446,8207
06-21-2020,14:45,60403,213,2063
06-21-2020,14:45,60404,119,1748
06-21-2020,14:45,60406,517,3489
06-21-2020,14:45,60408,19,462
06-21-2020,14:45,60409,608,4911
06-21-2020,14:45,60410,53,894
06-21-2020,14:45,60411,937,7340
06-21-2020,14:45,60415,198,1585
06-21-2020,14:45,60416,13,440
06-21-2020,14:45,60417,167,1708
06-21-2020,14:45,60418,117,671
06-21-2020,14:45,60419,402,3297
06-21-2020,14:45,60420,8,295
06-21-2020,14:45,60421,13,248
06-21-2020,14:45,60422,84,1110
06-21-2020,14:45,60423,151,2170
06-21-2020,14:45,60425,174,1607
06-21-2020,14:45,60426,485,3805
06-21-2020,14:45,60428,220,1748
06-21-2020,14:45,60429,234,2553
06-21-2020,14:45,60430,284,2413
06-21-2020,14:45,60431,228,2824
06-21-2020,14:45,60432,463,2468
06-21-2020,14:45,60433,317,2289
06-21-2020,14:45,60434,166,282
06-21-2020,14:45,60435,705,6345
06-21-2020,14:45,60436,257,2253
06-21-2020,14:45,60438,408,3120
06-21-2020,14:45,60439,104,1572
06-21-2020,14:45,60440,898,7189
06-21-2020,14:45,60441,221,2289
06-21-2020,14:45,60442,45,614
06-21-2020,14:45,60443,370,2827
06-21-2020,14:45,60445,164,1810
06-21-2020,14:45,60446,545,4508
06-21-2020,14:45,60447,58,939
06-21-2020,14:45,60448,142,1439
06-21-2020,14:45,60449,72,869
06-21-2020,14:45,60450,57,1165
06-21-2020,14:45,60451,127,1989
06-21-2020,14:45,60452,248,2371
06-21-2020,14:45,60453,797,5825
06-21-2020,14:45,60455,314,1824
06-21-2020,14:45,60456,54,414
06-21-2020,14:45,60457,130,1094
06-21-2020,14:45,60458,146,1282
06-21-2020,14:45,60459,433,2890
06-21-2020,14:45,60461,59,679
06-21-2020,14:45,60462,337,3163
06-21-2020,14:45,60463,248,1376
06-21-2020,14:45,60464,51,715
06-21-2020,14:45,60465,258,1419
06-21-2020,14:45,60466,499,3503
06-21-2020,14:45,60467,178,1742
06-21-2020,14:45,60468,35,411
06-21-2020,14:45,60469,88,688
06-21-2020,14:45,60471,221,1675
06-21-2020,14:45,60472,71,692
06-21-2020,14:45,60473,429,3761
06-21-2020,14:45,60475,84,902
06-21-2020,14:45,60476,20,248
06-21-2020,14:45,60477,256,2938
06-21-2020,14:45,60478,337,2865
06-21-2020,14:45,60480,38,496
06-21-2020,14:45,60481,29,932
06-21-2020,14:45,60482,107,825
06-21-2020,14:45,60484,118,824
06-21-2020,14:45,60487,153,1725
06-21-2020,14:45,60490,144,1950
06-21-2020,14:45,60491,152,1312
06-21-2020,14:45,60501,303,1439
06-21-2020,14:45,60502,102,1482
06-21-2020,14:45,60503,65,1035
06-21-2020,14:45,60504,357,3133
06-21-2020,14:45,60505,2012,9353
06-21-2020,14:45,60506,1135,7383
06-21-2020,14:45,60510,112,2233
06-21-2020,14:45,60513,167,2255
06-21-2020,14:45,60514,49,795
06-21-2020,14:45,60515,100,1763
06-21-2020,14:45,60516,127,1984
06-21-2020,14:45,60517,232,2747
06-21-2020,14:45,60520,10,175
06-21-2020,14:45,60521,184,1625
06-21-2020,14:45,60523,111,1021
06-21-2020,14:45,60525,303,3796
06-21-2020,14:45,60526,83,2225
06-21-2020,14:45,60527,242,3071
06-21-2020,14:45,60532,135,2295
06-21-2020,14:45,60534,180,1267
06-21-2020,14:45,60538,317,2542
06-21-2020,14:45,60540,146,2944
06-21-2020,14:45,60541,9,150
06-21-2020,14:45,60542,187,1795
06-21-2020,14:45,60543,284,2927
06-21-2020,14:45,60544,180,2661
06-21-2020,14:45,60545,152,1310
06-21-2020,14:45,60546,169,2703
06-21-2020,14:45,60548,83,1076
06-21-2020,14:45,60551,24,196
06-21-2020,14:45,60552,10,258
06-21-2020,14:45,60554,43,839
06-21-2020,14:45,60555,135,1180
06-21-2020,14:45,60558,49,986
06-21-2020,14:45,60559,329,2389
06-21-2020,14:45,60560,110,1654
06-21-2020,14:45,60561,129,1930
06-21-2020,14:45,60563,187,3006
06-21-2020,14:45,60564,173,2679
06-21-2020,14:45,60565,201,2533
06-21-2020,14:45,60585,108,1638
06-21-2020,14:45,60586,374,4068
06-21-2020,14:45,60601,77,1106
06-21-2020,14:45,60602,16,233
06-21-2020,14:45,60603,8,122
06-21-2020,14:45,60604,22,170
06-21-2020,14:45,60605,206,2638
06-21-2020,14:45,60606,36,920
06-21-2020,14:45,60607,454,2898
06-21-2020,14:45,60608,1783,8993
06-21-2020,14:45,60609,1815,8169
06-21-2020,14:45,60610,269,3784
06-21-2020,14:45,60611,161,3943
06-21-2020,14:45,60612,715,5336
06-21-2020,14:45,60613,402,4235
06-21-2020,14:45,60614,526,6214
06-21-2020,14:45,60615,400,4722
06-21-2020,14:45,60616,462,5615
06-21-2020,14:45,60617,1176,10118
06-21-2020,14:45,60618,1359,9659
06-21-2020,14:45,60619,941,9944
06-21-2020,14:45,60620,1150,9388
06-21-2020,14:45,60621,564,3979
06-21-2020,14:45,60622,657,5558
06-21-2020,14:45,60623,3401,11513
06-21-2020,14:45,60624,881,4916
06-21-2020,14:45,60625,1480,8572
06-21-2020,14:45,60626,1084,7327
06-21-2020,14:45,60628,1117,8254
06-21-2020,14:45,60629,3353,13754
06-21-2020,14:45,60630,840,5793
06-21-2020,14:45,60631,321,4176
06-21-2020,14:45,60632,3163,11189
06-21-2020,14:45,60633,277,2148
06-21-2020,14:45,60634,1496,10747
06-21-2020,14:45,60636,748,4104
06-21-2020,14:45,60637,647,6541
06-21-2020,14:45,60638,1134,6949
06-21-2020,14:45,60639,3383,13791
06-21-2020,14:45,60640,837,7702
06-21-2020,14:45,60641,1544,9036
06-21-2020,14:45,60642,177,2007
06-21-2020,14:45,60643,744,6669
06-21-2020,14:45,60644,1283,7129
06-21-2020,14:45,60645,1102,6092
06-21-2020,14:45,60646,386,3453
06-21-2020,14:45,60647,1406,9221
06-21-2020,14:45,60649,832,6609
06-21-2020,14:45,60651,1787,8397
06-21-2020,14:45,60652,972,5285
06-21-2020,14:45,60653,549,5344
06-21-2020,14:45,60654,148,1627
06-21-2020,14:45,60655,273,3696
06-21-2020,14:45,60656,288,3083
06-21-2020,14:45,60657,367,5742
06-21-2020,14:45,60659,787,4072
06-21-2020,14:45,60660,452,3941
06-21-2020,14:45,60661,44,725
06-21-2020,14:45,60680,6,105
06-21-2020,14:45,60706,357,3591
06-21-2020,14:45,60707,791,5574
06-21-2020,14:45,60712,174,1611
06-21-2020,14:45,60714,855,4418
06-21-2020,14:45,60803,263,2091
06-21-2020,14:45,60804,2982,11880
06-21-2020,14:45,60805,233,1905
06-21-2020,14:45,60827,379,2937
06-21-2020,14:45,60901,641,4830
06-21-2020,14:45,60911,10,123
06-21-2020,14:45,60912,6,49
06-21-2020,14:45,60913,7,94
06-21-2020,14:45,60914,187,2897
06-21-2020,14:45,60915,74,1255
06-21-2020,14:45,60919,6,42
06-21-2020,14:45,60922,13,218
06-21-2020,14:45,60927,52,408
06-21-2020,14:45,60928,7,51
06-21-2020,14:45,60930,6,53
06-21-2020,14:45,60938,6,131
06-21-2020,14:45,60940,8,228
06-21-2020,14:45,60941,6,132
06-21-2020,14:45,60950,106,1674
06-21-2020,14:45,60954,38,876
06-21-2020,14:45,60955,13,121
06-21-2020,14:45,60957,8,391
06-21-2020,14:45,60958,22,209
06-21-2020,14:45,60964,37,452
06-21-2020,14:45,60970,14,530
06-21-2020,14:45,61008,453,3241
06-21-2020,14:45,61010,18,350
06-21-2020,14:45,61011,10,148
06-21-2020,14:45,61012,22,163
06-21-2020,14:45,61016,44,428
06-21-2020,14:45,61019,7,153
06-21-2020,14:45,61020,16,214
06-21-2020,14:45,61021,89,1410
06-21-2020,14:45,61032,216,3069
06-21-2020,14:45,61036,13,336
06-21-2020,14:45,61041,6,24
06-21-2020,14:45,61054,7,221
06-21-2020,14:45,61061,10,297
06-21-2020,14:45,61063,9,243
06-21-2020,14:45,61064,10,155
06-21-2020,14:45,61065,65,762
06-21-2020,14:45,61068,147,1418
06-21-2020,14:45,61071,40,473
06-21-2020,14:45,61072,37,622
06-21-2020,14:45,61073,72,1200
06-21-2020,14:45,61080,52,569
06-21-2020,14:45,61081,85,939
06-21-2020,14:45,61084,9,126
06-21-2020,14:45,61085,8,137
06-21-2020,14:45,61088,11,361
06-21-2020,14:45,61101,334,2733
06-21-2020,14:45,61102,279,2260
06-21-2020,14:45,61103,310,3166
06-21-2020,14:45,61104,320,2014
06-21-2020,14:45,61107,267,3117
06-21-2020,14:45,61108,416,3368
06-21-2020,14:45,61109,295,2752
06-21-2020,14:45,61111,108,1989
06-21-2020,14:45,61114,118,1631
06-21-2020,14:45,61115,137,1779
06-21-2020,14:45,61201,221,2741
06-21-2020,14:45,61235,8,111
06-21-2020,14:45,61239,8,78
06-21-2020,14:45,61240,13,357
06-21-2020,14:45,61241,17,438
06-21-2020,14:45,61244,204,2210
06-21-2020,14:45,61252,25,239
06-21-2020,14:45,61254,9,652
06-21-2020,14:45,61256,6,111
06-21-2020,14:45,61264,26,641
06-21-2020,14:45,61265,237,3286
06-21-2020,14:45,61270,8,227
06-21-2020,14:45,61273,6,174
06-21-2020,14:45,61275,10,210
06-21-2020,14:45,61282,48,699
06-21-2020,14:45,61301,6,770
06-21-2020,14:45,61314,6,36
06-21-2020,14:45,61341,44,667
06-21-2020,14:45,61342,21,384
06-21-2020,14:45,61350,28,1132
06-21-2020,14:45,61354,6,561
06-21-2020,14:45,61356,6,576
06-21-2020,14:45,61360,6,107
06-21-2020,14:45,61364,7,983
06-21-2020,14:45,61401,103,1940
06-21-2020,14:45,61410,6,124
06-21-2020,14:45,61443,19,574
06-21-2020,14:45,61455,86,1199
06-21-2020,14:45,61462,115,748
06-21-2020,14:45,61469,7,126
06-21-2020,14:45,61525,10,575
06-21-2020,14:45,61547,8,238
06-21-2020,14:45,61548,13,622
06-21-2020,14:45,61550,11,1313
06-21-2020,14:45,61554,32,3062
06-21-2020,14:45,61568,6,217
06-21-2020,14:45,61571,25,1678
06-21-2020,14:45,61602,6,158
06-21-2020,14:45,61603,80,1664
06-21-2020,14:45,61604,72,2821
06-21-2020,14:45,61605,62,1382
06-21-2020,14:45,61606,6,387
06-21-2020,14:45,61607,7,685
06-21-2020,14:45,61610,7,340
06-21-2020,14:45,61611,22,1775
06-21-2020,14:45,61614,123,2720
06-21-2020,14:45,61615,34,1974
06-21-2020,14:45,61701,61,3208
06-21-2020,14:45,61704,82,2375
06-21-2020,14:45,61705,16,968
06-21-2020,14:45,61729,6,70
06-21-2020,14:45,61739,6,385
06-21-2020,14:45,61761,66,2885
06-21-2020,14:45,61764,18,816
06-21-2020,14:45,61801,48,2522
06-21-2020,14:45,61802,124,2869
06-21-2020,14:45,61820,126,2697
06-21-2020,14:45,61821,140,4072
06-21-2020,14:45,61822,59,2796
06-21-2020,14:45,61832,30,1853
06-21-2020,14:45,61853,23,1379
06-21-2020,14:45,61856,8,592
06-21-2020,14:45,61866,183,2188
06-21-2020,14:45,61873,7,515
06-21-2020,14:45,61874,35,1347
06-21-2020,14:45,61880,9,408
06-21-2020,14:45,61910,11,338
06-21-2020,14:45,61911,7,150
06-21-2020,14:45,61920,97,1842
06-21-2020,14:45,61938,43,2026
06-21-2020,14:45,61944,6,489
06-21-2020,14:45,61951,8,363
06-21-2020,14:45,61953,15,466
06-21-2020,14:45,62002,131,1267
06-21-2020,14:45,62010,39,297
06-21-2020,14:45,62012,12,256
06-21-2020,14:45,62018,11,119
06-21-2020,14:45,62024,12,308
06-21-2020,14:45,62025,120,1151
06-21-2020,14:45,62034,75,848
06-21-2020,14:45,62035,30,523
06-21-2020,14:45,62040,123,1778
06-21-2020,14:45,62049,6,783
06-21-2020,14:45,62052,19,269
06-21-2020,14:45,62056,14,770
06-21-2020,14:45,62059,7,39
06-21-2020,14:45,62060,44,284
06-21-2020,14:45,62062,13,1150
06-21-2020,14:45,62069,9,152
06-21-2020,14:45,62088,8,580
06-21-2020,14:45,62090,13,105
06-21-2020,14:45,62095,27,368
06-21-2020,14:45,62201,72,414
06-21-2020,14:45,62203,59,487
06-21-2020,14:45,62204,61,471
06-21-2020,14:45,62205,68,591
06-21-2020,14:45,62206,155,973
06-21-2020,14:45,62207,103,548
06-21-2020,14:45,62208,94,879
06-21-2020,14:45,62220,156,939
06-21-2020,14:45,62221,151,1111
06-21-2020,14:45,62223,66,781
06-21-2020,14:45,62226,193,1516
06-21-2020,14:45,62230,26,421
06-21-2020,14:45,62231,85,610
06-21-2020,14:45,62232,34,758
06-21-2020,14:45,62233,101,715
06-21-2020,14:45,62234,134,1495
06-21-2020,14:45,62236,47,258
06-21-2020,14:45,62237,6,283
06-21-2020,14:45,62238,6,49
06-21-2020,14:45,62239,17,130
06-21-2020,14:45,62241,6,60
06-21-2020,14:45,62242,6,50
06-21-2020,14:45,62243,9,149
06-21-2020,14:45,62246,7,351
06-21-2020,14:45,62249,19,588
06-21-2020,14:45,62254,82,481
06-21-2020,14:45,62255,6,47
06-21-2020,14:45,62257,13,139
06-21-2020,14:45,62258,17,449
06-21-2020,14:45,62260,12,157
06-21-2020,14:45,62264,56,141
06-21-2020,14:45,62265,40,736
06-21-2020,14:45,62269,93,1127
06-21-2020,14:45,62272,50,188
06-21-2020,14:45,62274,10,268
06-21-2020,14:45,62278,15,252
06-21-2020,14:45,62285,19,111
06-21-2020,14:45,62286,51,476
06-21-2020,14:45,62288,33,277
06-21-2020,14:45,62293,9,256
06-21-2020,14:45,62294,25,482
06-21-2020,14:45,62295,10,49
06-21-2020,14:45,62298,57,832
06-21-2020,14:45,62301,23,3358
06-21-2020,14:45,62305,24,477
06-21-2020,14:45,62353,7,373
06-21-2020,14:45,62427,6,59
06-21-2020,14:45,62428,7,175
06-21-2020,14:45,62441,9,321
06-21-2020,14:45,62448,37,522
06-21-2020,14:45,62454,10,360
06-21-2020,14:45,62471,17,586
06-21-2020,14:45,62474,6,62
06-21-2020,14:45,62521,112,2217
06-21-2020,14:45,62522,38,622
06-21-2020,14:45,62526,53,1708
06-21-2020,14:45,62560,7,121
06-21-2020,14:45,62561,6,485
06-21-2020,14:45,62563,6,509
06-21-2020,14:45,62565,14,905
06-21-2020,14:45,62568,32,923
06-21-2020,14:45,62618,72,793
06-21-2020,14:45,62629,15,1289
06-21-2020,14:45,62650,95,2143
06-21-2020,14:45,62656,12,1904
06-21-2020,14:45,62664,11,319
06-21-2020,14:45,62675,12,656
06-21-2020,14:45,62681,12,385
06-21-2020,14:45,62684,71,851
06-21-2020,14:45,62691,20,211
06-21-2020,14:45,62692,8,199
06-21-2020,14:45,62702,79,4950
06-21-2020,14:45,62703,70,3490
06-21-2020,14:45,62704,55,4094
06-21-2020,14:45,62707,19,1137
06-21-2020,14:45,62711,30,1872
06-21-2020,14:45,62712,6,952
06-21-2020,14:45,62801,67,1834
06-21-2020,14:45,62832,16,529
06-21-2020,14:45,62837,7,509
06-21-2020,14:45,62863,21,423
06-21-2020,14:45,62864,85,1520
06-21-2020,14:45,62882,14,181
06-21-2020,14:45,62901,167,2318
06-21-2020,14:45,62902,19,321
06-21-2020,14:45,62906,87,932
06-21-2020,14:45,62907,20,130
06-21-2020,14:45,62912,8,71
06-21-2020,14:45,62914,8,258
06-21-2020,14:45,62918,15,707
06-21-2020,14:45,62920,69,414
06-21-2020,14:45,62939,10,177
06-21-2020,14:45,62946,6,526
06-21-2020,14:45,62948,19,863
06-21-2020,14:45,62951,6,275
06-21-2020,14:45,62952,10,214
06-21-2020,14:45,62959,42,1955
06-21-2020,14:45,62966,101,1327
06-21-2020,14:45,62992,52,196
06-20-2020,13:45,60002,113,1291
06-20-2020,13:45,60004,352,6408
06-20-2020,13:45,60005,191,2934
06-20-2020,13:45,60007,361,2696
06-20-2020,13:45,60008,343,3466
06-20-2020,13:45,60010,137,2353
06-20-2020,13:45,60012,86,620
06-20-2020,13:45,60013,96,1164
06-20-2020,13:45,60014,294,2983
06-20-2020,13:45,60015,185,1922
06-20-2020,13:45,60016,1067,6609
06-20-2020,13:45,60018,651,3640
06-20-2020,13:45,60020,40,803
06-20-2020,13:45,60021,22,267
06-20-2020,13:45,60022,28,539
06-20-2020,13:45,60025,366,3770
06-20-2020,13:45,60026,147,1504
06-20-2020,13:45,60029,8,77
06-20-2020,13:45,60030,185,2514
06-20-2020,13:45,60031,353,3296
06-20-2020,13:45,60033,207,1136
06-20-2020,13:45,60035,265,2908
06-20-2020,13:45,60040,179,680
06-20-2020,13:45,60041,49,619
06-20-2020,13:45,60042,37,446
06-20-2020,13:45,60043,19,210
06-20-2020,13:45,60044,103,1059
06-20-2020,13:45,60045,121,1576
06-20-2020,13:45,60046,209,2169
06-20-2020,13:45,60047,398,3082
06-20-2020,13:45,60048,148,1798
06-20-2020,13:45,60050,224,2197
06-20-2020,13:45,60051,125,1493
06-20-2020,13:45,60053,302,2277
06-20-2020,13:45,60056,640,4601
06-20-2020,13:45,60060,440,2668
06-20-2020,13:45,60061,178,2066
06-20-2020,13:45,60062,325,3878
06-20-2020,13:45,60064,655,1990
06-20-2020,13:45,60067,230,3650
06-20-2020,13:45,60068,307,3023
06-20-2020,13:45,60069,90,1184
06-20-2020,13:45,60070,261,1592
06-20-2020,13:45,60071,14,210
06-20-2020,13:45,60073,1057,5843
06-20-2020,13:45,60074,460,3204
06-20-2020,13:45,60076,508,3891
06-20-2020,13:45,60077,411,2987
06-20-2020,13:45,60079,12,59
06-20-2020,13:45,60081,41,499
06-20-2020,13:45,60083,100,901
06-20-2020,13:45,60084,186,1065
06-20-2020,13:45,60085,2403,9608
06-20-2020,13:45,60087,665,3670
06-20-2020,13:45,60088,73,488
06-20-2020,13:45,60089,290,2871
06-20-2020,13:45,60090,808,4198
06-20-2020,13:45,60091,157,1956
06-20-2020,13:45,60093,176,1720
06-20-2020,13:45,60096,40,434
06-20-2020,13:45,60097,40,632
06-20-2020,13:45,60098,317,2501
06-20-2020,13:45,60099,579,3230
06-20-2020,13:45,60101,807,4069
06-20-2020,13:45,60102,166,1909
06-20-2020,13:45,60103,289,3027
06-20-2020,13:45,60104,423,2501
06-20-2020,13:45,60106,520,2768
06-20-2020,13:45,60107,651,4031
06-20-2020,13:45,60108,323,3005
06-20-2020,13:45,60109,11,316
06-20-2020,13:45,60110,723,3184
06-20-2020,13:45,60112,28,322
06-20-2020,13:45,60115,289,3442
06-20-2020,13:45,60118,85,1000
06-20-2020,13:45,60119,38,632
06-20-2020,13:45,60120,1346,5648
06-20-2020,13:45,60123,871,5205
06-20-2020,13:45,60124,131,1523
06-20-2020,13:45,60126,271,3783
06-20-2020,13:45,60130,153,2378
06-20-2020,13:45,60131,354,2067
06-20-2020,13:45,60133,755,4188
06-20-2020,13:45,60134,159,1814
06-20-2020,13:45,60135,37,506
06-20-2020,13:45,60136,55,482
06-20-2020,13:45,60137,152,2526
06-20-2020,13:45,60139,648,3612
06-20-2020,13:45,60140,97,1141
06-20-2020,13:45,60141,23,683
06-20-2020,13:45,60142,104,1755
06-20-2020,13:45,60143,188,1161
06-20-2020,13:45,60145,7,118
06-20-2020,13:45,60146,8,170
06-20-2020,13:45,60148,385,4057
06-20-2020,13:45,60151,18,261
06-20-2020,13:45,60152,82,741
06-20-2020,13:45,60153,515,2936
06-20-2020,13:45,60154,207,2056
06-20-2020,13:45,60155,172,929
06-20-2020,13:45,60156,163,1598
06-20-2020,13:45,60157,12,170
06-20-2020,13:45,60160,761,3494
06-20-2020,13:45,60162,164,1236
06-20-2020,13:45,60163,93,588
06-20-2020,13:45,60164,528,3849
06-20-2020,13:45,60165,184,650
06-20-2020,13:45,60169,384,2898
06-20-2020,13:45,60171,128,1022
06-20-2020,13:45,60172,238,1951
06-20-2020,13:45,60173,106,788
06-20-2020,13:45,60174,176,2543
06-20-2020,13:45,60175,97,1444
06-20-2020,13:45,60176,159,977
06-20-2020,13:45,60177,268,1677
06-20-2020,13:45,60178,64,1376
06-20-2020,13:45,60181,263,2282
06-20-2020,13:45,60184,9,136
06-20-2020,13:45,60185,753,3816
06-20-2020,13:45,60187,137,2271
06-20-2020,13:45,60188,490,3625
06-20-2020,13:45,60189,114,1921
06-20-2020,13:45,60190,54,877
06-20-2020,13:45,60191,222,1341
06-20-2020,13:45,60192,61,875
06-20-2020,13:45,60193,267,3254
06-20-2020,13:45,60194,169,2042
06-20-2020,13:45,60195,19,258
06-20-2020,13:45,60201,328,4371
06-20-2020,13:45,60202,442,3496
06-20-2020,13:45,60203,34,441
06-20-2020,13:45,60301,28,299
06-20-2020,13:45,60302,219,3253
06-20-2020,13:45,60304,80,1353
06-20-2020,13:45,60305,56,823
06-20-2020,13:45,60401,39,870
06-20-2020,13:45,60402,1443,8118
06-20-2020,13:45,60403,211,2031
06-20-2020,13:45,60404,119,1715
06-20-2020,13:45,60406,515,3433
06-20-2020,13:45,60408,19,457
06-20-2020,13:45,60409,608,4842
06-20-2020,13:45,60410,53,882
06-20-2020,13:45,60411,934,7249
06-20-2020,13:45,60415,195,1561
06-20-2020,13:45,60416,13,427
06-20-2020,13:45,60417,167,1683
06-20-2020,13:45,60418,117,652
06-20-2020,13:45,60419,401,3230
06-20-2020,13:45,60420,8,291
06-20-2020,13:45,60421,13,243
06-20-2020,13:45,60422,83,1099
06-20-2020,13:45,60423,148,2114
06-20-2020,13:45,60425,173,1597
06-20-2020,13:45,60426,484,3740
06-20-2020,13:45,60428,219,1721
06-20-2020,13:45,60429,234,2531
06-20-2020,13:45,60430,282,2401
06-20-2020,13:45,60431,226,2766
06-20-2020,13:45,60432,459,2439
06-20-2020,13:45,60433,313,2255
06-20-2020,13:45,60434,166,282
06-20-2020,13:45,60435,700,6215
06-20-2020,13:45,60436,255,2217
06-20-2020,13:45,60438,405,3076
06-20-2020,13:45,60439,104,1550
06-20-2020,13:45,60440,895,7079
06-20-2020,13:45,60441,219,2244
06-20-2020,13:45,60442,45,605
06-20-2020,13:45,60443,369,2803
06-20-2020,13:45,60445,163,1782
06-20-2020,13:45,60446,544,4437
06-20-2020,13:45,60447,58,929
06-20-2020,13:45,60448,141,1412
06-20-2020,13:45,60449,72,854
06-20-2020,13:45,60450,56,1153
06-20-2020,13:45,60451,123,1956
06-20-2020,13:45,60452,247,2347
06-20-2020,13:45,60453,796,5725
06-20-2020,13:45,60455,310,1785
06-20-2020,13:45,60456,54,407
06-20-2020,13:45,60457,130,1077
06-20-2020,13:45,60458,144,1261
06-20-2020,13:45,60459,431,2849
06-20-2020,13:45,60461,59,669
06-20-2020,13:45,60462,334,3113
06-20-2020,13:45,60463,249,1358
06-20-2020,13:45,60464,49,707
06-20-2020,13:45,60465,256,1399
06-20-2020,13:45,60466,499,3477
06-20-2020,13:45,60467,178,1709
06-20-2020,13:45,60468,35,402
06-20-2020,13:45,60469,88,684
06-20-2020,13:45,60471,221,1659
06-20-2020,13:45,60472,71,677
06-20-2020,13:45,60473,427,3712
06-20-2020,13:45,60475,83,895
06-20-2020,13:45,60476,19,241
06-20-2020,13:45,60477,255,2883
06-20-2020,13:45,60478,337,2836
06-20-2020,13:45,60480,36,485
06-20-2020,13:45,60481,29,915
06-20-2020,13:45,60482,106,809
06-20-2020,13:45,60484,118,815
06-20-2020,13:45,60487,152,1695
06-20-2020,13:45,60490,143,1912
06-20-2020,13:45,60491,150,1284
06-20-2020,13:45,60501,304,1427
06-20-2020,13:45,60502,102,1445
06-20-2020,13:45,60503,65,1011
06-20-2020,13:45,60504,356,3076
06-20-2020,13:45,60505,2010,9261
06-20-2020,13:45,60506,1128,7282
06-20-2020,13:45,60510,111,2193
06-20-2020,13:45,60513,167,2217
06-20-2020,13:45,60514,48,778
06-20-2020,13:45,60515,100,1744
06-20-2020,13:45,60516,126,1928
06-20-2020,13:45,60517,230,2703
06-20-2020,13:45,60520,10,175
06-20-2020,13:45,60521,184,1574
06-20-2020,13:45,60523,109,1006
06-20-2020,13:45,60525,303,3663
06-20-2020,13:45,60526,83,2202
06-20-2020,13:45,60527,241,3013
06-20-2020,13:45,60532,133,2242
06-20-2020,13:45,60534,179,1250
06-20-2020,13:45,60538,316,2500
06-20-2020,13:45,60540,145,2876
06-20-2020,13:45,60541,9,148
06-20-2020,13:45,60542,187,1760
06-20-2020,13:45,60543,282,2880
06-20-2020,13:45,60544,179,2579
06-20-2020,13:45,60545,152,1291
06-20-2020,13:45,60546,170,2673
06-20-2020,13:45,60548,84,1062
06-20-2020,13:45,60551,24,191
06-20-2020,13:45,60552,10,253
06-20-2020,13:45,60554,42,823
06-20-2020,13:45,60555,135,1155
06-20-2020,13:45,60558,49,968
06-20-2020,13:45,60559,328,2344
06-20-2020,13:45,60560,108,1620
06-20-2020,13:45,60561,128,1890
06-20-2020,13:45,60563,187,2958
06-20-2020,13:45,60564,170,2634
06-20-2020,13:45,60565,200,2469
06-20-2020,13:45,60585,104,1604
06-20-2020,13:45,60586,370,3982
06-20-2020,13:45,60601,75,1077
06-20-2020,13:45,60602,16,229
06-20-2020,13:45,60603,8,120
06-20-2020,13:45,60604,22,165
06-20-2020,13:45,60605,197,2515
06-20-2020,13:45,60606,37,891
06-20-2020,13:45,60607,452,2822
06-20-2020,13:45,60608,1782,8801
06-20-2020,13:45,60609,1814,8053
06-20-2020,13:45,60610,269,3716
06-20-2020,13:45,60611,161,3897
06-20-2020,13:45,60612,715,5267
06-20-2020,13:45,60613,399,4134
06-20-2020,13:45,60614,524,6114
06-20-2020,13:45,60615,399,4638
06-20-2020,13:45,60616,462,5536
06-20-2020,13:45,60617,1172,9975
06-20-2020,13:45,60618,1349,9465
06-20-2020,13:45,60619,940,9811
06-20-2020,13:45,60620,1149,9267
06-20-2020,13:45,60621,562,3935
06-20-2020,13:45,60622,656,5380
06-20-2020,13:45,60623,3393,11398
06-20-2020,13:45,60624,878,4837
06-20-2020,13:45,60625,1479,8421
06-20-2020,13:45,60626,1084,7070
06-20-2020,13:45,60628,1113,8151
06-20-2020,13:45,60629,3354,13626
06-20-2020,13:45,60630,835,5695
06-20-2020,13:45,60631,320,4092
06-20-2020,13:45,60632,3156,11080
06-20-2020,13:45,60633,275,2122
06-20-2020,13:45,60634,1492,10591
06-20-2020,13:45,60636,744,4044
06-20-2020,13:45,60637,645,6441
06-20-2020,13:45,60638,1134,6856
06-20-2020,13:45,60639,3374,13671
06-20-2020,13:45,60640,832,7531
06-20-2020,13:45,60641,1546,8896
06-20-2020,13:45,60642,175,1968
06-20-2020,13:45,60643,740,6533
06-20-2020,13:45,60644,1284,7023
06-20-2020,13:45,60645,1101,5965
06-20-2020,13:45,60646,386,3385
06-20-2020,13:45,60647,1402,9068
06-20-2020,13:45,60649,832,6477
06-20-2020,13:45,60651,1781,8297
06-20-2020,13:45,60652,970,5214
06-20-2020,13:45,60653,548,5262
06-20-2020,13:45,60654,142,1584
06-20-2020,13:45,60655,272,3618
06-20-2020,13:45,60656,288,3033
06-20-2020,13:45,60657,367,5622
06-20-2020,13:45,60659,784,4007
06-20-2020,13:45,60660,450,3761
06-20-2020,13:45,60661,44,709
06-20-2020,13:45,60680,6,99
06-20-2020,13:45,60706,356,3545
06-20-2020,13:45,60707,790,5454
06-20-2020,13:45,60712,171,1588
06-20-2020,13:45,60714,848,4251
06-20-2020,13:45,60803,263,2055
06-20-2020,13:45,60804,2980,11783
06-20-2020,13:45,60805,233,1870
06-20-2020,13:45,60827,376,2899
06-20-2020,13:45,60901,640,4735
06-20-2020,13:45,60911,10,122
06-20-2020,13:45,60912,6,47
06-20-2020,13:45,60913,7,93
06-20-2020,13:45,60914,186,2780
06-20-2020,13:45,60915,74,1211
06-20-2020,13:45,60919,6,40
06-20-2020,13:45,60922,13,213
06-20-2020,13:45,60927,52,403
06-20-2020,13:45,60928,7,48
06-20-2020,13:45,60930,6,52
06-20-2020,13:45,60938,6,131
06-20-2020,13:45,60940,8,226
06-20-2020,13:45,60941,6,132
06-20-2020,13:45,60950,106,1648
06-20-2020,13:45,60954,38,862
06-20-2020,13:45,60955,13,120
06-20-2020,13:45,60957,8,384
06-20-2020,13:45,60958,22,207
06-20-2020,13:45,60964,37,444
06-20-2020,13:45,60970,14,521
06-20-2020,13:45,61008,453,3179
06-20-2020,13:45,61010,18,339
06-20-2020,13:45,61011,10,141
06-20-2020,13:45,61012,22,160
06-20-2020,13:45,61016,43,419
06-20-2020,13:45,61019,7,151
06-20-2020,13:45,61020,16,213
06-20-2020,13:45,61021,88,1374
06-20-2020,13:45,61032,216,2927
06-20-2020,13:45,61036,13,334
06-20-2020,13:45,61041,6,24
06-20-2020,13:45,61054,7,206
06-20-2020,13:45,61061,10,291
06-20-2020,13:45,61063,9,243
06-20-2020,13:45,61064,10,152
06-20-2020,13:45,61065,64,754
06-20-2020,13:45,61068,147,1413
06-20-2020,13:45,61071,40,463
06-20-2020,13:45,61072,37,611
06-20-2020,13:45,61073,71,1173
06-20-2020,13:45,61080,52,556
06-20-2020,13:45,61081,84,911
06-20-2020,13:45,61084,9,125
06-20-2020,13:45,61085,8,137
06-20-2020,13:45,61088,11,346
06-20-2020,13:45,61101,323,2685
06-20-2020,13:45,61102,278,2226
06-20-2020,13:45,61103,309,3109
06-20-2020,13:45,61104,314,1980
06-20-2020,13:45,61107,265,3063
06-20-2020,13:45,61108,408,3313
06-20-2020,13:45,61109,293,2700
06-20-2020,13:45,61111,108,1929
06-20-2020,13:45,61114,116,1603
06-20-2020,13:45,61115,136,1753
06-20-2020,13:45,61201,220,2695
06-20-2020,13:45,61235,8,107
06-20-2020,13:45,61239,8,75
06-20-2020,13:45,61240,12,349
06-20-2020,13:45,61241,17,416
06-20-2020,13:45,61244,202,2167
06-20-2020,13:45,61252,25,233
06-20-2020,13:45,61254,9,605
06-20-2020,13:45,61256,6,108
06-20-2020,13:45,61264,25,629
06-20-2020,13:45,61265,229,3207
06-20-2020,13:45,61270,8,218
06-20-2020,13:45,61273,6,167
06-20-2020,13:45,61275,10,205
06-20-2020,13:45,61282,48,681
06-20-2020,13:45,61314,6,35
06-20-2020,13:45,61341,44,667
06-20-2020,13:45,61342,21,377
06-20-2020,13:45,61350,27,1123
06-20-2020,13:45,61354,6,552
06-20-2020,13:45,61356,6,572
06-20-2020,13:45,61360,6,104
06-20-2020,13:45,61364,7,975
06-20-2020,13:45,61401,103,1916
06-20-2020,13:45,61410,6,124
06-20-2020,13:45,61443,19,567
06-20-2020,13:45,61455,86,1195
06-20-2020,13:45,61462,115,745
06-20-2020,13:45,61469,7,121
06-20-2020,13:45,61525,10,561
06-20-2020,13:45,61547,8,236
06-20-2020,13:45,61548,13,611
06-20-2020,13:45,61550,11,1286
06-20-2020,13:45,61554,32,2996
06-20-2020,13:45,61568,6,214
06-20-2020,13:45,61571,24,1644
06-20-2020,13:45,61602,6,157
06-20-2020,13:45,61603,77,1639
06-20-2020,13:45,61604,72,2787
06-20-2020,13:45,61605,61,1367
06-20-2020,13:45,61606,6,379
06-20-2020,13:45,61607,7,673
06-20-2020,13:45,61610,7,334
06-20-2020,13:45,61611,22,1742
06-20-2020,13:45,61614,123,2672
06-20-2020,13:45,61615,34,1945
06-20-2020,13:45,61701,59,3147
06-20-2020,13:45,61704,82,2339
06-20-2020,13:45,61705,16,958
06-20-2020,13:45,61729,6,70
06-20-2020,13:45,61739,6,378
06-20-2020,13:45,61761,65,2856
06-20-2020,13:45,61764,18,813
06-20-2020,13:45,61801,48,2490
06-20-2020,13:45,61802,124,2849
06-20-2020,13:45,61820,125,2647
06-20-2020,13:45,61821,139,4035
06-20-2020,13:45,61822,59,2760
06-20-2020,13:45,61832,30,1796
06-20-2020,13:45,61853,22,1344
06-20-2020,13:45,61856,7,582
06-20-2020,13:45,61866,183,2162
06-20-2020,13:45,61873,7,507
06-20-2020,13:45,61874,35,1329
06-20-2020,13:45,61880,9,397
06-20-2020,13:45,61910,11,336
06-20-2020,13:45,61911,7,149
06-20-2020,13:45,61920,93,1797
06-20-2020,13:45,61938,42,1988
06-20-2020,13:45,61944,6,473
06-20-2020,13:45,61951,8,361
06-20-2020,13:45,61953,15,458
06-20-2020,13:45,62002,129,1243
06-20-2020,13:45,62010,38,281
06-20-2020,13:45,62012,12,256
06-20-2020,13:45,62018,10,118
06-20-2020,13:45,62024,12,299
06-20-2020,13:45,62025,119,1112
06-20-2020,13:45,62034,75,828
06-20-2020,13:45,62035,29,507
06-20-2020,13:45,62040,120,1707
06-20-2020,13:45,62049,6,675
06-20-2020,13:45,62052,17,251
06-20-2020,13:45,62056,14,757
06-20-2020,13:45,62059,7,39
06-20-2020,13:45,62060,43,272
06-20-2020,13:45,62062,12,1000
06-20-2020,13:45,62069,9,152
06-20-2020,13:45,62088,8,574
06-20-2020,13:45,62090,13,103
06-20-2020,13:45,62095,27,356
06-20-2020,13:45,62201,62,356
06-20-2020,13:45,62203,58,470
06-20-2020,13:45,62204,60,462
06-20-2020,13:45,62205,67,574
06-20-2020,13:45,62206,153,952
06-20-2020,13:45,62207,102,523
06-20-2020,13:45,62208,92,851
06-20-2020,13:45,62220,156,907
06-20-2020,13:45,62221,150,1084
06-20-2020,13:45,62223,66,759
06-20-2020,13:45,62226,193,1476
06-20-2020,13:45,62230,26,420
06-20-2020,13:45,62231,85,606
06-20-2020,13:45,62232,33,733
06-20-2020,13:45,62233,101,706
06-20-2020,13:45,62234,132,1446
06-20-2020,13:45,62236,46,253
06-20-2020,13:45,62237,6,280
06-20-2020,13:45,62238,6,49
06-20-2020,13:45,62239,17,127
06-20-2020,13:45,62241,6,60
06-20-2020,13:45,62242,6,48
06-20-2020,13:45,62243,9,139
06-20-2020,13:45,62246,7,346
06-20-2020,13:45,62249,19,573
06-20-2020,13:45,62254,82,473
06-20-2020,13:45,62255,6,46
06-20-2020,13:45,62257,13,137
06-20-2020,13:45,62258,17,431
06-20-2020,13:45,62260,12,152
06-20-2020,13:45,62264,54,129
06-20-2020,13:45,62265,40,727
06-20-2020,13:45,62269,93,1100
06-20-2020,13:45,62272,50,182
06-20-2020,13:45,62274,10,266
06-20-2020,13:45,62278,15,249
06-20-2020,13:45,62285,19,109
06-20-2020,13:45,62286,51,471
06-20-2020,13:45,62288,33,276
06-20-2020,13:45,62293,9,253
06-20-2020,13:45,62294,25,467
06-20-2020,13:45,62295,10,49
06-20-2020,13:45,62298,57,814
06-20-2020,13:45,62301,23,3338
06-20-2020,13:45,62305,18,464
06-20-2020,13:45,62353,7,372
06-20-2020,13:45,62427,6,58
06-20-2020,13:45,62428,7,174
06-20-2020,13:45,62441,9,315
06-20-2020,13:45,62448,37,517
06-20-2020,13:45,62454,9,356
06-20-2020,13:45,62471,17,572
06-20-2020,13:45,62474,6,61
06-20-2020,13:45,62521,113,2129
06-20-2020,13:45,62522,39,611
06-20-2020,13:45,62526,52,1685
06-20-2020,13:45,62560,7,120
06-20-2020,13:45,62561,6,484
06-20-2020,13:45,62563,6,505
06-20-2020,13:45,62565,14,897
06-20-2020,13:45,62568,32,913
06-20-2020,13:45,62618,72,769
06-20-2020,13:45,62629,15,1273
06-20-2020,13:45,62650,95,2120
06-20-2020,13:45,62656,12,1893
06-20-2020,13:45,62664,11,319
06-20-2020,13:45,62675,12,653
06-20-2020,13:45,62681,12,378
06-20-2020,13:45,62684,71,849
06-20-2020,13:45,62691,19,205
06-20-2020,13:45,62692,8,196
06-20-2020,13:45,62702,78,4914
06-20-2020,13:45,62703,70,3463
06-20-2020,13:45,62704,55,4045
06-20-2020,13:45,62707,19,1129
06-20-2020,13:45,62711,30,1844
06-20-2020,13:45,62712,6,945
06-20-2020,13:45,62801,66,1800
06-20-2020,13:45,62832,16,523
06-20-2020,13:45,62837,7,506
06-20-2020,13:45,62863,18,402
06-20-2020,13:45,62864,85,1490
06-20-2020,13:45,62882,14,179
06-20-2020,13:45,62901,166,2292
06-20-2020,13:45,62902,19,312
06-20-2020,13:45,62906,87,914
06-20-2020,13:45,62907,20,126
06-20-2020,13:45,62912,8,70
06-20-2020,13:45,62914,8,255
06-20-2020,13:45,62918,15,685
06-20-2020,13:45,62920,69,410
06-20-2020,13:45,62939,10,176
06-20-2020,13:45,62946,6,516
06-20-2020,13:45,62948,19,849
06-20-2020,13:45,62951,6,271
06-20-2020,13:45,62952,10,206
06-20-2020,13:45,62959,41,1855
06-20-2020,13:45,62966,101,1314
06-20-2020,13:45,62992,52,195
06-19-2020,14:45,60002,113,1265
06-19-2020,14:45,60004,350,6328
06-19-2020,14:45,60005,191,2897
06-19-2020,14:45,60007,360,2623
06-19-2020,14:45,60008,340,3421
06-19-2020,14:45,60010,135,2291
06-19-2020,14:45,60012,86,612
06-19-2020,14:45,60013,94,1139
06-19-2020,14:45,60014,294,2926
06-19-2020,14:45,60015,185,1899
06-19-2020,14:45,60016,1060,6491
06-19-2020,14:45,60018,648,3591
06-19-2020,14:45,60020,40,791
06-19-2020,14:45,60021,22,260
06-19-2020,14:45,60022,28,520
06-19-2020,14:45,60025,365,3726
06-19-2020,14:45,60026,148,1447
06-19-2020,14:45,60029,8,77
06-19-2020,14:45,60030,185,2474
06-19-2020,14:45,60031,351,3234
06-19-2020,14:45,60033,204,1122
06-19-2020,14:45,60035,264,2879
06-19-2020,14:45,60040,179,660
06-19-2020,14:45,60041,48,608
06-19-2020,14:45,60042,38,432
06-19-2020,14:45,60043,19,207
06-19-2020,14:45,60044,103,1045
06-19-2020,14:45,60045,121,1550
06-19-2020,14:45,60046,206,2112
06-19-2020,14:45,60047,395,2973
06-19-2020,14:45,60048,147,1771
06-19-2020,14:45,60050,224,2174
06-19-2020,14:45,60051,126,1470
06-19-2020,14:45,60053,298,2244
06-19-2020,14:45,60056,637,4505
06-19-2020,14:45,60060,439,2629
06-19-2020,14:45,60061,178,2037
06-19-2020,14:45,60062,322,3805
06-19-2020,14:45,60064,653,1973
06-19-2020,14:45,60067,229,3573
06-19-2020,14:45,60068,306,2963
06-19-2020,14:45,60069,89,1155
06-19-2020,14:45,60070,259,1568
06-19-2020,14:45,60071,14,210
06-19-2020,14:45,60073,1051,5707
06-19-2020,14:45,60074,461,3137
06-19-2020,14:45,60076,504,3840
06-19-2020,14:45,60077,409,2933
06-19-2020,14:45,60079,12,58
06-19-2020,14:45,60081,41,491
06-19-2020,14:45,60083,99,884
06-19-2020,14:45,60084,186,1047
06-19-2020,14:45,60085,2395,9504
06-19-2020,14:45,60087,662,3626
06-19-2020,14:45,60088,67,485
06-19-2020,14:45,60089,288,2825
06-19-2020,14:45,60090,808,4127
06-19-2020,14:45,60091,156,1918
06-19-2020,14:45,60093,176,1666
06-19-2020,14:45,60096,40,425
06-19-2020,14:45,60097,40,622
06-19-2020,14:45,60098,315,2474
06-19-2020,14:45,60099,577,3178
06-19-2020,14:45,60101,803,3990
06-19-2020,14:45,60102,165,1873
06-19-2020,14:45,60103,286,2965
06-19-2020,14:45,60104,418,2469
06-19-2020,14:45,60106,519,2744
06-19-2020,14:45,60107,647,3929
06-19-2020,14:45,60108,323,2953
06-19-2020,14:45,60109,11,316
06-19-2020,14:45,60110,718,3135
06-19-2020,14:45,60112,28,320
06-19-2020,14:45,60115,288,3362
06-19-2020,14:45,60118,83,979
06-19-2020,14:45,60119,38,621
06-19-2020,14:45,60120,1341,5574
06-19-2020,14:45,60123,864,5153
06-19-2020,14:45,60124,123,1495
06-19-2020,14:45,60126,269,3628
06-19-2020,14:45,60130,152,2352
06-19-2020,14:45,60131,354,2042
06-19-2020,14:45,60133,755,4124
06-19-2020,14:45,60134,158,1782
06-19-2020,14:45,60135,36,495
06-19-2020,14:45,60136,55,476
06-19-2020,14:45,60137,152,2475
06-19-2020,14:45,60139,648,3548
06-19-2020,14:45,60140,96,1128
06-19-2020,14:45,60141,23,660
06-19-2020,14:45,60142,106,1721
06-19-2020,14:45,60143,188,1145
06-19-2020,14:45,60145,7,116
06-19-2020,14:45,60146,8,169
06-19-2020,14:45,60148,383,3981
06-19-2020,14:45,60151,18,259
06-19-2020,14:45,60152,81,728
06-19-2020,14:45,60153,514,2894
06-19-2020,14:45,60154,205,2019
06-19-2020,14:45,60155,172,917
06-19-2020,14:45,60156,162,1571
06-19-2020,14:45,60157,12,165
06-19-2020,14:45,60160,759,3454
06-19-2020,14:45,60162,162,1220
06-19-2020,14:45,60163,91,574
06-19-2020,14:45,60164,522,3797
06-19-2020,14:45,60165,184,641
06-19-2020,14:45,60169,381,2825
06-19-2020,14:45,60171,126,1006
06-19-2020,14:45,60172,237,1917
06-19-2020,14:45,60173,106,773
06-19-2020,14:45,60174,172,2492
06-19-2020,14:45,60175,97,1414
06-19-2020,14:45,60176,153,963
06-19-2020,14:45,60177,263,1653
06-19-2020,14:45,60178,63,1352
06-19-2020,14:45,60181,260,2236
06-19-2020,14:45,60184,9,134
06-19-2020,14:45,60185,752,3756
06-19-2020,14:45,60187,135,2171
06-19-2020,14:45,60188,488,3547
06-19-2020,14:45,60189,113,1862
06-19-2020,14:45,60190,52,860
06-19-2020,14:45,60191,222,1322
06-19-2020,14:45,60192,58,849
06-19-2020,14:45,60193,265,3130
06-19-2020,14:45,60194,168,1935
06-19-2020,14:45,60195,18,250
06-19-2020,14:45,60201,327,4330
06-19-2020,14:45,60202,442,3424
06-19-2020,14:45,60203,34,433
06-19-2020,14:45,60301,27,296
06-19-2020,14:45,60302,220,3164
06-19-2020,14:45,60304,80,1328
06-19-2020,14:45,60305,55,813
06-19-2020,14:45,60401,39,857
06-19-2020,14:45,60402,1431,7993
06-19-2020,14:45,60403,211,1984
06-19-2020,14:45,60404,119,1694
06-19-2020,14:45,60406,510,3392
06-19-2020,14:45,60408,20,446
06-19-2020,14:45,60409,606,4779
06-19-2020,14:45,60410,53,864
06-19-2020,14:45,60411,929,7163
06-19-2020,14:45,60415,194,1536
06-19-2020,14:45,60416,13,419
06-19-2020,14:45,60417,164,1654
06-19-2020,14:45,60418,117,641
06-19-2020,14:45,60419,400,3180
06-19-2020,14:45,60420,7,288
06-19-2020,14:45,60421,13,243
06-19-2020,14:45,60422,83,1074
06-19-2020,14:45,60423,147,2057
06-19-2020,14:45,60425,172,1584
06-19-2020,14:45,60426,480,3663
06-19-2020,14:45,60428,217,1709
06-19-2020,14:45,60429,233,2484
06-19-2020,14:45,60430,279,2365
06-19-2020,14:45,60431,225,2716
06-19-2020,14:45,60432,457,2408
06-19-2020,14:45,60433,313,2009
06-19-2020,14:45,60434,166,253
06-19-2020,14:45,60435,696,6060
06-19-2020,14:45,60436,255,2176
06-19-2020,14:45,60438,401,3036
06-19-2020,14:45,60439,104,1530
06-19-2020,14:45,60440,891,6979
06-19-2020,14:45,60441,217,2217
06-19-2020,14:45,60442,45,591
06-19-2020,14:45,60443,366,2772
06-19-2020,14:45,60445,161,1728
06-19-2020,14:45,60446,541,4353
06-19-2020,14:45,60447,57,913
06-19-2020,14:45,60448,139,1389
06-19-2020,14:45,60449,71,844
06-19-2020,14:45,60450,56,1139
06-19-2020,14:45,60451,122,1913
06-19-2020,14:45,60452,245,2311
06-19-2020,14:45,60453,790,5640
06-19-2020,14:45,60455,307,1763
06-19-2020,14:45,60456,54,405
06-19-2020,14:45,60457,130,1051
06-19-2020,14:45,60458,144,1244
06-19-2020,14:45,60459,428,2808
06-19-2020,14:45,60461,59,656
06-19-2020,14:45,60462,332,3075
06-19-2020,14:45,60463,249,1343
06-19-2020,14:45,60464,49,700
06-19-2020,14:45,60465,255,1378
06-19-2020,14:45,60466,499,3446
06-19-2020,14:45,60467,178,1683
06-19-2020,14:45,60468,35,400
06-19-2020,14:45,60469,88,679
06-19-2020,14:45,60471,221,1648
06-19-2020,14:45,60472,71,666
06-19-2020,14:45,60473,422,3645
06-19-2020,14:45,60475,83,884
06-19-2020,14:45,60476,19,239
06-19-2020,14:45,60477,253,2837
06-19-2020,14:45,60478,334,2806
06-19-2020,14:45,60480,36,474
06-19-2020,14:45,60481,29,899
06-19-2020,14:45,60482,106,796
06-19-2020,14:45,60484,116,800
06-19-2020,14:45,60487,153,1673
06-19-2020,14:45,60490,142,1877
06-19-2020,14:45,60491,148,1270
06-19-2020,14:45,60501,302,1408
06-19-2020,14:45,60502,101,1406
06-19-2020,14:45,60503,65,987
06-19-2020,14:45,60504,355,3017
06-19-2020,14:45,60505,1998,9140
06-19-2020,14:45,60506,1122,7161
06-19-2020,14:45,60510,111,2150
06-19-2020,14:45,60513,167,2172
06-19-2020,14:45,60514,48,759
06-19-2020,14:45,60515,100,1715
06-19-2020,14:45,60516,125,1891
06-19-2020,14:45,60517,230,2656
06-19-2020,14:45,60520,10,172
06-19-2020,14:45,60521,183,1533
06-19-2020,14:45,60523,107,991
06-19-2020,14:45,60525,303,3592
06-19-2020,14:45,60526,84,2031
06-19-2020,14:45,60527,239,2966
06-19-2020,14:45,60532,132,2199
06-19-2020,14:45,60534,179,1233
06-19-2020,14:45,60538,317,2445
06-19-2020,14:45,60540,144,2830
06-19-2020,14:45,60541,9,147
06-19-2020,14:45,60542,186,1646
06-19-2020,14:45,60543,280,2833
06-19-2020,14:45,60544,179,2528
06-19-2020,14:45,60545,151,1272
06-19-2020,14:45,60546,170,2644
06-19-2020,14:45,60548,83,1037
06-19-2020,14:45,60551,24,188
06-19-2020,14:45,60552,9,251
06-19-2020,14:45,60554,43,806
06-19-2020,14:45,60555,134,1139
06-19-2020,14:45,60558,48,937
06-19-2020,14:45,60559,325,2316
06-19-2020,14:45,60560,109,1599
06-19-2020,14:45,60561,128,1838
06-19-2020,14:45,60563,188,2865
06-19-2020,14:45,60564,166,2569
06-19-2020,14:45,60565,198,2421
06-19-2020,14:45,60585,104,1572
06-19-2020,14:45,60586,369,3906
06-19-2020,14:45,60601,75,1055
06-19-2020,14:45,60602,16,223
06-19-2020,14:45,60603,8,119
06-19-2020,14:45,60604,22,165
06-19-2020,14:45,60605,197,2451
06-19-2020,14:45,60606,36,883
06-19-2020,14:45,60607,449,2786
06-19-2020,14:45,60608,1782,8673
06-19-2020,14:45,60609,1809,7970
06-19-2020,14:45,60610,269,3647
06-19-2020,14:45,60611,159,3804
06-19-2020,14:45,60612,714,5186
06-19-2020,14:45,60613,396,4046
06-19-2020,14:45,60614,520,6002
06-19-2020,14:45,60615,398,4570
06-19-2020,14:45,60616,461,5472
06-19-2020,14:45,60617,1170,9876
06-19-2020,14:45,60618,1343,9287
06-19-2020,14:45,60619,938,9692
06-19-2020,14:45,60620,1147,9171
06-19-2020,14:45,60621,560,3881
06-19-2020,14:45,60622,652,5275
06-19-2020,14:45,60623,3384,11258
06-19-2020,14:45,60624,877,4763
06-19-2020,14:45,60625,1473,8283
06-19-2020,14:45,60626,1080,6925
06-19-2020,14:45,60628,1113,8066
06-19-2020,14:45,60629,3344,13483
06-19-2020,14:45,60630,829,5602
06-19-2020,14:45,60631,317,4019
06-19-2020,14:45,60632,3150,10974
06-19-2020,14:45,60633,275,2104
06-19-2020,14:45,60634,1484,10387
06-19-2020,14:45,60636,741,3987
06-19-2020,14:45,60637,644,6367
06-19-2020,14:45,60638,1128,6764
06-19-2020,14:45,60639,3368,13519
06-19-2020,14:45,60640,832,7361
06-19-2020,14:45,60641,1539,8776
06-19-2020,14:45,60642,171,1926
06-19-2020,14:45,60643,738,6446
06-19-2020,14:45,60644,1279,6933
06-19-2020,14:45,60645,1100,5857
06-19-2020,14:45,60646,384,3335
06-19-2020,14:45,60647,1394,8873
06-19-2020,14:45,60649,832,6375
06-19-2020,14:45,60651,1782,8195
06-19-2020,14:45,60652,967,5167
06-19-2020,14:45,60653,546,5201
06-19-2020,14:45,60654,142,1549
06-19-2020,14:45,60655,272,3579
06-19-2020,14:45,60656,287,2977
06-19-2020,14:45,60657,364,5515
06-19-2020,14:45,60659,781,3940
06-19-2020,14:45,60660,449,3614
06-19-2020,14:45,60661,43,698
06-19-2020,14:45,60680,6,97
06-19-2020,14:45,60706,356,3474
06-19-2020,14:45,60707,789,5364
06-19-2020,14:45,60712,170,1561
06-19-2020,14:45,60714,841,4128
06-19-2020,14:45,60803,262,2031
06-19-2020,14:45,60804,2966,11583
06-19-2020,14:45,60805,232,1846
06-19-2020,14:45,60827,375,2860
06-19-2020,14:45,60901,634,4658
06-19-2020,14:45,60911,10,117
06-19-2020,14:45,60912,6,44
06-19-2020,14:45,60913,7,91
06-19-2020,14:45,60914,186,2738
06-19-2020,14:45,60915,73,1200
06-19-2020,14:45,60919,6,39
06-19-2020,14:45,60922,12,206
06-19-2020,14:45,60927,52,382
06-19-2020,14:45,60928,7,48
06-19-2020,14:45,60930,6,50
06-19-2020,14:45,60938,6,127
06-19-2020,14:45,60940,7,222
06-19-2020,14:45,60941,6,129
06-19-2020,14:45,60950,105,1634
06-19-2020,14:45,60954,36,846
06-19-2020,14:45,60955,13,116
06-19-2020,14:45,60957,8,360
06-19-2020,14:45,60958,22,205
06-19-2020,14:45,60964,36,437
06-19-2020,14:45,60970,14,509
06-19-2020,14:45,61008,451,3147
06-19-2020,14:45,61010,16,337
06-19-2020,14:45,61011,10,140
06-19-2020,14:45,61012,20,157
06-19-2020,14:45,61016,43,412
06-19-2020,14:45,61019,6,147
06-19-2020,14:45,61020,15,209
06-19-2020,14:45,61021,88,1362
06-19-2020,14:45,61032,209,2799
06-19-2020,14:45,61036,11,334
06-19-2020,14:45,61041,6,23
06-19-2020,14:45,61054,7,205
06-19-2020,14:45,61061,10,289
06-19-2020,14:45,61063,9,237
06-19-2020,14:45,61064,10,150
06-19-2020,14:45,61065,65,749
06-19-2020,14:45,61068,147,1405
06-19-2020,14:45,61071,40,457
06-19-2020,14:45,61072,37,608
06-19-2020,14:45,61073,70,1158
06-19-2020,14:45,61080,53,552
06-19-2020,14:45,61081,84,905
06-19-2020,14:45,61084,9,124
06-19-2020,14:45,61085,7,135
06-19-2020,14:45,61088,11,343
06-19-2020,14:45,61101,323,2666
06-19-2020,14:45,61102,276,2209
06-19-2020,14:45,61103,309,3067
06-19-2020,14:45,61104,311,1965
06-19-2020,14:45,61107,263,3040
06-19-2020,14:45,61108,407,3281
06-19-2020,14:45,61109,292,2678
06-19-2020,14:45,61111,106,1910
06-19-2020,14:45,61114,114,1585
06-19-2020,14:45,61115,135,1733
06-19-2020,14:45,61201,219,2643
06-19-2020,14:45,61235,8,105
06-19-2020,14:45,61239,8,70
06-19-2020,14:45,61240,12,337
06-19-2020,14:45,61241,17,398
06-19-2020,14:45,61244,201,2084
06-19-2020,14:45,61252,25,233
06-19-2020,14:45,61254,9,571
06-19-2020,14:45,61256,6,103
06-19-2020,14:45,61264,25,607
06-19-2020,14:45,61265,229,3092
06-19-2020,14:45,61270,8,214
06-19-2020,14:45,61275,10,202
06-19-2020,14:45,61282,47,642
06-19-2020,14:45,61314,6,34
06-19-2020,14:45,61341,44,661
06-19-2020,14:45,61342,21,372
06-19-2020,14:45,61350,27,1095
06-19-2020,14:45,61354,6,549
06-19-2020,14:45,61356,6,570
06-19-2020,14:45,61360,6,101
06-19-2020,14:45,61364,7,963
06-19-2020,14:45,61401,101,1885
06-19-2020,14:45,61410,6,123
06-19-2020,14:45,61443,19,562
06-19-2020,14:45,61455,86,1177
06-19-2020,14:45,61462,114,740
06-19-2020,14:45,61469,7,120
06-19-2020,14:45,61525,10,542
06-19-2020,14:45,61547,8,230
06-19-2020,14:45,61548,12,595
06-19-2020,14:45,61550,11,1253
06-19-2020,14:45,61554,32,2938
06-19-2020,14:45,61568,6,211
06-19-2020,14:45,61571,23,1599
06-19-2020,14:45,61602,6,155
06-19-2020,14:45,61603,75,1602
06-19-2020,14:45,61604,72,2739
06-19-2020,14:45,61605,60,1343
06-19-2020,14:45,61606,6,375
06-19-2020,14:45,61607,7,659
06-19-2020,14:45,61610,7,330
06-19-2020,14:45,61611,21,1705
06-19-2020,14:45,61614,123,2634
06-19-2020,14:45,61615,33,1817
06-19-2020,14:45,61701,59,2991
06-19-2020,14:45,61704,82,2272
06-19-2020,14:45,61705,16,915
06-19-2020,14:45,61729,6,68
06-19-2020,14:45,61739,6,375
06-19-2020,14:45,61761,65,2722
06-19-2020,14:45,61764,18,784
06-19-2020,14:45,61801,47,2410
06-19-2020,14:45,61802,123,2744
06-19-2020,14:45,61820,125,2567
06-19-2020,14:45,61821,139,3897
06-19-2020,14:45,61822,59,2667
06-19-2020,14:45,61832,28,1666
06-19-2020,14:45,61853,21,1311
06-19-2020,14:45,61856,7,572
06-19-2020,14:45,61866,182,2100
06-19-2020,14:45,61873,6,491
06-19-2020,14:45,61874,35,1263
06-19-2020,14:45,61880,9,385
06-19-2020,14:45,61910,11,332
06-19-2020,14:45,61911,7,147
06-19-2020,14:45,61920,93,1774
06-19-2020,14:45,61938,42,1904
06-19-2020,14:45,61944,6,461
06-19-2020,14:45,61951,8,359
06-19-2020,14:45,61953,15,450
06-19-2020,14:45,62002,129,1221
06-19-2020,14:45,62010,38,277
06-19-2020,14:45,62012,12,249
06-19-2020,14:45,62018,10,117
06-19-2020,14:45,62024,12,295
06-19-2020,14:45,62025,119,1093
06-19-2020,14:45,62034,75,818
06-19-2020,14:45,62035,27,486
06-19-2020,14:45,62040,117,1641
06-19-2020,14:45,62049,7,672
06-19-2020,14:45,62052,17,239
06-19-2020,14:45,62056,14,745
06-19-2020,14:45,62059,7,39
06-19-2020,14:45,62060,41,223
06-19-2020,14:45,62062,12,900
06-19-2020,14:45,62069,9,148
06-19-2020,14:45,62088,8,566
06-19-2020,14:45,62090,13,42
06-19-2020,14:45,62095,27,344
06-19-2020,14:45,62201,52,316
06-19-2020,14:45,62203,56,448
06-19-2020,14:45,62204,59,449
06-19-2020,14:45,62205,67,552
06-19-2020,14:45,62206,152,930
06-19-2020,14:45,62207,101,509
06-19-2020,14:45,62208,91,824
06-19-2020,14:45,62220,156,893
06-19-2020,14:45,62221,150,1066
06-19-2020,14:45,62223,65,740
06-19-2020,14:45,62226,193,1366
06-19-2020,14:45,62230,24,401
06-19-2020,14:45,62231,85,595
06-19-2020,14:45,62232,31,643
06-19-2020,14:45,62233,101,698
06-19-2020,14:45,62234,123,1384
06-19-2020,14:45,62236,45,243
06-19-2020,14:45,62237,6,268
06-19-2020,14:45,62238,6,47
06-19-2020,14:45,62239,17,125
06-19-2020,14:45,62241,6,57
06-19-2020,14:45,62242,6,47
06-19-2020,14:45,62243,9,129
06-19-2020,14:45,62246,7,341
06-19-2020,14:45,62249,18,555
06-19-2020,14:45,62254,81,457
06-19-2020,14:45,62255,6,43
06-19-2020,14:45,62257,13,131
06-19-2020,14:45,62258,17,394
06-19-2020,14:45,62260,12,147
06-19-2020,14:45,62264,54,123
06-19-2020,14:45,62265,40,643
06-19-2020,14:45,62269,94,1065
06-19-2020,14:45,62272,50,178
06-19-2020,14:45,62274,10,255
06-19-2020,14:45,62278,15,241
06-19-2020,14:45,62285,19,103
06-19-2020,14:45,62286,51,463
06-19-2020,14:45,62288,33,274
06-19-2020,14:45,62293,9,234
06-19-2020,14:45,62294,25,455
06-19-2020,14:45,62295,10,45
06-19-2020,14:45,62298,57,801
06-19-2020,14:45,62301,22,3313
06-19-2020,14:45,62305,18,438
06-19-2020,14:45,62353,7,367
06-19-2020,14:45,62427,6,57
06-19-2020,14:45,62428,7,172
06-19-2020,14:45,62441,9,307
06-19-2020,14:45,62448,37,505
06-19-2020,14:45,62454,9,301
06-19-2020,14:45,62471,17,556
06-19-2020,14:45,62474,6,60
06-19-2020,14:45,62521,112,2039
06-19-2020,14:45,62522,38,607
06-19-2020,14:45,62526,52,1663
06-19-2020,14:45,62560,7,120
06-19-2020,14:45,62561,6,472
06-19-2020,14:45,62563,6,501
06-19-2020,14:45,62565,14,880
06-19-2020,14:45,62568,32,897
06-19-2020,14:45,62618,72,761
06-19-2020,14:45,62629,15,1255
06-19-2020,14:45,62650,95,2106
06-19-2020,14:45,62656,11,1814
06-19-2020,14:45,62664,11,318
06-19-2020,14:45,62675,12,642
06-19-2020,14:45,62681,12,373
06-19-2020,14:45,62684,71,845
06-19-2020,14:45,62691,19,204
06-19-2020,14:45,62692,8,194
06-19-2020,14:45,62702,78,4742
06-19-2020,14:45,62703,70,3401
06-19-2020,14:45,62704,55,3978
06-19-2020,14:45,62707,19,1115
06-19-2020,14:45,62711,30,1812
06-19-2020,14:45,62712,6,932
06-19-2020,14:45,62801,65,1775
06-19-2020,14:45,62832,16,516
06-19-2020,14:45,62837,7,500
06-19-2020,14:45,62863,14,379
06-19-2020,14:45,62864,85,1465
06-19-2020,14:45,62882,14,178
06-19-2020,14:45,62901,166,2245
06-19-2020,14:45,62902,19,305
06-19-2020,14:45,62906,88,909
06-19-2020,14:45,62907,20,125
06-19-2020,14:45,62912,8,70
06-19-2020,14:45,62914,6,233
06-19-2020,14:45,62918,15,647
06-19-2020,14:45,62920,69,405
06-19-2020,14:45,62939,10,173
06-19-2020,14:45,62946,6,507
06-19-2020,14:45,62948,19,823
06-19-2020,14:45,62951,6,265
06-19-2020,14:45,62952,10,201
06-19-2020,14:45,62959,40,1780
06-19-2020,14:45,62966,100,1295
06-19-2020,14:45,62992,52,185
06-18-2020,14:45,60002,111,1250
06-18-2020,14:45,60004,346,6272
06-18-2020,14:45,60005,190,2855
06-18-2020,14:45,60007,358,2589
06-18-2020,14:45,60008,340,3387
06-18-2020,14:45,60010,134,2241
06-18-2020,14:45,60012,86,602
06-18-2020,14:45,60013,93,1115
06-18-2020,14:45,60014,293,2891
06-18-2020,14:45,60015,184,1858
06-18-2020,14:45,60016,1049,6384
06-18-2020,14:45,60018,647,3547
06-18-2020,14:45,60020,40,771
06-18-2020,14:45,60021,22,259
06-18-2020,14:45,60022,27,509
06-18-2020,14:45,60025,365,3668
06-18-2020,14:45,60026,147,1428
06-18-2020,14:45,60029,8,77
06-18-2020,14:45,60030,185,2416
06-18-2020,14:45,60031,349,3152
06-18-2020,14:45,60033,204,1114
06-18-2020,14:45,60035,264,2826
06-18-2020,14:45,60040,180,638
06-18-2020,14:45,60041,48,597
06-18-2020,14:45,60042,38,424
06-18-2020,14:45,60043,19,202
06-18-2020,14:45,60044,102,1008
06-18-2020,14:45,60045,121,1517
06-18-2020,14:45,60046,204,2067
06-18-2020,14:45,60047,391,2868
06-18-2020,14:45,60048,146,1724
06-18-2020,14:45,60050,223,2136
06-18-2020,14:45,60051,126,1442
06-18-2020,14:45,60053,292,2209
06-18-2020,14:45,60056,634,4436
06-18-2020,14:45,60060,438,2588
06-18-2020,14:45,60061,178,2007
06-18-2020,14:45,60062,318,3763
06-18-2020,14:45,60064,650,1952
06-18-2020,14:45,60067,227,3532
06-18-2020,14:45,60068,305,2903
06-18-2020,14:45,60069,89,1130
06-18-2020,14:45,60070,256,1548
06-18-2020,14:45,60071,14,206
06-18-2020,14:45,60073,1045,5578
06-18-2020,14:45,60074,458,3084
06-18-2020,14:45,60076,499,3791
06-18-2020,14:45,60077,403,2878
06-18-2020,14:45,60079,12,57
06-18-2020,14:45,60081,41,476
06-18-2020,14:45,60083,99,871
06-18-2020,14:45,60084,186,1032
06-18-2020,14:45,60085,2393,9327
06-18-2020,14:45,60087,660,3560
06-18-2020,14:45,60088,62,483
06-18-2020,14:45,60089,288,2784
06-18-2020,14:45,60090,805,4085
06-18-2020,14:45,60091,157,1870
06-18-2020,14:45,60093,171,1626
06-18-2020,14:45,60096,39,417
06-18-2020,14:45,60097,40,609
06-18-2020,14:45,60098,314,2437
06-18-2020,14:45,60099,573,3125
06-18-2020,14:45,60101,801,3936
06-18-2020,14:45,60102,160,1827
06-18-2020,14:45,60103,283,2906
06-18-2020,14:45,60104,415,2438
06-18-2020,14:45,60106,517,2708
06-18-2020,14:45,60107,646,3855
06-18-2020,14:45,60108,323,2914
06-18-2020,14:45,60109,11,315
06-18-2020,14:45,60110,710,3099
06-18-2020,14:45,60112,28,318
06-18-2020,14:45,60115,283,3257
06-18-2020,14:45,60118,83,957
06-18-2020,14:45,60119,38,609
06-18-2020,14:45,60120,1338,5519
06-18-2020,14:45,60123,854,5086
06-18-2020,14:45,60124,120,1460
06-18-2020,14:45,60126,268,3538
06-18-2020,14:45,60130,153,2319
06-18-2020,14:45,60131,351,2018
06-18-2020,14:45,60133,749,4031
06-18-2020,14:45,60134,158,1718
06-18-2020,14:45,60135,35,485
06-18-2020,14:45,60136,55,465
06-18-2020,14:45,60137,153,2405
06-18-2020,14:45,60139,644,3499
06-18-2020,14:45,60140,95,1105
06-18-2020,14:45,60141,24,659
06-18-2020,14:45,60142,106,1693
06-18-2020,14:45,60143,188,1130
06-18-2020,14:45,60145,6,115
06-18-2020,14:45,60146,8,166
06-18-2020,14:45,60148,382,3906
06-18-2020,14:45,60151,18,256
06-18-2020,14:45,60152,80,681
06-18-2020,14:45,60153,509,2862
06-18-2020,14:45,60154,205,1999
06-18-2020,14:45,60155,170,907
06-18-2020,14:45,60156,162,1546
06-18-2020,14:45,60157,12,162
06-18-2020,14:45,60160,749,3419
06-18-2020,14:45,60162,161,1207
06-18-2020,14:45,60163,91,566
06-18-2020,14:45,60164,520,3631
06-18-2020,14:45,60165,183,636
06-18-2020,14:45,60169,380,2786
06-18-2020,14:45,60171,124,991
06-18-2020,14:45,60172,236,1885
06-18-2020,14:45,60173,107,763
06-18-2020,14:45,60174,169,2469
06-18-2020,14:45,60175,97,1392
06-18-2020,14:45,60176,151,950
06-18-2020,14:45,60177,261,1623
06-18-2020,14:45,60178,63,1323
06-18-2020,14:45,60181,261,2214
06-18-2020,14:45,60184,9,133
06-18-2020,14:45,60185,753,3710
06-18-2020,14:45,60187,135,2113
06-18-2020,14:45,60188,488,3485
06-18-2020,14:45,60189,111,1781
06-18-2020,14:45,60190,52,839
06-18-2020,14:45,60191,222,1304
06-18-2020,14:45,60192,58,831
06-18-2020,14:45,60193,264,2960
06-18-2020,14:45,60194,167,1743
06-18-2020,14:45,60195,18,246
06-18-2020,14:45,60201,326,4274
06-18-2020,14:45,60202,440,3386
06-18-2020,14:45,60203,34,426
06-18-2020,14:45,60301,27,292
06-18-2020,14:45,60302,219,3099
06-18-2020,14:45,60304,79,1313
06-18-2020,14:45,60305,55,791
06-18-2020,14:45,60401,39,850
06-18-2020,14:45,60402,1429,7903
06-18-2020,14:45,60403,208,1956
06-18-2020,14:45,60404,119,1671
06-18-2020,14:45,60406,506,3335
06-18-2020,14:45,60408,20,369
06-18-2020,14:45,60409,604,4709
06-18-2020,14:45,60410,53,844
06-18-2020,14:45,60411,926,7094
06-18-2020,14:45,60415,195,1522
06-18-2020,14:45,60416,13,401
06-18-2020,14:45,60417,162,1635
06-18-2020,14:45,60418,116,623
06-18-2020,14:45,60419,400,3136
06-18-2020,14:45,60420,7,283
06-18-2020,14:45,60421,13,241
06-18-2020,14:45,60422,83,1062
06-18-2020,14:45,60423,147,1923
06-18-2020,14:45,60425,173,1567
06-18-2020,14:45,60426,477,3609
06-18-2020,14:45,60428,216,1688
06-18-2020,14:45,60429,233,2461
06-18-2020,14:45,60430,278,2347
06-18-2020,14:45,60431,225,2523
06-18-2020,14:45,60432,453,2355
06-18-2020,14:45,60433,311,1865
06-18-2020,14:45,60434,163,250
06-18-2020,14:45,60435,694,5966
06-18-2020,14:45,60436,254,2134
06-18-2020,14:45,60438,402,2992
06-18-2020,14:45,60439,102,1507
06-18-2020,14:45,60440,887,6888
06-18-2020,14:45,60441,218,2189
06-18-2020,14:45,60442,45,578
06-18-2020,14:45,60443,366,2737
06-18-2020,14:45,60445,159,1690
06-18-2020,14:45,60446,539,4292
06-18-2020,14:45,60447,57,897
06-18-2020,14:45,60448,137,1357
06-18-2020,14:45,60449,72,830
06-18-2020,14:45,60450,55,1050
06-18-2020,14:45,60451,122,1868
06-18-2020,14:45,60452,244,2269
06-18-2020,14:45,60453,789,5551
06-18-2020,14:45,60455,307,1744
06-18-2020,14:45,60456,54,399
06-18-2020,14:45,60457,129,1035
06-18-2020,14:45,60458,144,1229
06-18-2020,14:45,60459,427,2778
06-18-2020,14:45,60461,59,647
06-18-2020,14:45,60462,330,3019
06-18-2020,14:45,60463,248,1318
06-18-2020,14:45,60464,49,693
06-18-2020,14:45,60465,255,1362
06-18-2020,14:45,60466,500,3403
06-18-2020,14:45,60467,177,1572
06-18-2020,14:45,60468,35,392
06-18-2020,14:45,60469,88,666
06-18-2020,14:45,60471,220,1617
06-18-2020,14:45,60472,71,657
06-18-2020,14:45,60473,416,3519
06-18-2020,14:45,60475,80,868
06-18-2020,14:45,60476,19,230
06-18-2020,14:45,60477,253,2775
06-18-2020,14:45,60478,332,2788
06-18-2020,14:45,60480,36,471
06-18-2020,14:45,60481,29,886
06-18-2020,14:45,60482,106,781
06-18-2020,14:45,60484,115,788
06-18-2020,14:45,60487,151,1638
06-18-2020,14:45,60490,142,1844
06-18-2020,14:45,60491,149,1252
06-18-2020,14:45,60501,299,1396
06-18-2020,14:45,60502,101,1393
06-18-2020,14:45,60503,65,965
06-18-2020,14:45,60504,351,2977
06-18-2020,14:45,60505,2002,9069
06-18-2020,14:45,60506,1116,7075
06-18-2020,14:45,60510,108,2098
06-18-2020,14:45,60513,167,2148
06-18-2020,14:45,60514,48,746
06-18-2020,14:45,60515,100,1680
06-18-2020,14:45,60516,123,1849
06-18-2020,14:45,60517,227,2602
06-18-2020,14:45,60520,10,170
06-18-2020,14:45,60521,182,1510
06-18-2020,14:45,60523,106,974
06-18-2020,14:45,60525,302,3542
06-18-2020,14:45,60526,84,1961
06-18-2020,14:45,60527,238,2915
06-18-2020,14:45,60532,131,2153
06-18-2020,14:45,60534,178,1217
06-18-2020,14:45,60538,315,2408
06-18-2020,14:45,60540,143,2772
06-18-2020,14:45,60541,9,141
06-18-2020,14:45,60542,184,1626
06-18-2020,14:45,60543,277,2784
06-18-2020,14:45,60544,180,2490
06-18-2020,14:45,60545,152,1257
06-18-2020,14:45,60546,168,2617
06-18-2020,14:45,60548,83,1032
06-18-2020,14:45,60551,24,186
06-18-2020,14:45,60552,9,247
06-18-2020,14:45,60554,43,792
06-18-2020,14:45,60555,133,1121
06-18-2020,14:45,60558,47,918
06-18-2020,14:45,60559,322,2282
06-18-2020,14:45,60560,109,1566
06-18-2020,14:45,60561,127,1803
06-18-2020,14:45,60563,185,2804
06-18-2020,14:45,60564,165,2494
06-18-2020,14:45,60565,197,2366
06-18-2020,14:45,60585,103,1545
06-18-2020,14:45,60586,369,3838
06-18-2020,14:45,60601,75,1038
06-18-2020,14:45,60602,15,220
06-18-2020,14:45,60603,8,118
06-18-2020,14:45,60604,22,164
06-18-2020,14:45,60605,194,2410
06-18-2020,14:45,60606,36,873
06-18-2020,14:45,60607,448,2736
06-18-2020,14:45,60608,1777,8540
06-18-2020,14:45,60609,1805,7824
06-18-2020,14:45,60610,268,3584
06-18-2020,14:45,60611,160,3718
06-18-2020,14:45,60612,716,5124
06-18-2020,14:45,60613,393,3958
06-18-2020,14:45,60614,516,5859
06-18-2020,14:45,60615,397,4492
06-18-2020,14:45,60616,461,5383
06-18-2020,14:45,60617,1164,9722
06-18-2020,14:45,60618,1340,9144
06-18-2020,14:45,60619,933,9570
06-18-2020,14:45,60620,1142,9060
06-18-2020,14:45,60621,558,3816
06-18-2020,14:45,60622,646,5177
06-18-2020,14:45,60623,3377,11144
06-18-2020,14:45,60624,870,4699
06-18-2020,14:45,60625,1464,8127
06-18-2020,14:45,60626,1079,6826
06-18-2020,14:45,60628,1110,7964
06-18-2020,14:45,60629,3331,13354
06-18-2020,14:45,60630,820,5508
06-18-2020,14:45,60631,314,3963
06-18-2020,14:45,60632,3143,10859
06-18-2020,14:45,60633,272,2084
06-18-2020,14:45,60634,1476,10295
06-18-2020,14:45,60636,739,3926
06-18-2020,14:45,60637,644,6258
06-18-2020,14:45,60638,1126,6699
06-18-2020,14:45,60639,3358,13403
06-18-2020,14:45,60640,829,7110
06-18-2020,14:45,60641,1531,8689
06-18-2020,14:45,60642,169,1850
06-18-2020,14:45,60643,737,6366
06-18-2020,14:45,60644,1274,6868
06-18-2020,14:45,60645,1099,5792
06-18-2020,14:45,60646,382,3281
06-18-2020,14:45,60647,1388,8742
06-18-2020,14:45,60649,822,6299
06-18-2020,14:45,60651,1773,8099
06-18-2020,14:45,60652,962,5108
06-18-2020,14:45,60653,545,5050
06-18-2020,14:45,60654,142,1524
06-18-2020,14:45,60655,272,3541
06-18-2020,14:45,60656,285,2934
06-18-2020,14:45,60657,361,5396
06-18-2020,14:45,60659,771,3885
06-18-2020,14:45,60660,444,3486
06-18-2020,14:45,60661,43,683
06-18-2020,14:45,60680,6,96
06-18-2020,14:45,60706,355,3443
06-18-2020,14:45,60707,788,5304
06-18-2020,14:45,60712,170,1537
06-18-2020,14:45,60714,840,4080
06-18-2020,14:45,60803,263,1990
06-18-2020,14:45,60804,2955,11492
06-18-2020,14:45,60805,232,1819
06-18-2020,14:45,60827,373,2816
06-18-2020,14:45,60901,630,4561
06-18-2020,14:45,60911,10,112
06-18-2020,14:45,60912,6,44
06-18-2020,14:45,60913,7,90
06-18-2020,14:45,60914,183,2679
06-18-2020,14:45,60915,72,1167
06-18-2020,14:45,60919,6,39
06-18-2020,14:45,60922,12,203
06-18-2020,14:45,60927,52,376
06-18-2020,14:45,60928,7,48
06-18-2020,14:45,60930,6,50
06-18-2020,14:45,60938,6,124
06-18-2020,14:45,60940,7,219
06-18-2020,14:45,60941,6,126
06-18-2020,14:45,60950,104,1605
06-18-2020,14:45,60954,36,814
06-18-2020,14:45,60955,13,115
06-18-2020,14:45,60957,8,351
06-18-2020,14:45,60958,22,203
06-18-2020,14:45,60964,36,425
06-18-2020,14:45,60970,13,497
06-18-2020,14:45,61008,447,3075
06-18-2020,14:45,61010,16,328
06-18-2020,14:45,61011,10,139
06-18-2020,14:45,61012,20,154
06-18-2020,14:45,61016,42,405
06-18-2020,14:45,61019,6,147
06-18-2020,14:45,61020,14,205
06-18-2020,14:45,61021,84,1342
06-18-2020,14:45,61032,205,2657
06-18-2020,14:45,61036,11,332
06-18-2020,14:45,61041,6,22
06-18-2020,14:45,61054,7,205
06-18-2020,14:45,61061,10,286
06-18-2020,14:45,61063,9,229
06-18-2020,14:45,61064,10,147
06-18-2020,14:45,61065,64,737
06-18-2020,14:45,61068,147,1399
06-18-2020,14:45,61071,39,450
06-18-2020,14:45,61072,38,590
06-18-2020,14:45,61073,70,1138
06-18-2020,14:45,61080,53,543
06-18-2020,14:45,61081,82,889
06-18-2020,14:45,61084,9,121
06-18-2020,14:45,61085,7,132
06-18-2020,14:45,61088,11,339
06-18-2020,14:45,61101,320,2627
06-18-2020,14:45,61102,275,2175
06-18-2020,14:45,61103,306,3024
06-18-2020,14:45,61104,308,1935
06-18-2020,14:45,61107,260,3002
06-18-2020,14:45,61108,406,3203
06-18-2020,14:45,61109,291,2649
06-18-2020,14:45,61111,107,1885
06-18-2020,14:45,61114,114,1576
06-18-2020,14:45,61115,135,1703
06-18-2020,14:45,61201,219,2596
06-18-2020,14:45,61235,8,104
06-18-2020,14:45,61239,8,66
06-18-2020,14:45,61240,12,328
06-18-2020,14:45,61241,17,392
06-18-2020,14:45,61244,200,2035
06-18-2020,14:45,61252,24,231
06-18-2020,14:45,61254,8,556
06-18-2020,14:45,61256,6,101
06-18-2020,14:45,61264,25,587
06-18-2020,14:45,61265,227,3010
06-18-2020,14:45,61270,8,212
06-18-2020,14:45,61275,10,196
06-18-2020,14:45,61282,47,617
06-18-2020,14:45,61314,6,34
06-18-2020,14:45,61341,45,651
06-18-2020,14:45,61342,21,365
06-18-2020,14:45,61350,27,1048
06-18-2020,14:45,61354,6,476
06-18-2020,14:45,61356,6,558
06-18-2020,14:45,61360,6,97
06-18-2020,14:45,61364,7,948
06-18-2020,14:45,61401,101,1870
06-18-2020,14:45,61410,6,122
06-18-2020,14:45,61443,19,555
06-18-2020,14:45,61455,85,1147
06-18-2020,14:45,61462,114,733
06-18-2020,14:45,61469,7,120
06-18-2020,14:45,61525,10,525
06-18-2020,14:45,61547,6,222
06-18-2020,14:45,61548,11,574
06-18-2020,14:45,61550,11,1232
06-18-2020,14:45,61554,30,2857
06-18-2020,14:45,61571,22,1552
06-18-2020,14:45,61603,72,1566
06-18-2020,14:45,61604,70,2604
06-18-2020,14:45,61605,61,1298
06-18-2020,14:45,61606,6,358
06-18-2020,14:45,61607,6,641
06-18-2020,14:45,61610,7,328
06-18-2020,14:45,61611,21,1676
06-18-2020,14:45,61614,123,2591
06-18-2020,14:45,61615,33,1786
06-18-2020,14:45,61701,59,2934
06-18-2020,14:45,61704,82,2234
06-18-2020,14:45,61705,16,905
06-18-2020,14:45,61729,6,65
06-18-2020,14:45,61739,6,373
06-18-2020,14:45,61761,65,2671
06-18-2020,14:45,61764,18,778
06-18-2020,14:45,61801,47,2330
06-18-2020,14:45,61802,122,2603
06-18-2020,14:45,61820,125,2482
06-18-2020,14:45,61821,138,3764
06-18-2020,14:45,61822,59,2570
06-18-2020,14:45,61832,28,1616
06-18-2020,14:45,61853,20,1286
06-18-2020,14:45,61856,8,558
06-18-2020,14:45,61866,182,2061
06-18-2020,14:45,61873,6,476
06-18-2020,14:45,61874,34,1221
06-18-2020,14:45,61880,9,374
06-18-2020,14:45,61910,10,330
06-18-2020,14:45,61911,6,145
06-18-2020,14:45,61920,93,1731
06-18-2020,14:45,61938,42,1768
06-18-2020,14:45,61951,8,348
06-18-2020,14:45,61953,15,433
06-18-2020,14:45,62002,129,1200
06-18-2020,14:45,62010,38,265
06-18-2020,14:45,62012,12,246
06-18-2020,14:45,62018,10,115
06-18-2020,14:45,62024,12,283
06-18-2020,14:45,62025,119,1071
06-18-2020,14:45,62034,75,749
06-18-2020,14:45,62035,27,462
06-18-2020,14:45,62040,117,1465
06-18-2020,14:45,62049,6,663
06-18-2020,14:45,62052,17,237
06-18-2020,14:45,62056,14,671
06-18-2020,14:45,62059,7,37
06-18-2020,14:45,62060,41,220
06-18-2020,14:45,62062,12,888
06-18-2020,14:45,62069,9,144
06-18-2020,14:45,62088,7,563
06-18-2020,14:45,62090,13,39
06-18-2020,14:45,62095,27,334
06-18-2020,14:45,62201,45,293
06-18-2020,14:45,62203,55,439
06-18-2020,14:45,62204,59,431
06-18-2020,14:45,62205,65,539
06-18-2020,14:45,62206,150,897
06-18-2020,14:45,62207,101,495
06-18-2020,14:45,62208,89,809
06-18-2020,14:45,62220,155,883
06-18-2020,14:45,62221,148,1040
06-18-2020,14:45,62223,65,730
06-18-2020,14:45,62226,191,1345
06-18-2020,14:45,62230,23,401
06-18-2020,14:45,62231,86,589
06-18-2020,14:45,62232,31,619
06-18-2020,14:45,62233,101,694
06-18-2020,14:45,62234,112,1335
06-18-2020,14:45,62236,45,239
06-18-2020,14:45,62237,6,265
06-18-2020,14:45,62238,6,47
06-18-2020,14:45,62239,17,122
06-18-2020,14:45,62241,6,57
06-18-2020,14:45,62242,6,47
06-18-2020,14:45,62243,8,123
06-18-2020,14:45,62246,7,333
06-18-2020,14:45,62249,18,539
06-18-2020,14:45,62254,80,438
06-18-2020,14:45,62255,6,42
06-18-2020,14:45,62257,13,131
06-18-2020,14:45,62258,17,384
06-18-2020,14:45,62260,12,143
06-18-2020,14:45,62264,53,119
06-18-2020,14:45,62265,40,639
06-18-2020,14:45,62269,92,1042
06-18-2020,14:45,62272,50,175
06-18-2020,14:45,62274,10,253
06-18-2020,14:45,62278,16,239
06-18-2020,14:45,62285,19,99
06-18-2020,14:45,62286,51,462
06-18-2020,14:45,62288,33,271
06-18-2020,14:45,62293,9,227
06-18-2020,14:45,62294,24,441
06-18-2020,14:45,62295,10,45
06-18-2020,14:45,62298,56,786
06-18-2020,14:45,62301,22,3295
06-18-2020,14:45,62305,17,422
06-18-2020,14:45,62353,7,363
06-18-2020,14:45,62427,6,55
06-18-2020,14:45,62428,7,169
06-18-2020,14:45,62441,9,295
06-18-2020,14:45,62448,37,483
06-18-2020,14:45,62454,9,261
06-18-2020,14:45,62471,17,524
06-18-2020,14:45,62474,6,59
06-18-2020,14:45,62521,111,1956
06-18-2020,14:45,62522,38,579
06-18-2020,14:45,62526,52,1619
06-18-2020,14:45,62560,7,113
06-18-2020,14:45,62561,6,453
06-18-2020,14:45,62563,6,484
06-18-2020,14:45,62565,14,660
06-18-2020,14:45,62568,32,860
06-18-2020,14:45,62618,69,739
06-18-2020,14:45,62629,15,1217
06-18-2020,14:45,62650,94,1974
06-18-2020,14:45,62656,10,1776
06-18-2020,14:45,62664,11,314
06-18-2020,14:45,62675,12,620
06-18-2020,14:45,62681,12,365
06-18-2020,14:45,62684,71,830
06-18-2020,14:45,62691,6,150
06-18-2020,14:45,62692,8,189
06-18-2020,14:45,62702,76,4549
06-18-2020,14:45,62703,69,3293
06-18-2020,14:45,62704,54,3843
06-18-2020,14:45,62707,19,1008
06-18-2020,14:45,62711,29,1726
06-18-2020,14:45,62712,6,891
06-18-2020,14:45,62801,65,1708
06-18-2020,14:45,62832,16,506
06-18-2020,14:45,62837,7,495
06-18-2020,14:45,62863,13,375
06-18-2020,14:45,62864,85,1418
06-18-2020,14:45,62882,14,171
06-18-2020,14:45,62901,166,2146
06-18-2020,14:45,62902,19,297
06-18-2020,14:45,62906,79,876
06-18-2020,14:45,62907,20,122
06-18-2020,14:45,62912,8,70
06-18-2020,14:45,62914,6,170
06-18-2020,14:45,62918,15,628
06-18-2020,14:45,62920,69,402
06-18-2020,14:45,62939,10,166
06-18-2020,14:45,62946,6,467
06-18-2020,14:45,62948,19,798
06-18-2020,14:45,62951,6,258
06-18-2020,14:45,62952,10,197
06-18-2020,14:45,62959,40,1750
06-18-2020,14:45,62966,100,1268
06-18-2020,14:45,62992,52,182
06-17-2020,14:45,60002,110,1235
06-17-2020,14:45,60004,341,6168
06-17-2020,14:45,60005,190,2813
06-17-2020,14:45,60007,355,2534
06-17-2020,14:45,60008,337,3326
06-17-2020,14:45,60010,132,2164
06-17-2020,14:45,60012,86,595
06-17-2020,14:45,60013,93,1102
06-17-2020,14:45,60014,290,2852
06-17-2020,14:45,60015,184,1823
06-17-2020,14:45,60016,1042,6276
06-17-2020,14:45,60018,641,3491
06-17-2020,14:45,60020,40,759
06-17-2020,14:45,60021,22,254
06-17-2020,14:45,60022,27,486
06-17-2020,14:45,60025,363,3573
06-17-2020,14:45,60026,147,1402
06-17-2020,14:45,60029,8,74
06-17-2020,14:45,60030,181,2375
06-17-2020,14:45,60031,345,3102
06-17-2020,14:45,60033,202,1100
06-17-2020,14:45,60035,264,2765
06-17-2020,14:45,60040,177,618
06-17-2020,14:45,60041,48,582
06-17-2020,14:45,60042,38,418
06-17-2020,14:45,60043,19,201
06-17-2020,14:45,60044,103,994
06-17-2020,14:45,60045,118,1476
06-17-2020,14:45,60046,204,2043
06-17-2020,14:45,60047,390,2785
06-17-2020,14:45,60048,147,1691
06-17-2020,14:45,60050,223,2102
06-17-2020,14:45,60051,125,1416
06-17-2020,14:45,60053,292,2186
06-17-2020,14:45,60056,626,4337
06-17-2020,14:45,60060,434,2540
06-17-2020,14:45,60061,178,1987
06-17-2020,14:45,60062,318,3672
06-17-2020,14:45,60064,649,1932
06-17-2020,14:45,60067,225,3405
06-17-2020,14:45,60068,304,2837
06-17-2020,14:45,60069,89,1097
06-17-2020,14:45,60070,254,1526
06-17-2020,14:45,60071,14,201
06-17-2020,14:45,60073,1039,5512
06-17-2020,14:45,60074,452,3020
06-17-2020,14:45,60076,497,3747
06-17-2020,14:45,60077,400,2835
06-17-2020,14:45,60079,12,57
06-17-2020,14:45,60081,41,467
06-17-2020,14:45,60083,99,856
06-17-2020,14:45,60084,184,1019
06-17-2020,14:45,60085,2388,9192
06-17-2020,14:45,60087,658,3522
06-17-2020,14:45,60088,61,477
06-17-2020,14:45,60089,284,2591
06-17-2020,14:45,60090,797,4015
06-17-2020,14:45,60091,157,1824
06-17-2020,14:45,60093,172,1573
06-17-2020,14:45,60096,39,415
06-17-2020,14:45,60097,40,601
06-17-2020,14:45,60098,311,2401
06-17-2020,14:45,60099,572,3086
06-17-2020,14:45,60101,798,3870
06-17-2020,14:45,60102,157,1785
06-17-2020,14:45,60103,282,2856
06-17-2020,14:45,60104,409,2408
06-17-2020,14:45,60106,515,2506
06-17-2020,14:45,60107,645,3805
06-17-2020,14:45,60108,322,2879
06-17-2020,14:45,60109,11,315
06-17-2020,14:45,60110,708,3063
06-17-2020,14:45,60112,28,311
06-17-2020,14:45,60115,280,3209
06-17-2020,14:45,60118,83,942
06-17-2020,14:45,60119,38,588
06-17-2020,14:45,60120,1332,5455
06-17-2020,14:45,60123,843,5003
06-17-2020,14:45,60124,119,1441
06-17-2020,14:45,60126,265,3437
06-17-2020,14:45,60130,151,2285
06-17-2020,14:45,60131,351,1991
06-17-2020,14:45,60133,748,3990
06-17-2020,14:45,60134,156,1651
06-17-2020,14:45,60135,35,471
06-17-2020,14:45,60136,55,460
06-17-2020,14:45,60137,151,2332
06-17-2020,14:45,60139,644,3454
06-17-2020,14:45,60140,95,1084
06-17-2020,14:45,60141,25,626
06-17-2020,14:45,60142,104,1661
06-17-2020,14:45,60143,186,1110
06-17-2020,14:45,60145,6,112
06-17-2020,14:45,60146,8,164
06-17-2020,14:45,60148,381,3829
06-17-2020,14:45,60151,18,254
06-17-2020,14:45,60152,80,665
06-17-2020,14:45,60153,507,2831
06-17-2020,14:45,60154,204,1966
06-17-2020,14:45,60155,170,899
06-17-2020,14:45,60156,160,1520
06-17-2020,14:45,60157,12,160
06-17-2020,14:45,60160,746,3392
06-17-2020,14:45,60162,161,1194
06-17-2020,14:45,60163,91,559
06-17-2020,14:45,60164,522,3589
06-17-2020,14:45,60165,183,635
06-17-2020,14:45,60169,375,2735
06-17-2020,14:45,60171,124,983
06-17-2020,14:45,60172,236,1843
06-17-2020,14:45,60173,106,747
06-17-2020,14:45,60174,169,2418
06-17-2020,14:45,60175,95,1347
06-17-2020,14:45,60176,151,939
06-17-2020,14:45,60177,260,1603
06-17-2020,14:45,60178,59,1304
06-17-2020,14:45,60181,259,2164
06-17-2020,14:45,60184,8,127
06-17-2020,14:45,60185,750,3662
06-17-2020,14:45,60187,135,2048
06-17-2020,14:45,60188,486,3415
06-17-2020,14:45,60189,111,1726
06-17-2020,14:45,60190,51,812
06-17-2020,14:45,60191,222,1289
06-17-2020,14:45,60192,59,804
06-17-2020,14:45,60193,264,2905
06-17-2020,14:45,60194,166,1709
06-17-2020,14:45,60195,18,239
06-17-2020,14:45,60201,325,4149
06-17-2020,14:45,60202,439,3309
06-17-2020,14:45,60203,34,423
06-17-2020,14:45,60301,27,284
06-17-2020,14:45,60302,217,3040
06-17-2020,14:45,60304,79,1277
06-17-2020,14:45,60305,55,777
06-17-2020,14:45,60401,39,837
06-17-2020,14:45,60402,1425,7808
06-17-2020,14:45,60403,207,1918
06-17-2020,14:45,60404,117,1647
06-17-2020,14:45,60406,503,3253
06-17-2020,14:45,60408,19,309
06-17-2020,14:45,60409,601,4650
06-17-2020,14:45,60410,53,833
06-17-2020,14:45,60411,924,7004
06-17-2020,14:45,60415,196,1509
06-17-2020,14:45,60416,12,386
06-17-2020,14:45,60417,161,1607
06-17-2020,14:45,60418,115,613
06-17-2020,14:45,60419,398,3101
06-17-2020,14:45,60420,7,278
06-17-2020,14:45,60421,12,239
06-17-2020,14:45,60422,83,1044
06-17-2020,14:45,60423,144,1869
06-17-2020,14:45,60425,172,1547
06-17-2020,14:45,60426,475,3564
06-17-2020,14:45,60428,215,1668
06-17-2020,14:45,60429,231,2433
06-17-2020,14:45,60430,278,2313
06-17-2020,14:45,60431,222,2472
06-17-2020,14:45,60432,452,2330
06-17-2020,14:45,60433,311,1831
06-17-2020,14:45,60434,163,247
06-17-2020,14:45,60435,691,5884
06-17-2020,14:45,60436,253,2104
06-17-2020,14:45,60438,397,2943
06-17-2020,14:45,60439,102,1486
06-17-2020,14:45,60440,887,6816
06-17-2020,14:45,60441,217,2145
06-17-2020,14:45,60442,44,568
06-17-2020,14:45,60443,365,2699
06-17-2020,14:45,60445,158,1655
06-17-2020,14:45,60446,537,4230
06-17-2020,14:45,60447,56,863
06-17-2020,14:45,60448,136,1323
06-17-2020,14:45,60449,72,817
06-17-2020,14:45,60450,51,894
06-17-2020,14:45,60451,122,1823
06-17-2020,14:45,60452,244,2235
06-17-2020,14:45,60453,783,5405
06-17-2020,14:45,60455,305,1730
06-17-2020,14:45,60456,54,394
06-17-2020,14:45,60457,129,1016
06-17-2020,14:45,60458,144,1217
06-17-2020,14:45,60459,427,2746
06-17-2020,14:45,60461,59,639
06-17-2020,14:45,60462,329,2962
06-17-2020,14:45,60463,248,1302
06-17-2020,14:45,60464,49,678
06-17-2020,14:45,60465,255,1334
06-17-2020,14:45,60466,499,3354
06-17-2020,14:45,60467,177,1539
06-17-2020,14:45,60468,35,388
06-17-2020,14:45,60469,88,663
06-17-2020,14:45,60471,220,1595
06-17-2020,14:45,60472,71,650
06-17-2020,14:45,60473,417,3452
06-17-2020,14:45,60475,78,848
06-17-2020,14:45,60476,19,224
06-17-2020,14:45,60477,253,2729
06-17-2020,14:45,60478,331,2749
06-17-2020,14:45,60480,36,466
06-17-2020,14:45,60481,29,849
06-17-2020,14:45,60482,106,772
06-17-2020,14:45,60484,115,778
06-17-2020,14:45,60487,151,1613
06-17-2020,14:45,60490,140,1809
06-17-2020,14:45,60491,148,1233
06-17-2020,14:45,60501,297,1383
06-17-2020,14:45,60502,101,1371
06-17-2020,14:45,60503,64,946
06-17-2020,14:45,60504,353,2926
06-17-2020,14:45,60505,2003,8888
06-17-2020,14:45,60506,1107,6953
06-17-2020,14:45,60510,108,2021
06-17-2020,14:45,60513,167,2130
06-17-2020,14:45,60514,48,734
06-17-2020,14:45,60515,100,1636
06-17-2020,14:45,60516,122,1802
06-17-2020,14:45,60517,224,2567
06-17-2020,14:45,60520,10,164
06-17-2020,14:45,60521,182,1491
06-17-2020,14:45,60523,106,956
06-17-2020,14:45,60525,299,3489
06-17-2020,14:45,60526,84,1942
06-17-2020,14:45,60527,238,2895
06-17-2020,14:45,60532,132,2106
06-17-2020,14:45,60534,178,1207
06-17-2020,14:45,60538,315,2373
06-17-2020,14:45,60540,141,2711
06-17-2020,14:45,60541,9,137
06-17-2020,14:45,60542,184,1591
06-17-2020,14:45,60543,277,2709
06-17-2020,14:45,60544,180,2437
06-17-2020,14:45,60545,153,1238
06-17-2020,14:45,60546,167,2516
06-17-2020,14:45,60548,83,1013
06-17-2020,14:45,60551,24,177
06-17-2020,14:45,60552,9,243
06-17-2020,14:45,60554,42,767
06-17-2020,14:45,60555,133,1095
06-17-2020,14:45,60558,47,904
06-17-2020,14:45,60559,321,2255
06-17-2020,14:45,60560,108,1529
06-17-2020,14:45,60561,126,1771
06-17-2020,14:45,60563,186,2747
06-17-2020,14:45,60564,165,2445
06-17-2020,14:45,60565,196,2313
06-17-2020,14:45,60585,103,1513
06-17-2020,14:45,60586,367,3773
06-17-2020,14:45,60601,74,1018
06-17-2020,14:45,60602,14,219
06-17-2020,14:45,60603,8,113
06-17-2020,14:45,60604,22,161
06-17-2020,14:45,60605,195,2379
06-17-2020,14:45,60606,36,860
06-17-2020,14:45,60607,446,2674
06-17-2020,14:45,60608,1776,8454
06-17-2020,14:45,60609,1802,7731
06-17-2020,14:45,60610,266,3518
06-17-2020,14:45,60611,160,3648
06-17-2020,14:45,60612,711,4975
06-17-2020,14:45,60613,393,3878
06-17-2020,14:45,60614,517,5761
06-17-2020,14:45,60615,393,4413
06-17-2020,14:45,60616,459,5330
06-17-2020,14:45,60617,1164,9601
06-17-2020,14:45,60618,1334,9026
06-17-2020,14:45,60619,927,9435
06-17-2020,14:45,60620,1131,8936
06-17-2020,14:45,60621,556,3768
06-17-2020,14:45,60622,643,5078
06-17-2020,14:45,60623,3374,11047
06-17-2020,14:45,60624,867,4649
06-17-2020,14:45,60625,1457,8016
06-17-2020,14:45,60626,1079,6736
06-17-2020,14:45,60628,1107,7856
06-17-2020,14:45,60629,3324,13253
06-17-2020,14:45,60630,818,5438
06-17-2020,14:45,60631,312,3904
06-17-2020,14:45,60632,3133,10794
06-17-2020,14:45,60633,271,2064
06-17-2020,14:45,60634,1468,10197
06-17-2020,14:45,60636,736,3875
06-17-2020,14:45,60637,641,6152
06-17-2020,14:45,60638,1124,6630
06-17-2020,14:45,60639,3352,13288
06-17-2020,14:45,60640,826,6958
06-17-2020,14:45,60641,1522,8562
06-17-2020,14:45,60642,167,1804
06-17-2020,14:45,60643,735,6269
06-17-2020,14:45,60644,1272,6778
06-17-2020,14:45,60645,1092,5724
06-17-2020,14:45,60646,381,3224
06-17-2020,14:45,60647,1382,8595
06-17-2020,14:45,60649,816,6183
06-17-2020,14:45,60651,1763,7989
06-17-2020,14:45,60652,953,5041
06-17-2020,14:45,60653,541,4982
06-17-2020,14:45,60654,141,1487
06-17-2020,14:45,60655,271,3489
06-17-2020,14:45,60656,285,2891
06-17-2020,14:45,60657,356,5302
06-17-2020,14:45,60659,767,3806
06-17-2020,14:45,60660,444,3421
06-17-2020,14:45,60661,43,668
06-17-2020,14:45,60680,6,94
06-17-2020,14:45,60706,355,3315
06-17-2020,14:45,60707,787,5240
06-17-2020,14:45,60712,169,1486
06-17-2020,14:45,60714,841,4028
06-17-2020,14:45,60803,262,1964
06-17-2020,14:45,60804,2945,11398
06-17-2020,14:45,60805,232,1793
06-17-2020,14:45,60827,370,2779
06-17-2020,14:45,60901,623,4512
06-17-2020,14:45,60911,10,112
06-17-2020,14:45,60912,6,43
06-17-2020,14:45,60913,7,89
06-17-2020,14:45,60914,183,2629
06-17-2020,14:45,60915,71,1151
06-17-2020,14:45,60919,6,38
06-17-2020,14:45,60922,12,200
06-17-2020,14:45,60927,52,369
06-17-2020,14:45,60928,7,47
06-17-2020,14:45,60930,6,49
06-17-2020,14:45,60938,6,122
06-17-2020,14:45,60940,7,215
06-17-2020,14:45,60941,6,125
06-17-2020,14:45,60950,101,1572
06-17-2020,14:45,60954,36,803
06-17-2020,14:45,60955,13,109
06-17-2020,14:45,60957,8,330
06-17-2020,14:45,60958,22,201
06-17-2020,14:45,60964,36,418
06-17-2020,14:45,60970,13,489
06-17-2020,14:45,61008,443,3034
06-17-2020,14:45,61010,16,322
06-17-2020,14:45,61011,11,136
06-17-2020,14:45,61012,20,153
06-17-2020,14:45,61016,42,402
06-17-2020,14:45,61019,6,143
06-17-2020,14:45,61020,14,204
06-17-2020,14:45,61021,84,1332
06-17-2020,14:45,61032,203,2604
06-17-2020,14:45,61036,11,328
06-17-2020,14:45,61041,6,22
06-17-2020,14:45,61054,7,202
06-17-2020,14:45,61061,10,280
06-17-2020,14:45,61063,9,227
06-17-2020,14:45,61064,10,145
06-17-2020,14:45,61065,63,726
06-17-2020,14:45,61068,147,1396
06-17-2020,14:45,61071,39,445
06-17-2020,14:45,61072,38,576
06-17-2020,14:45,61073,70,1111
06-17-2020,14:45,61080,52,528
06-17-2020,14:45,61081,82,881
06-17-2020,14:45,61084,9,120
06-17-2020,14:45,61085,7,130
06-17-2020,14:45,61088,11,336
06-17-2020,14:45,61101,321,2602
06-17-2020,14:45,61102,272,2154
06-17-2020,14:45,61103,303,2994
06-17-2020,14:45,61104,307,1913
06-17-2020,14:45,61107,260,2957
06-17-2020,14:45,61108,403,3155
06-17-2020,14:45,61109,289,2625
06-17-2020,14:45,61111,107,1861
06-17-2020,14:45,61114,108,1542
06-17-2020,14:45,61115,134,1667
06-17-2020,14:45,61201,218,2528
06-17-2020,14:45,61235,8,100
06-17-2020,14:45,61239,8,63
06-17-2020,14:45,61240,12,311
06-17-2020,14:45,61241,16,387
06-17-2020,14:45,61244,200,2004
06-17-2020,14:45,61252,24,228
06-17-2020,14:45,61254,8,545
06-17-2020,14:45,61256,6,100
06-17-2020,14:45,61264,24,572
06-17-2020,14:45,61265,224,2943
06-17-2020,14:45,61270,8,209
06-17-2020,14:45,61275,10,186
06-17-2020,14:45,61282,47,608
06-17-2020,14:45,61314,6,34
06-17-2020,14:45,61341,44,613
06-17-2020,14:45,61342,21,345
06-17-2020,14:45,61350,24,801
06-17-2020,14:45,61354,6,439
06-17-2020,14:45,61356,6,542
06-17-2020,14:45,61364,7,884
06-17-2020,14:45,61401,99,1802
06-17-2020,14:45,61410,6,120
06-17-2020,14:45,61443,19,538
06-17-2020,14:45,61455,85,1129
06-17-2020,14:45,61462,114,718
06-17-2020,14:45,61469,7,119
06-17-2020,14:45,61525,10,500
06-17-2020,14:45,61547,6,212
06-17-2020,14:45,61548,11,549
06-17-2020,14:45,61550,10,1177
06-17-2020,14:45,61554,28,2783
06-17-2020,14:45,61571,20,1490
06-17-2020,14:45,61603,70,1526
06-17-2020,14:45,61604,70,2510
06-17-2020,14:45,61605,59,1264
06-17-2020,14:45,61606,6,353
06-17-2020,14:45,61607,6,616
06-17-2020,14:45,61610,7,318
06-17-2020,14:45,61611,21,1613
06-17-2020,14:45,61614,121,2522
06-17-2020,14:45,61615,33,1749
06-17-2020,14:45,61701,58,2858
06-17-2020,14:45,61704,83,2175
06-17-2020,14:45,61705,16,881
06-17-2020,14:45,61739,6,370
06-17-2020,14:45,61761,64,2611
06-17-2020,14:45,61764,18,769
06-17-2020,14:45,61801,47,2226
06-17-2020,14:45,61802,121,2437
06-17-2020,14:45,61820,124,2404
06-17-2020,14:45,61821,137,3631
06-17-2020,14:45,61822,58,2463
06-17-2020,14:45,61832,28,1573
06-17-2020,14:45,61853,19,1235
06-17-2020,14:45,61856,7,535
06-17-2020,14:45,61866,182,2013
06-17-2020,14:45,61874,33,1191
06-17-2020,14:45,61880,9,360
06-17-2020,14:45,61910,10,325
06-17-2020,14:45,61911,6,143
06-17-2020,14:45,61920,93,1691
06-17-2020,14:45,61938,41,1727
06-17-2020,14:45,61951,9,341
06-17-2020,14:45,61953,15,415
06-17-2020,14:45,62002,121,1185
06-17-2020,14:45,62010,36,259
06-17-2020,14:45,62012,12,238
06-17-2020,14:45,62018,10,111
06-17-2020,14:45,62024,12,278
06-17-2020,14:45,62025,119,1047
06-17-2020,14:45,62034,75,691
06-17-2020,14:45,62035,26,451
06-17-2020,14:45,62040,112,1409
06-17-2020,14:45,62049,6,653
06-17-2020,14:45,62052,17,226
06-17-2020,14:45,62056,14,650
06-17-2020,14:45,62059,7,37
06-17-2020,14:45,62060,40,213
06-17-2020,14:45,62062,12,870
06-17-2020,14:45,62069,9,143
06-17-2020,14:45,62088,6,557
06-17-2020,14:45,62090,13,37
06-17-2020,14:45,62095,27,328
06-17-2020,14:45,62201,45,282
06-17-2020,14:45,62203,55,429
06-17-2020,14:45,62204,57,416
06-17-2020,14:45,62205,65,524
06-17-2020,14:45,62206,149,880
06-17-2020,14:45,62207,98,479
06-17-2020,14:45,62208,89,792
06-17-2020,14:45,62220,155,864
06-17-2020,14:45,62221,142,1008
06-17-2020,14:45,62223,65,704
06-17-2020,14:45,62226,190,1316
06-17-2020,14:45,62230,22,395
06-17-2020,14:45,62231,84,547
06-17-2020,14:45,62232,29,608
06-17-2020,14:45,62233,101,686
06-17-2020,14:45,62234,110,1212
06-17-2020,14:45,62236,45,233
06-17-2020,14:45,62237,6,260
06-17-2020,14:45,62238,6,47
06-17-2020,14:45,62239,17,122
06-17-2020,14:45,62241,6,57
06-17-2020,14:45,62242,6,46
06-17-2020,14:45,62243,8,121
06-17-2020,14:45,62246,7,323
06-17-2020,14:45,62249,18,521
06-17-2020,14:45,62254,80,411
06-17-2020,14:45,62255,6,42
06-17-2020,14:45,62257,12,125
06-17-2020,14:45,62258,17,373
06-17-2020,14:45,62260,12,134
06-17-2020,14:45,62264,53,113
06-17-2020,14:45,62265,39,630
06-17-2020,14:45,62269,92,1013
06-17-2020,14:45,62272,50,174
06-17-2020,14:45,62274,10,247
06-17-2020,14:45,62278,16,234
06-17-2020,14:45,62285,19,99
06-17-2020,14:45,62286,51,454
06-17-2020,14:45,62288,33,267
06-17-2020,14:45,62293,9,224
06-17-2020,14:45,62294,24,426
06-17-2020,14:45,62295,9,44
06-17-2020,14:45,62298,56,775
06-17-2020,14:45,62301,22,3264
06-17-2020,14:45,62305,16,409
06-17-2020,14:45,62353,7,359
06-17-2020,14:45,62427,6,55
06-17-2020,14:45,62428,7,157
06-17-2020,14:45,62441,9,279
06-17-2020,14:45,62448,37,479
06-17-2020,14:45,62454,9,252
06-17-2020,14:45,62471,17,468
06-17-2020,14:45,62474,6,57
06-17-2020,14:45,62521,111,1918
06-17-2020,14:45,62522,38,565
06-17-2020,14:45,62526,51,1585
06-17-2020,14:45,62560,7,109
06-17-2020,14:45,62561,6,440
06-17-2020,14:45,62563,6,474
06-17-2020,14:45,62565,14,650
06-17-2020,14:45,62568,29,830
06-17-2020,14:45,62618,68,726
06-17-2020,14:45,62629,15,1169
06-17-2020,14:45,62650,92,1921
06-17-2020,14:45,62656,10,1740
06-17-2020,14:45,62664,11,304
06-17-2020,14:45,62675,12,477
06-17-2020,14:45,62681,12,355
06-17-2020,14:45,62684,71,812
06-17-2020,14:45,62691,6,143
06-17-2020,14:45,62692,8,186
06-17-2020,14:45,62702,75,4223
06-17-2020,14:45,62703,68,3097
06-17-2020,14:45,62704,55,3719
06-17-2020,14:45,62707,19,984
06-17-2020,14:45,62711,29,1673
06-17-2020,14:45,62712,6,861
06-17-2020,14:45,62801,65,1655
06-17-2020,14:45,62832,16,496
06-17-2020,14:45,62837,7,468
06-17-2020,14:45,62863,13,371
06-17-2020,14:45,62864,85,1382
06-17-2020,14:45,62882,14,164
06-17-2020,14:45,62901,166,2087
06-17-2020,14:45,62902,19,284
06-17-2020,14:45,62906,79,854
06-17-2020,14:45,62907,20,119
06-17-2020,14:45,62912,8,68
06-17-2020,14:45,62918,14,618
06-17-2020,14:45,62920,69,392
06-17-2020,14:45,62939,10,159
06-17-2020,14:45,62948,19,780
06-17-2020,14:45,62951,6,252
06-17-2020,14:45,62952,10,191
06-17-2020,14:45,62959,39,1695
06-17-2020,14:45,62966,100,1237
06-17-2020,14:45,62992,51,177
06-16-2020,14:45,60002,107,1202
06-16-2020,14:45,60004,343,6047
06-16-2020,14:45,60005,190,2732
06-16-2020,14:45,60007,349,2454
06-16-2020,14:45,60008,337,3262
06-16-2020,14:45,60010,130,2059
06-16-2020,14:45,60012,86,578
06-16-2020,14:45,60013,93,1066
06-16-2020,14:45,60014,289,2735
06-16-2020,14:45,60015,182,1780
06-16-2020,14:45,60016,1041,6156
06-16-2020,14:45,60018,637,3383
06-16-2020,14:45,60020,39,742
06-16-2020,14:45,60021,22,247
06-16-2020,14:45,60022,27,462
06-16-2020,14:45,60025,360,3478
06-16-2020,14:45,60026,147,1375
06-16-2020,14:45,60029,8,74
06-16-2020,14:45,60030,179,2316
06-16-2020,14:45,60031,344,3040
06-16-2020,14:45,60033,200,1078
06-16-2020,14:45,60035,264,2698
06-16-2020,14:45,60040,178,607
06-16-2020,14:45,60041,47,567
06-16-2020,14:45,60042,38,410
06-16-2020,14:45,60043,19,195
06-16-2020,14:45,60044,103,966
06-16-2020,14:45,60045,118,1445
06-16-2020,14:45,60046,203,1981
06-16-2020,14:45,60047,389,2689
06-16-2020,14:45,60048,147,1645
06-16-2020,14:45,60050,223,2062
06-16-2020,14:45,60051,124,1386
06-16-2020,14:45,60053,291,2133
06-16-2020,14:45,60056,622,4223
06-16-2020,14:45,60060,432,2485
06-16-2020,14:45,60061,178,1945
06-16-2020,14:45,60062,318,3593
06-16-2020,14:45,60064,649,1901
06-16-2020,14:45,60067,224,3219
06-16-2020,14:45,60068,304,2730
06-16-2020,14:45,60069,89,1068
06-16-2020,14:45,60070,254,1496
06-16-2020,14:45,60071,14,195
06-16-2020,14:45,60073,1034,5422
06-16-2020,14:45,60074,450,2952
06-16-2020,14:45,60076,495,3582
06-16-2020,14:45,60077,397,2787
06-16-2020,14:45,60079,12,55
06-16-2020,14:45,60081,41,459
06-16-2020,14:45,60083,98,833
06-16-2020,14:45,60084,183,993
06-16-2020,14:45,60085,2385,9056
06-16-2020,14:45,60087,658,3466
06-16-2020,14:45,60088,61,468
06-16-2020,14:45,60089,279,2526
06-16-2020,14:45,60090,796,3927
06-16-2020,14:45,60091,157,1762
06-16-2020,14:45,60093,173,1526
06-16-2020,14:45,60096,38,410
06-16-2020,14:45,60097,40,591
06-16-2020,14:45,60098,310,2363
06-16-2020,14:45,60099,572,3028
06-16-2020,14:45,60101,793,3778
06-16-2020,14:45,60102,156,1735
06-16-2020,14:45,60103,281,2786
06-16-2020,14:45,60104,408,2361
06-16-2020,14:45,60106,511,2426
06-16-2020,14:45,60107,642,3718
06-16-2020,14:45,60108,322,2810
06-16-2020,14:45,60109,11,314
06-16-2020,14:45,60110,707,3012
06-16-2020,14:45,60112,28,302
06-16-2020,14:45,60115,278,3171
06-16-2020,14:45,60118,80,923
06-16-2020,14:45,60119,37,578
06-16-2020,14:45,60120,1324,5370
06-16-2020,14:45,60123,839,4831
06-16-2020,14:45,60124,118,1406
06-16-2020,14:45,60126,264,3342
06-16-2020,14:45,60130,150,2226
06-16-2020,14:45,60131,351,1947
06-16-2020,14:45,60133,740,3912
06-16-2020,14:45,60134,155,1616
06-16-2020,14:45,60135,34,462
06-16-2020,14:45,60136,55,446
06-16-2020,14:45,60137,150,2272
06-16-2020,14:45,60139,638,3380
06-16-2020,14:45,60140,94,1064
06-16-2020,14:45,60141,24,605
06-16-2020,14:45,60142,101,1607
06-16-2020,14:45,60143,182,1094
06-16-2020,14:45,60145,6,111
06-16-2020,14:45,60146,8,161
06-16-2020,14:45,60148,379,3740
06-16-2020,14:45,60151,18,249
06-16-2020,14:45,60152,80,649
06-16-2020,14:45,60153,508,2796
06-16-2020,14:45,60154,204,1928
06-16-2020,14:45,60155,170,886
06-16-2020,14:45,60156,161,1483
06-16-2020,14:45,60157,12,154
06-16-2020,14:45,60160,744,3342
06-16-2020,14:45,60162,161,1169
06-16-2020,14:45,60163,89,549
06-16-2020,14:45,60164,521,3531
06-16-2020,14:45,60165,183,626
06-16-2020,14:45,60169,372,2658
06-16-2020,14:45,60171,124,957
06-16-2020,14:45,60172,236,1778
06-16-2020,14:45,60173,106,730
06-16-2020,14:45,60174,165,2362
06-16-2020,14:45,60175,91,1304
06-16-2020,14:45,60176,151,923
06-16-2020,14:45,60177,259,1572
06-16-2020,14:45,60178,59,1269
06-16-2020,14:45,60181,256,2097
06-16-2020,14:45,60184,8,126
06-16-2020,14:45,60185,749,3602
06-16-2020,14:45,60187,134,2018
06-16-2020,14:45,60188,484,3349
06-16-2020,14:45,60189,110,1686
06-16-2020,14:45,60190,50,799
06-16-2020,14:45,60191,222,1258
06-16-2020,14:45,60192,59,774
06-16-2020,14:45,60193,263,2828
06-16-2020,14:45,60194,165,1661
06-16-2020,14:45,60195,18,229
06-16-2020,14:45,60201,324,4045
06-16-2020,14:45,60202,439,3208
06-16-2020,14:45,60203,33,401
06-16-2020,14:45,60301,27,283
06-16-2020,14:45,60302,215,2988
06-16-2020,14:45,60304,79,1243
06-16-2020,14:45,60305,55,761
06-16-2020,14:45,60401,39,807
06-16-2020,14:45,60402,1423,7686
06-16-2020,14:45,60403,207,1881
06-16-2020,14:45,60404,116,1617
06-16-2020,14:45,60406,501,3198
06-16-2020,14:45,60408,19,303
06-16-2020,14:45,60409,602,4577
06-16-2020,14:45,60410,53,810
06-16-2020,14:45,60411,922,6899
06-16-2020,14:45,60415,196,1491
06-16-2020,14:45,60416,12,368
06-16-2020,14:45,60417,160,1582
06-16-2020,14:45,60418,115,606
06-16-2020,14:45,60419,397,3050
06-16-2020,14:45,60420,7,274
06-16-2020,14:45,60421,12,231
06-16-2020,14:45,60422,83,1017
06-16-2020,14:45,60423,144,1834
06-16-2020,14:45,60425,172,1526
06-16-2020,14:45,60426,472,3514
06-16-2020,14:45,60428,216,1647
06-16-2020,14:45,60429,230,2408
06-16-2020,14:45,60430,277,2259
06-16-2020,14:45,60431,221,2438
06-16-2020,14:45,60432,449,2295
06-16-2020,14:45,60433,307,1800
06-16-2020,14:45,60434,163,246
06-16-2020,14:45,60435,691,5790
06-16-2020,14:45,60436,251,2074
06-16-2020,14:45,60438,397,2898
06-16-2020,14:45,60439,102,1434
06-16-2020,14:45,60440,881,6578
06-16-2020,14:45,60441,213,2101
06-16-2020,14:45,60442,44,555
06-16-2020,14:45,60443,365,2658
06-16-2020,14:45,60445,159,1637
06-16-2020,14:45,60446,534,4147
06-16-2020,14:45,60447,56,844
06-16-2020,14:45,60448,135,1288
06-16-2020,14:45,60449,72,776
06-16-2020,14:45,60450,47,853
06-16-2020,14:45,60451,121,1784
06-16-2020,14:45,60452,242,2191
06-16-2020,14:45,60453,783,5249
06-16-2020,14:45,60455,303,1689
06-16-2020,14:45,60456,54,384
06-16-2020,14:45,60457,129,981
06-16-2020,14:45,60458,143,1184
06-16-2020,14:45,60459,422,2687
06-16-2020,14:45,60461,59,624
06-16-2020,14:45,60462,328,2903
06-16-2020,14:45,60463,249,1278
06-16-2020,14:45,60464,48,661
06-16-2020,14:45,60465,253,1309
06-16-2020,14:45,60466,496,3296
06-16-2020,14:45,60467,177,1504
06-16-2020,14:45,60468,35,379
06-16-2020,14:45,60469,88,657
06-16-2020,14:45,60471,219,1581
06-16-2020,14:45,60472,72,645
06-16-2020,14:45,60473,412,3348
06-16-2020,14:45,60475,76,826
06-16-2020,14:45,60476,19,222
06-16-2020,14:45,60477,253,2685
06-16-2020,14:45,60478,329,2714
06-16-2020,14:45,60480,36,455
06-16-2020,14:45,60481,29,829
06-16-2020,14:45,60482,106,755
06-16-2020,14:45,60484,115,766
06-16-2020,14:45,60487,150,1580
06-16-2020,14:45,60490,140,1754
06-16-2020,14:45,60491,146,1200
06-16-2020,14:45,60501,294,1357
06-16-2020,14:45,60502,100,1340
06-16-2020,14:45,60503,64,905
06-16-2020,14:45,60504,351,2846
06-16-2020,14:45,60505,2003,8622
06-16-2020,14:45,60506,1105,6830
06-16-2020,14:45,60510,108,1968
06-16-2020,14:45,60513,166,2057
06-16-2020,14:45,60514,47,707
06-16-2020,14:45,60515,100,1594
06-16-2020,14:45,60516,121,1757
06-16-2020,14:45,60517,223,2495
06-16-2020,14:45,60520,9,159
06-16-2020,14:45,60521,182,1462
06-16-2020,14:45,60523,106,934
06-16-2020,14:45,60525,297,3419
06-16-2020,14:45,60526,82,1898
06-16-2020,14:45,60527,238,2820
06-16-2020,14:45,60532,130,2066
06-16-2020,14:45,60534,178,1188
06-16-2020,14:45,60538,314,2322
06-16-2020,14:45,60540,140,2632
06-16-2020,14:45,60541,9,132
06-16-2020,14:45,60542,183,1559
06-16-2020,14:45,60543,275,2635
06-16-2020,14:45,60544,180,2376
06-16-2020,14:45,60545,152,1218
06-16-2020,14:45,60546,166,2432
06-16-2020,14:45,60548,81,986
06-16-2020,14:45,60551,24,169
06-16-2020,14:45,60552,9,237
06-16-2020,14:45,60554,42,744
06-16-2020,14:45,60555,133,1078
06-16-2020,14:45,60558,47,874
06-16-2020,14:45,60559,321,2198
06-16-2020,14:45,60560,107,1489
06-16-2020,14:45,60561,124,1729
06-16-2020,14:45,60563,186,2675
06-16-2020,14:45,60564,164,2369
06-16-2020,14:45,60565,195,2230
06-16-2020,14:45,60585,102,1484
06-16-2020,14:45,60586,363,3684
06-16-2020,14:45,60601,73,996
06-16-2020,14:45,60602,14,214
06-16-2020,14:45,60603,8,108
06-16-2020,14:45,60604,22,158
06-16-2020,14:45,60605,193,2319
06-16-2020,14:45,60606,37,835
06-16-2020,14:45,60607,445,2613
06-16-2020,14:45,60608,1772,8369
06-16-2020,14:45,60609,1796,7621
06-16-2020,14:45,60610,265,3448
06-16-2020,14:45,60611,159,3571
06-16-2020,14:45,60612,711,4916
06-16-2020,14:45,60613,393,3751
06-16-2020,14:45,60614,515,5681
06-16-2020,14:45,60615,391,4317
06-16-2020,14:45,60616,458,5247
06-16-2020,14:45,60617,1159,9451
06-16-2020,14:45,60618,1328,8821
06-16-2020,14:45,60619,925,9286
06-16-2020,14:45,60620,1124,8806
06-16-2020,14:45,60621,554,3716
06-16-2020,14:45,60622,639,4937
06-16-2020,14:45,60623,3367,10924
06-16-2020,14:45,60624,866,4573
06-16-2020,14:45,60625,1437,7874
06-16-2020,14:45,60626,1078,6579
06-16-2020,14:45,60628,1100,7698
06-16-2020,14:45,60629,3317,13129
06-16-2020,14:45,60630,816,5346
06-16-2020,14:45,60631,309,3817
06-16-2020,14:45,60632,3122,10663
06-16-2020,14:45,60633,270,2039
06-16-2020,14:45,60634,1462,10022
06-16-2020,14:45,60636,731,3809
06-16-2020,14:45,60637,638,6022
06-16-2020,14:45,60638,1116,6550
06-16-2020,14:45,60639,3340,13137
06-16-2020,14:45,60640,823,6749
06-16-2020,14:45,60641,1513,8412
06-16-2020,14:45,60642,163,1755
06-16-2020,14:45,60643,731,6153
06-16-2020,14:45,60644,1274,6686
06-16-2020,14:45,60645,1089,5595
06-16-2020,14:45,60646,382,3152
06-16-2020,14:45,60647,1374,8408
06-16-2020,14:45,60649,805,6041
06-16-2020,14:45,60651,1755,7866
06-16-2020,14:45,60652,950,4979
06-16-2020,14:45,60653,541,4916
06-16-2020,14:45,60654,141,1447
06-16-2020,14:45,60655,271,3425
06-16-2020,14:45,60656,284,2838
06-16-2020,14:45,60657,355,5162
06-16-2020,14:45,60659,762,3746
06-16-2020,14:45,60660,441,3326
06-16-2020,14:45,60661,42,652
06-16-2020,14:45,60680,6,93
06-16-2020,14:45,60706,353,3246
06-16-2020,14:45,60707,784,5165
06-16-2020,14:45,60712,169,1428
06-16-2020,14:45,60714,832,3958
06-16-2020,14:45,60803,262,1934
06-16-2020,14:45,60804,2941,11278
06-16-2020,14:45,60805,230,1755
06-16-2020,14:45,60827,368,2738
06-16-2020,14:45,60901,612,4371
06-16-2020,14:45,60911,10,109
06-16-2020,14:45,60912,6,43
06-16-2020,14:45,60913,7,85
06-16-2020,14:45,60914,180,2500
06-16-2020,14:45,60915,72,1118
06-16-2020,14:45,60919,6,35
06-16-2020,14:45,60922,12,196
06-16-2020,14:45,60927,48,340
06-16-2020,14:45,60928,7,45
06-16-2020,14:45,60930,6,44
06-16-2020,14:45,60938,6,120
06-16-2020,14:45,60940,7,201
06-16-2020,14:45,60941,6,116
06-16-2020,14:45,60950,101,1367
06-16-2020,14:45,60954,36,788
06-16-2020,14:45,60955,14,107
06-16-2020,14:45,60957,8,326
06-16-2020,14:45,60958,22,195
06-16-2020,14:45,60964,36,401
06-16-2020,14:45,60970,13,473
06-16-2020,14:45,61008,441,2995
06-16-2020,14:45,61010,15,313
06-16-2020,14:45,61011,10,131
06-16-2020,14:45,61012,19,153
06-16-2020,14:45,61016,41,398
06-16-2020,14:45,61019,6,129
06-16-2020,14:45,61020,15,201
06-16-2020,14:45,61021,83,1313
06-16-2020,14:45,61032,202,2505
06-16-2020,14:45,61036,11,316
06-16-2020,14:45,61041,6,20
06-16-2020,14:45,61054,7,198
06-16-2020,14:45,61061,10,273
06-16-2020,14:45,61063,9,214
06-16-2020,14:45,61064,10,139
06-16-2020,14:45,61065,62,702
06-16-2020,14:45,61068,147,1385
06-16-2020,14:45,61071,39,434
06-16-2020,14:45,61072,38,563
06-16-2020,14:45,61073,70,1081
06-16-2020,14:45,61080,52,520
06-16-2020,14:45,61081,82,856
06-16-2020,14:45,61084,9,115
06-16-2020,14:45,61085,7,126
06-16-2020,14:45,61088,11,321
06-16-2020,14:45,61101,321,2554
06-16-2020,14:45,61102,270,2098
06-16-2020,14:45,61103,300,2933
06-16-2020,14:45,61104,304,1874
06-16-2020,14:45,61107,259,2912
06-16-2020,14:45,61108,402,3079
06-16-2020,14:45,61109,286,2578
06-16-2020,14:45,61111,107,1811
06-16-2020,14:45,61114,105,1506
06-16-2020,14:45,61115,134,1621
06-16-2020,14:45,61201,216,2448
06-16-2020,14:45,61235,8,96
06-16-2020,14:45,61239,8,59
06-16-2020,14:45,61240,12,295
06-16-2020,14:45,61241,16,373
06-16-2020,14:45,61244,198,1954
06-16-2020,14:45,61252,24,220
06-16-2020,14:45,61254,8,537
06-16-2020,14:45,61256,6,90
06-16-2020,14:45,61264,24,552
06-16-2020,14:45,61265,225,2749
06-16-2020,14:45,61270,8,203
06-16-2020,14:45,61275,10,176
06-16-2020,14:45,61282,47,546
06-16-2020,14:45,61314,6,34
06-16-2020,14:45,61341,44,547
06-16-2020,14:45,61342,21,340
06-16-2020,14:45,61350,24,776
06-16-2020,14:45,61354,6,435
06-16-2020,14:45,61356,6,529
06-16-2020,14:45,61364,7,873
06-16-2020,14:45,61401,99,1762
06-16-2020,14:45,61410,6,118
06-16-2020,14:45,61443,20,520
06-16-2020,14:45,61455,87,1111
06-16-2020,14:45,61462,114,709
06-16-2020,14:45,61469,7,117
06-16-2020,14:45,61525,10,481
06-16-2020,14:45,61547,6,201
06-16-2020,14:45,61548,11,528
06-16-2020,14:45,61550,10,1128
06-16-2020,14:45,61554,28,2699
06-16-2020,14:45,61571,18,1436
06-16-2020,14:45,61603,69,1484
06-16-2020,14:45,61604,69,2426
06-16-2020,14:45,61605,54,1224
06-16-2020,14:45,61606,6,345
06-16-2020,14:45,61607,6,589
06-16-2020,14:45,61610,7,313
06-16-2020,14:45,61611,21,1563
06-16-2020,14:45,61614,120,2429
06-16-2020,14:45,61615,33,1704
06-16-2020,14:45,61701,58,2816
06-16-2020,14:45,61704,83,2133
06-16-2020,14:45,61705,16,870
06-16-2020,14:45,61739,6,367
06-16-2020,14:45,61761,62,2553
06-16-2020,14:45,61764,18,762
06-16-2020,14:45,61801,47,2171
06-16-2020,14:45,61802,121,2395
06-16-2020,14:45,61820,122,2359
06-16-2020,14:45,61821,133,3526
06-16-2020,14:45,61822,58,2405
06-16-2020,14:45,61832,28,1547
06-16-2020,14:45,61853,19,1210
06-16-2020,14:45,61856,6,519
06-16-2020,14:45,61866,175,1984
06-16-2020,14:45,61874,32,1176
06-16-2020,14:45,61880,9,355
06-16-2020,14:45,61910,10,322
06-16-2020,14:45,61911,6,136
06-16-2020,14:45,61920,92,1661
06-16-2020,14:45,61938,41,1695
06-16-2020,14:45,61951,8,335
06-16-2020,14:45,61953,15,405
06-16-2020,14:45,62002,121,1138
06-16-2020,14:45,62010,35,243
06-16-2020,14:45,62012,12,236
06-16-2020,14:45,62018,9,105
06-16-2020,14:45,62024,12,259
06-16-2020,14:45,62025,119,1013
06-16-2020,14:45,62034,76,666
06-16-2020,14:45,62035,26,424
06-16-2020,14:45,62040,108,1318
06-16-2020,14:45,62049,7,650
06-16-2020,14:45,62052,17,186
06-16-2020,14:45,62056,14,648
06-16-2020,14:45,62059,7,35
06-16-2020,14:45,62060,39,199
06-16-2020,14:45,62062,12,862
06-16-2020,14:45,62069,9,140
06-16-2020,14:45,62088,6,553
06-16-2020,14:45,62090,13,37
06-16-2020,14:45,62095,26,307
06-16-2020,14:45,62201,42,269
06-16-2020,14:45,62203,50,414
06-16-2020,14:45,62204,56,404
06-16-2020,14:45,62205,65,513
06-16-2020,14:45,62206,146,855
06-16-2020,14:45,62207,97,464
06-16-2020,14:45,62208,89,767
06-16-2020,14:45,62220,155,838
06-16-2020,14:45,62221,139,968
06-16-2020,14:45,62223,62,679
06-16-2020,14:45,62226,189,1266
06-16-2020,14:45,62230,22,389
06-16-2020,14:45,62231,84,534
06-16-2020,14:45,62232,29,599
06-16-2020,14:45,62233,101,681
06-16-2020,14:45,62234,105,1156
06-16-2020,14:45,62236,45,214
06-16-2020,14:45,62237,6,258
06-16-2020,14:45,62238,6,47
06-16-2020,14:45,62239,15,114
06-16-2020,14:45,62241,6,53
06-16-2020,14:45,62242,6,45
06-16-2020,14:45,62243,8,113
06-16-2020,14:45,62246,7,310
06-16-2020,14:45,62249,18,508
06-16-2020,14:45,62254,80,401
06-16-2020,14:45,62255,6,40
06-16-2020,14:45,62257,11,123
06-16-2020,14:45,62258,17,363
06-16-2020,14:45,62260,13,122
06-16-2020,14:45,62264,51,105
06-16-2020,14:45,62265,38,626
06-16-2020,14:45,62269,92,972
06-16-2020,14:45,62272,50,174
06-16-2020,14:45,62274,10,243
06-16-2020,14:45,62278,16,222
06-16-2020,14:45,62285,19,97
06-16-2020,14:45,62286,51,444
06-16-2020,14:45,62288,33,259
06-16-2020,14:45,62293,9,220
06-16-2020,14:45,62294,23,408
06-16-2020,14:45,62295,9,44
06-16-2020,14:45,62298,57,750
06-16-2020,14:45,62301,22,3219
06-16-2020,14:45,62305,16,378
06-16-2020,14:45,62353,7,356
06-16-2020,14:45,62427,6,53
06-16-2020,14:45,62428,7,156
06-16-2020,14:45,62441,9,278
06-16-2020,14:45,62448,37,472
06-16-2020,14:45,62454,9,249
06-16-2020,14:45,62471,17,433
06-16-2020,14:45,62474,6,56
06-16-2020,14:45,62521,111,1886
06-16-2020,14:45,62522,38,546
06-16-2020,14:45,62526,51,1548
06-16-2020,14:45,62560,7,109
06-16-2020,14:45,62561,6,436
06-16-2020,14:45,62563,6,469
06-16-2020,14:45,62565,14,638
06-16-2020,14:45,62568,29,824
06-16-2020,14:45,62618,67,720
06-16-2020,14:45,62629,15,1155
06-16-2020,14:45,62650,90,1904
06-16-2020,14:45,62656,10,1727
06-16-2020,14:45,62664,11,301
06-16-2020,14:45,62675,12,472
06-16-2020,14:45,62681,12,349
06-16-2020,14:45,62684,71,811
06-16-2020,14:45,62692,8,184
06-16-2020,14:45,62702,75,4182
06-16-2020,14:45,62703,68,3071
06-16-2020,14:45,62704,55,3680
06-16-2020,14:45,62707,19,973
06-16-2020,14:45,62711,29,1650
06-16-2020,14:45,62712,6,854
06-16-2020,14:45,62801,65,1612
06-16-2020,14:45,62832,16,488
06-16-2020,14:45,62837,7,458
06-16-2020,14:45,62863,13,365
06-16-2020,14:45,62864,85,1361
06-16-2020,14:45,62882,14,164
06-16-2020,14:45,62901,165,2061
06-16-2020,14:45,62902,19,279
06-16-2020,14:45,62906,79,839
06-16-2020,14:45,62907,20,117
06-16-2020,14:45,62912,8,67
06-16-2020,14:45,62918,14,604
06-16-2020,14:45,62920,69,389
06-16-2020,14:45,62939,10,151
06-16-2020,14:45,62948,19,764
06-16-2020,14:45,62951,6,247
06-16-2020,14:45,62952,10,186
06-16-2020,14:45,62959,37,1641
06-16-2020,14:45,62966,100,1217
06-16-2020,14:45,62992,50,175
06-15-2020,14:45,60002,106,1179
06-15-2020,14:45,60004,340,5984
06-15-2020,14:45,60005,188,2703
06-15-2020,14:45,60007,347,2411
06-15-2020,14:45,60008,338,3226
06-15-2020,14:45,60010,127,2014
06-15-2020,14:45,60012,86,554
06-15-2020,14:45,60013,93,1042
06-15-2020,14:45,60014,287,2702
06-15-2020,14:45,60015,182,1756
06-15-2020,14:45,60016,1036,6096
06-15-2020,14:45,60018,635,3348
06-15-2020,14:45,60020,38,733
06-15-2020,14:45,60021,22,243
06-15-2020,14:45,60022,27,458
06-15-2020,14:45,60025,360,3439
06-15-2020,14:45,60026,146,1358
06-15-2020,14:45,60029,8,71
06-15-2020,14:45,60030,179,2281
06-15-2020,14:45,60031,341,2995
06-15-2020,14:45,60033,199,1071
06-15-2020,14:45,60035,263,2671
06-15-2020,14:45,60040,180,590
06-15-2020,14:45,60041,47,562
06-15-2020,14:45,60042,37,400
06-15-2020,14:45,60043,19,195
06-15-2020,14:45,60044,103,957
06-15-2020,14:45,60045,118,1425
06-15-2020,14:45,60046,201,1947
06-15-2020,14:45,60047,386,2644
06-15-2020,14:45,60048,147,1623
06-15-2020,14:45,60050,222,2026
06-15-2020,14:45,60051,122,1362
06-15-2020,14:45,60053,286,2107
06-15-2020,14:45,60056,619,4174
06-15-2020,14:45,60060,431,2452
06-15-2020,14:45,60061,176,1920
06-15-2020,14:45,60062,314,3546
06-15-2020,14:45,60064,646,1887
06-15-2020,14:45,60067,218,3138
06-15-2020,14:45,60068,302,2690
06-15-2020,14:45,60069,88,1055
06-15-2020,14:45,60070,252,1484
06-15-2020,14:45,60071,13,191
06-15-2020,14:45,60073,1030,5361
06-15-2020,14:45,60074,448,2903
06-15-2020,14:45,60076,497,3525
06-15-2020,14:45,60077,396,2753
06-15-2020,14:45,60079,12,54
06-15-2020,14:45,60081,41,447
06-15-2020,14:45,60083,98,823
06-15-2020,14:45,60084,181,978
06-15-2020,14:45,60085,2380,8979
06-15-2020,14:45,60087,653,3426
06-15-2020,14:45,60088,61,467
06-15-2020,14:45,60089,279,2492
06-15-2020,14:45,60090,794,3897
06-15-2020,14:45,60091,155,1742
06-15-2020,14:45,60093,168,1488
06-15-2020,14:45,60096,38,406
06-15-2020,14:45,60097,40,586
06-15-2020,14:45,60098,310,2326
06-15-2020,14:45,60099,571,2998
06-15-2020,14:45,60101,793,3745
06-15-2020,14:45,60102,154,1710
06-15-2020,14:45,60103,280,2750
06-15-2020,14:45,60104,408,2334
06-15-2020,14:45,60106,509,2403
06-15-2020,14:45,60107,637,3672
06-15-2020,14:45,60108,316,2776
06-15-2020,14:45,60109,11,312
06-15-2020,14:45,60110,703,2992
06-15-2020,14:45,60112,28,301
06-15-2020,14:45,60115,276,3129
06-15-2020,14:45,60118,80,918
06-15-2020,14:45,60119,37,569
06-15-2020,14:45,60120,1313,5315
06-15-2020,14:45,60123,831,4773
06-15-2020,14:45,60124,115,1384
06-15-2020,14:45,60126,264,3280
06-15-2020,14:45,60130,148,2204
06-15-2020,14:45,60131,350,1925
06-15-2020,14:45,60133,737,3876
06-15-2020,14:45,60134,155,1591
06-15-2020,14:45,60135,34,455
06-15-2020,14:45,60136,55,441
06-15-2020,14:45,60137,150,2231
06-15-2020,14:45,60139,637,3340
06-15-2020,14:45,60140,91,1057
06-15-2020,14:45,60141,23,600
06-15-2020,14:45,60142,101,1580
06-15-2020,14:45,60143,185,1086
06-15-2020,14:45,60145,6,109
06-15-2020,14:45,60146,8,159
06-15-2020,14:45,60148,379,3675
06-15-2020,14:45,60151,17,248
06-15-2020,14:45,60152,80,644
06-15-2020,14:45,60153,507,2767
06-15-2020,14:45,60154,205,1890
06-15-2020,14:45,60155,169,870
06-15-2020,14:45,60156,160,1467
06-15-2020,14:45,60157,12,150
06-15-2020,14:45,60160,739,3318
06-15-2020,14:45,60162,160,1156
06-15-2020,14:45,60163,88,541
06-15-2020,14:45,60164,519,3495
06-15-2020,14:45,60165,179,619
06-15-2020,14:45,60169,371,2626
06-15-2020,14:45,60171,123,943
06-15-2020,14:45,60172,234,1756
06-15-2020,14:45,60173,106,714
06-15-2020,14:45,60174,165,2324
06-15-2020,14:45,60175,90,1274
06-15-2020,14:45,60176,150,914
06-15-2020,14:45,60177,257,1556
06-15-2020,14:45,60178,59,1238
06-15-2020,14:45,60181,256,2056
06-15-2020,14:45,60184,8,125
06-15-2020,14:45,60185,744,3564
06-15-2020,14:45,60187,132,1981
06-15-2020,14:45,60188,481,3299
06-15-2020,14:45,60189,109,1669
06-15-2020,14:45,60190,49,790
06-15-2020,14:45,60191,221,1242
06-15-2020,14:45,60192,59,767
06-15-2020,14:45,60193,258,2789
06-15-2020,14:45,60194,165,1640
06-15-2020,14:45,60195,18,220
06-15-2020,14:45,60201,324,3989
06-15-2020,14:45,60202,435,3175
06-15-2020,14:45,60203,33,389
06-15-2020,14:45,60301,27,275
06-15-2020,14:45,60302,214,2946
06-15-2020,14:45,60304,80,1231
06-15-2020,14:45,60305,55,752
06-15-2020,14:45,60401,39,794
06-15-2020,14:45,60402,1418,7622
06-15-2020,14:45,60403,206,1835
06-15-2020,14:45,60404,115,1571
06-15-2020,14:45,60406,499,3169
06-15-2020,14:45,60408,19,296
06-15-2020,14:45,60409,596,4520
06-15-2020,14:45,60410,53,795
06-15-2020,14:45,60411,913,6836
06-15-2020,14:45,60415,194,1466
06-15-2020,14:45,60416,12,366
06-15-2020,14:45,60417,159,1548
06-15-2020,14:45,60418,115,598
06-15-2020,14:45,60419,396,3013
06-15-2020,14:45,60420,7,273
06-15-2020,14:45,60421,12,227
06-15-2020,14:45,60422,83,1000
06-15-2020,14:45,60423,143,1803
06-15-2020,14:45,60425,172,1511
06-15-2020,14:45,60426,473,3481
06-15-2020,14:45,60428,217,1629
06-15-2020,14:45,60429,229,2397
06-15-2020,14:45,60430,278,2234
06-15-2020,14:45,60431,220,2394
06-15-2020,14:45,60432,449,2274
06-15-2020,14:45,60433,304,1777
06-15-2020,14:45,60434,163,246
06-15-2020,14:45,60435,687,5691
06-15-2020,14:45,60436,250,2048
06-15-2020,14:45,60438,395,2864
06-15-2020,14:45,60439,99,1362
06-15-2020,14:45,60440,880,6464
06-15-2020,14:45,60441,211,2065
06-15-2020,14:45,60442,43,548
06-15-2020,14:45,60443,362,2627
06-15-2020,14:45,60445,159,1626
06-15-2020,14:45,60446,529,4065
06-15-2020,14:45,60447,56,822
06-15-2020,14:45,60448,134,1265
06-15-2020,14:45,60449,71,767
06-15-2020,14:45,60450,47,847
06-15-2020,14:45,60451,117,1753
06-15-2020,14:45,60452,240,2167
06-15-2020,14:45,60453,779,5163
06-15-2020,14:45,60455,301,1665
06-15-2020,14:45,60456,53,377
06-15-2020,14:45,60457,126,965
06-15-2020,14:45,60458,143,1169
06-15-2020,14:45,60459,420,2651
06-15-2020,14:45,60461,59,614
06-15-2020,14:45,60462,325,2868
06-15-2020,14:45,60463,249,1259
06-15-2020,14:45,60464,47,608
06-15-2020,14:45,60465,251,1284
06-15-2020,14:45,60466,494,3264
06-15-2020,14:45,60467,175,1478
06-15-2020,14:45,60468,35,373
06-15-2020,14:45,60469,87,649
06-15-2020,14:45,60471,220,1563
06-15-2020,14:45,60472,71,637
06-15-2020,14:45,60473,412,3313
06-15-2020,14:45,60475,76,819
06-15-2020,14:45,60476,19,219
06-15-2020,14:45,60477,252,2662
06-15-2020,14:45,60478,328,2685
06-15-2020,14:45,60480,36,445
06-15-2020,14:45,60481,29,820
06-15-2020,14:45,60482,105,744
06-15-2020,14:45,60484,114,760
06-15-2020,14:45,60487,148,1558
06-15-2020,14:45,60490,140,1725
06-15-2020,14:45,60491,145,1169
06-15-2020,14:45,60501,290,1334
06-15-2020,14:45,60502,99,1324
06-15-2020,14:45,60503,64,889
06-15-2020,14:45,60504,353,2801
06-15-2020,14:45,60505,1992,8467
06-15-2020,14:45,60506,1094,6691
06-15-2020,14:45,60510,105,1908
06-15-2020,14:45,60513,166,2016
06-15-2020,14:45,60514,47,694
06-15-2020,14:45,60515,100,1571
06-15-2020,14:45,60516,119,1722
06-15-2020,14:45,60517,221,2448
06-15-2020,14:45,60520,9,155
06-15-2020,14:45,60521,181,1437
06-15-2020,14:45,60523,107,913
06-15-2020,14:45,60525,291,3334
06-15-2020,14:45,60526,83,1746
06-15-2020,14:45,60527,236,2746
06-15-2020,14:45,60532,129,2041
06-15-2020,14:45,60534,178,1168
06-15-2020,14:45,60538,312,2287
06-15-2020,14:45,60540,138,2577
06-15-2020,14:45,60541,9,130
06-15-2020,14:45,60542,183,1525
06-15-2020,14:45,60543,269,2581
06-15-2020,14:45,60544,180,2315
06-15-2020,14:45,60545,152,1203
06-15-2020,14:45,60546,166,2399
06-15-2020,14:45,60548,80,972
06-15-2020,14:45,60551,24,169
06-15-2020,14:45,60552,9,235
06-15-2020,14:45,60554,43,737
06-15-2020,14:45,60555,133,1066
06-15-2020,14:45,60558,46,845
06-15-2020,14:45,60559,320,2139
06-15-2020,14:45,60560,107,1468
06-15-2020,14:45,60561,124,1699
06-15-2020,14:45,60563,186,2636
06-15-2020,14:45,60564,164,2325
06-15-2020,14:45,60565,194,2182
06-15-2020,14:45,60585,103,1453
06-15-2020,14:45,60586,362,3613
06-15-2020,14:45,60601,72,982
06-15-2020,14:45,60602,14,213
06-15-2020,14:45,60603,8,106
06-15-2020,14:45,60604,22,157
06-15-2020,14:45,60605,193,2260
06-15-2020,14:45,60606,39,828
06-15-2020,14:45,60607,445,2578
06-15-2020,14:45,60608,1766,8258
06-15-2020,14:45,60609,1794,7566
06-15-2020,14:45,60610,263,3392
06-15-2020,14:45,60611,159,3527
06-15-2020,14:45,60612,710,4860
06-15-2020,14:45,60613,388,3624
06-15-2020,14:45,60614,513,5580
06-15-2020,14:45,60615,391,4263
06-15-2020,14:45,60616,455,5120
06-15-2020,14:45,60617,1153,9326
06-15-2020,14:45,60618,1319,8580
06-15-2020,14:45,60619,918,9193
06-15-2020,14:45,60620,1120,8705
06-15-2020,14:45,60621,552,3668
06-15-2020,14:45,60622,636,4818
06-15-2020,14:45,60623,3357,10818
06-15-2020,14:45,60624,867,4527
06-15-2020,14:45,60625,1428,7640
06-15-2020,14:45,60626,1073,6412
06-15-2020,14:45,60628,1095,7634
06-15-2020,14:45,60629,3303,13023
06-15-2020,14:45,60630,813,5273
06-15-2020,14:45,60631,309,3786
06-15-2020,14:45,60632,3114,10552
06-15-2020,14:45,60633,269,2016
06-15-2020,14:45,60634,1451,9922
06-15-2020,14:45,60636,731,3770
06-15-2020,14:45,60637,638,5961
06-15-2020,14:45,60638,1108,6501
06-15-2020,14:45,60639,3331,13051
06-15-2020,14:45,60640,823,6650
06-15-2020,14:45,60641,1509,8327
06-15-2020,14:45,60642,163,1716
06-15-2020,14:45,60643,729,6064
06-15-2020,14:45,60644,1271,6624
06-15-2020,14:45,60645,1086,5530
06-15-2020,14:45,60646,378,3105
06-15-2020,14:45,60647,1365,8240
06-15-2020,14:45,60649,800,5940
06-15-2020,14:45,60651,1752,7775
06-15-2020,14:45,60652,945,4897
06-15-2020,14:45,60653,538,4806
06-15-2020,14:45,60654,141,1426
06-15-2020,14:45,60655,271,3388
06-15-2020,14:45,60656,284,2806
06-15-2020,14:45,60657,352,5081
06-15-2020,14:45,60659,756,3697
06-15-2020,14:45,60660,438,3255
06-15-2020,14:45,60661,42,645
06-15-2020,14:45,60680,6,93
06-15-2020,14:45,60706,350,3202
06-15-2020,14:45,60707,784,5127
06-15-2020,14:45,60712,169,1410
06-15-2020,14:45,60714,822,3870
06-15-2020,14:45,60803,261,1909
06-15-2020,14:45,60804,2935,11178
06-15-2020,14:45,60805,229,1723
06-15-2020,14:45,60827,364,2695
06-15-2020,14:45,60901,588,4327
06-15-2020,14:45,60911,10,108
06-15-2020,14:45,60912,6,43
06-15-2020,14:45,60913,7,83
06-15-2020,14:45,60914,181,2419
06-15-2020,14:45,60915,71,1105
06-15-2020,14:45,60919,6,33
06-15-2020,14:45,60922,12,193
06-15-2020,14:45,60927,48,328
06-15-2020,14:45,60928,7,44
06-15-2020,14:45,60930,6,44
06-15-2020,14:45,60938,6,120
06-15-2020,14:45,60940,7,198
06-15-2020,14:45,60941,6,116
06-15-2020,14:45,60950,99,1349
06-15-2020,14:45,60954,36,783
06-15-2020,14:45,60955,13,105
06-15-2020,14:45,60957,8,323
06-15-2020,14:45,60958,22,191
06-15-2020,14:45,60964,35,391
06-15-2020,14:45,60970,13,467
06-15-2020,14:45,61008,433,2976
06-15-2020,14:45,61010,15,309
06-15-2020,14:45,61011,10,130
06-15-2020,14:45,61012,19,149
06-15-2020,14:45,61016,40,398
06-15-2020,14:45,61019,6,127
06-15-2020,14:45,61020,14,197
06-15-2020,14:45,61021,83,1302
06-15-2020,14:45,61032,202,2486
06-15-2020,14:45,61036,11,315
06-15-2020,14:45,61041,6,20
06-15-2020,14:45,61054,7,198
06-15-2020,14:45,61061,10,269
06-15-2020,14:45,61063,9,211
06-15-2020,14:45,61064,10,133
06-15-2020,14:45,61065,58,694
06-15-2020,14:45,61068,145,1381
06-15-2020,14:45,61071,39,430
06-15-2020,14:45,61072,38,552
06-15-2020,14:45,61073,68,1066
06-15-2020,14:45,61080,53,514
06-15-2020,14:45,61081,82,856
06-15-2020,14:45,61084,9,113
06-15-2020,14:45,61085,6,123
06-15-2020,14:45,61088,11,317
06-15-2020,14:45,61101,317,2537
06-15-2020,14:45,61102,270,2091
06-15-2020,14:45,61103,295,2850
06-15-2020,14:45,61104,299,1854
06-15-2020,14:45,61107,250,2894
06-15-2020,14:45,61108,403,3061
06-15-2020,14:45,61109,284,2562
06-15-2020,14:45,61111,106,1789
06-15-2020,14:45,61114,105,1494
06-15-2020,14:45,61115,133,1603
06-15-2020,14:45,61201,216,2399
06-15-2020,14:45,61235,8,94
06-15-2020,14:45,61239,8,59
06-15-2020,14:45,61240,12,287
06-15-2020,14:45,61241,16,364
06-15-2020,14:45,61244,197,1930
06-15-2020,14:45,61252,24,217
06-15-2020,14:45,61254,8,525
06-15-2020,14:45,61256,6,90
06-15-2020,14:45,61264,24,533
06-15-2020,14:45,61265,225,2688
06-15-2020,14:45,61270,8,201
06-15-2020,14:45,61275,10,170
06-15-2020,14:45,61282,47,537
06-15-2020,14:45,61314,6,33
06-15-2020,14:45,61341,43,547
06-15-2020,14:45,61342,21,336
06-15-2020,14:45,61350,23,773
06-15-2020,14:45,61354,6,428
06-15-2020,14:45,61356,6,526
06-15-2020,14:45,61364,7,870
06-15-2020,14:45,61401,99,1758
06-15-2020,14:45,61410,6,118
06-15-2020,14:45,61443,20,514
06-15-2020,14:45,61455,87,1101
06-15-2020,14:45,61462,114,709
06-15-2020,14:45,61469,7,117
06-15-2020,14:45,61525,10,476
06-15-2020,14:45,61547,6,198
06-15-2020,14:45,61548,10,518
06-15-2020,14:45,61550,9,1109
06-15-2020,14:45,61554,28,2662
06-15-2020,14:45,61571,17,1415
06-15-2020,14:45,61603,70,1478
06-15-2020,14:45,61604,69,2396
06-15-2020,14:45,61605,53,1206
06-15-2020,14:45,61606,6,341
06-15-2020,14:45,61607,6,583
06-15-2020,14:45,61610,7,308
06-15-2020,14:45,61611,21,1544
06-15-2020,14:45,61614,119,2394
06-15-2020,14:45,61615,32,1686
06-15-2020,14:45,61701,58,2798
06-15-2020,14:45,61704,83,2116
06-15-2020,14:45,61705,16,863
06-15-2020,14:45,61739,6,367
06-15-2020,14:45,61761,60,2534
06-15-2020,14:45,61764,19,757
06-15-2020,14:45,61801,47,2116
06-15-2020,14:45,61802,121,2357
06-15-2020,14:45,61820,120,2320
06-15-2020,14:45,61821,133,3456
06-15-2020,14:45,61822,58,2343
06-15-2020,14:45,61832,26,1499
06-15-2020,14:45,61853,19,1182
06-15-2020,14:45,61856,6,510
06-15-2020,14:45,61866,175,1968
06-15-2020,14:45,61874,31,1158
06-15-2020,14:45,61880,9,350
06-15-2020,14:45,61910,10,321
06-15-2020,14:45,61911,6,136
06-15-2020,14:45,61920,92,1658
06-15-2020,14:45,61938,41,1688
06-15-2020,14:45,61951,8,333
06-15-2020,14:45,61953,15,400
06-15-2020,14:45,62002,119,1138
06-15-2020,14:45,62010,32,243
06-15-2020,14:45,62012,12,236
06-15-2020,14:45,62018,9,105
06-15-2020,14:45,62024,12,257
06-15-2020,14:45,62025,119,1007
06-15-2020,14:45,62034,75,649
06-15-2020,14:45,62035,26,423
06-15-2020,14:45,62040,106,1313
06-15-2020,14:45,62049,7,645
06-15-2020,14:45,62052,16,186
06-15-2020,14:45,62056,14,646
06-15-2020,14:45,62059,7,34
06-15-2020,14:45,62060,39,198
06-15-2020,14:45,62062,12,860
06-15-2020,14:45,62069,9,136
06-15-2020,14:45,62088,6,551
06-15-2020,14:45,62090,13,37
06-15-2020,14:45,62095,26,307
06-15-2020,14:45,62201,42,269
06-15-2020,14:45,62203,49,412
06-15-2020,14:45,62204,56,404
06-15-2020,14:45,62205,65,511
06-15-2020,14:45,62206,146,850
06-15-2020,14:45,62207,98,463
06-15-2020,14:45,62208,87,756
06-15-2020,14:45,62220,154,836
06-15-2020,14:45,62221,137,963
06-15-2020,14:45,62223,63,675
06-15-2020,14:45,62226,179,1260
06-15-2020,14:45,62230,22,387
06-15-2020,14:45,62231,83,532
06-15-2020,14:45,62232,29,598
06-15-2020,14:45,62233,100,674
06-15-2020,14:45,62234,104,1141
06-15-2020,14:45,62236,45,211
06-15-2020,14:45,62237,6,258
06-15-2020,14:45,62238,6,47
06-15-2020,14:45,62239,15,114
06-15-2020,14:45,62241,6,53
06-15-2020,14:45,62242,6,45
06-15-2020,14:45,62243,8,112
06-15-2020,14:45,62246,7,308
06-15-2020,14:45,62249,18,504
06-15-2020,14:45,62254,68,399
06-15-2020,14:45,62255,6,40
06-15-2020,14:45,62257,11,121
06-15-2020,14:45,62258,17,363
06-15-2020,14:45,62260,13,122
06-15-2020,14:45,62264,51,105
06-15-2020,14:45,62265,38,625
06-15-2020,14:45,62269,91,958
06-15-2020,14:45,62272,50,174
06-15-2020,14:45,62274,10,236
06-15-2020,14:45,62278,16,222
06-15-2020,14:45,62285,19,97
06-15-2020,14:45,62286,51,438
06-15-2020,14:45,62288,33,257
06-15-2020,14:45,62293,9,218
06-15-2020,14:45,62294,23,405
06-15-2020,14:45,62295,9,44
06-15-2020,14:45,62298,58,746
06-15-2020,14:45,62301,22,3211
06-15-2020,14:45,62305,16,376
06-15-2020,14:45,62353,7,354
06-15-2020,14:45,62427,6,52
06-15-2020,14:45,62428,7,156
06-15-2020,14:45,62441,9,278
06-15-2020,14:45,62448,37,472
06-15-2020,14:45,62454,9,246
06-15-2020,14:45,62471,17,426
06-15-2020,14:45,62474,6,55
06-15-2020,14:45,62521,110,1858
06-15-2020,14:45,62522,36,535
06-15-2020,14:45,62526,51,1525
06-15-2020,14:45,62560,7,106
06-15-2020,14:45,62561,6,425
06-15-2020,14:45,62563,6,463
06-15-2020,14:45,62565,14,633
06-15-2020,14:45,62568,29,793
06-15-2020,14:45,62618,67,711
06-15-2020,14:45,62629,15,1135
06-15-2020,14:45,62650,89,1838
06-15-2020,14:45,62656,10,1693
06-15-2020,14:45,62664,11,293
06-15-2020,14:45,62675,12,467
06-15-2020,14:45,62681,12,341
06-15-2020,14:45,62684,71,804
06-15-2020,14:45,62692,8,180
06-15-2020,14:45,62702,76,4106
06-15-2020,14:45,62703,68,3009
06-15-2020,14:45,62704,55,3583
06-15-2020,14:45,62707,19,961
06-15-2020,14:45,62711,29,1615
06-15-2020,14:45,62712,6,832
06-15-2020,14:45,62801,65,1611
06-15-2020,14:45,62832,16,482
06-15-2020,14:45,62837,7,445
06-15-2020,14:45,62863,12,359
06-15-2020,14:45,62864,85,1352
06-15-2020,14:45,62882,14,163
06-15-2020,14:45,62901,162,2041
06-15-2020,14:45,62902,20,276
06-15-2020,14:45,62906,79,834
06-15-2020,14:45,62907,20,117
06-15-2020,14:45,62912,8,67
06-15-2020,14:45,62918,14,598
06-15-2020,14:45,62920,69,385
06-15-2020,14:45,62939,10,144
06-15-2020,14:45,62948,19,756
06-15-2020,14:45,62951,6,244
06-15-2020,14:45,62952,10,183
06-15-2020,14:45,62959,35,1599
06-15-2020,14:45,62966,100,1212
06-15-2020,14:45,62992,49,175
06-14-2020,14:45,46311,6,236
06-14-2020,14:45,60002,106,1157
06-14-2020,14:45,60004,338,5817
06-14-2020,14:45,60005,188,2563
06-14-2020,14:45,60007,346,2349
06-14-2020,14:45,60008,336,3152
06-14-2020,14:45,60010,127,1976
06-14-2020,14:45,60012,86,542
06-14-2020,14:45,60013,93,1027
06-14-2020,14:45,60014,287,2667
06-14-2020,14:45,60015,182,1728
06-14-2020,14:45,60016,1035,6013
06-14-2020,14:45,60018,633,3295
06-14-2020,14:45,60020,38,715
06-14-2020,14:45,60021,22,236
06-14-2020,14:45,60022,27,450
06-14-2020,14:45,60025,359,3388
06-14-2020,14:45,60026,145,1312
06-14-2020,14:45,60029,8,71
06-14-2020,14:45,60030,179,2242
06-14-2020,14:45,60031,336,2941
06-14-2020,14:45,60033,198,1057
06-14-2020,14:45,60035,262,2633
06-14-2020,14:45,60040,180,575
06-14-2020,14:45,60041,46,546
06-14-2020,14:45,60042,37,396
06-14-2020,14:45,60043,19,193
06-14-2020,14:45,60044,103,932
06-14-2020,14:45,60045,117,1405
06-14-2020,14:45,60046,200,1899
06-14-2020,14:45,60047,382,2601
06-14-2020,14:45,60048,146,1595
06-14-2020,14:45,60050,221,2005
06-14-2020,14:45,60051,121,1343
06-14-2020,14:45,60053,285,2080
06-14-2020,14:45,60056,617,4084
06-14-2020,14:45,60060,430,2408
06-14-2020,14:45,60061,176,1893
06-14-2020,14:45,60062,314,3480
06-14-2020,14:45,60064,645,1873
06-14-2020,14:45,60067,218,3069
06-14-2020,14:45,60068,302,2664
06-14-2020,14:45,60069,88,992
06-14-2020,14:45,60070,250,1462
06-14-2020,14:45,60071,12,186
06-14-2020,14:45,60073,1025,5126
06-14-2020,14:45,60074,443,2845
06-14-2020,14:45,60076,497,3446
06-14-2020,14:45,60077,395,2722
06-14-2020,14:45,60079,11,52
06-14-2020,14:45,60081,41,439
06-14-2020,14:45,60083,98,808
06-14-2020,14:45,60084,181,963
06-14-2020,14:45,60085,2375,8860
06-14-2020,14:45,60087,649,3369
06-14-2020,14:45,60088,60,451
06-14-2020,14:45,60089,278,2432
06-14-2020,14:45,60090,793,3812
06-14-2020,14:45,60091,155,1709
06-14-2020,14:45,60093,167,1455
06-14-2020,14:45,60096,38,402
06-14-2020,14:45,60097,40,581
06-14-2020,14:45,60098,309,2226
06-14-2020,14:45,60099,569,2971
06-14-2020,14:45,60101,794,3703
06-14-2020,14:45,60102,153,1681
06-14-2020,14:45,60103,277,2719
06-14-2020,14:45,60104,406,2313
06-14-2020,14:45,60106,508,2348
06-14-2020,14:45,60107,635,3629
06-14-2020,14:45,60108,315,2748
06-14-2020,14:45,60109,11,307
06-14-2020,14:45,60110,698,2963
06-14-2020,14:45,60112,28,299
06-14-2020,14:45,60115,272,3100
06-14-2020,14:45,60118,80,897
06-14-2020,14:45,60119,37,560
06-14-2020,14:45,60120,1312,5265
06-14-2020,14:45,60123,823,4653
06-14-2020,14:45,60124,114,1363
06-14-2020,14:45,60126,263,3214
06-14-2020,14:45,60130,147,2066
06-14-2020,14:45,60131,350,1900
06-14-2020,14:45,60133,735,3832
06-14-2020,14:45,60134,155,1576
06-14-2020,14:45,60135,34,451
06-14-2020,14:45,60136,55,429
06-14-2020,14:45,60137,147,2192
06-14-2020,14:45,60139,632,3299
06-14-2020,14:45,60140,91,1047
06-14-2020,14:45,60141,23,598
06-14-2020,14:45,60142,101,1563
06-14-2020,14:45,60143,185,1069
06-14-2020,14:45,60145,6,107
06-14-2020,14:45,60146,8,158
06-14-2020,14:45,60148,378,3610
06-14-2020,14:45,60151,17,248
06-14-2020,14:45,60152,80,635
06-14-2020,14:45,60153,507,2746
06-14-2020,14:45,60154,205,1870
06-14-2020,14:45,60155,169,864
06-14-2020,14:45,60156,160,1457
06-14-2020,14:45,60157,12,148
06-14-2020,14:45,60160,737,3255
06-14-2020,14:45,60162,160,1148
06-14-2020,14:45,60163,88,539
06-14-2020,14:45,60164,517,3461
06-14-2020,14:45,60165,179,614
06-14-2020,14:45,60169,369,2590
06-14-2020,14:45,60171,123,927
06-14-2020,14:45,60172,231,1722
06-14-2020,14:45,60173,106,700
06-14-2020,14:45,60174,165,2302
06-14-2020,14:45,60175,90,1255
06-14-2020,14:45,60176,149,898
06-14-2020,14:45,60177,257,1540
06-14-2020,14:45,60178,59,1223
06-14-2020,14:45,60181,256,2032
06-14-2020,14:45,60184,8,125
06-14-2020,14:45,60185,742,3531
06-14-2020,14:45,60187,131,1940
06-14-2020,14:45,60188,480,3268
06-14-2020,14:45,60189,109,1637
06-14-2020,14:45,60190,49,782
06-14-2020,14:45,60191,220,1225
06-14-2020,14:45,60192,58,745
06-14-2020,14:45,60193,256,2733
06-14-2020,14:45,60194,165,1606
06-14-2020,14:45,60195,18,210
06-14-2020,14:45,60201,325,3929
06-14-2020,14:45,60202,435,3110
06-14-2020,14:45,60203,32,379
06-14-2020,14:45,60301,25,272
06-14-2020,14:45,60302,215,2894
06-14-2020,14:45,60304,79,1209
06-14-2020,14:45,60305,55,741
06-14-2020,14:45,60401,39,786
06-14-2020,14:45,60402,1416,7543
06-14-2020,14:45,60403,204,1819
06-14-2020,14:45,60404,115,1549
06-14-2020,14:45,60406,498,3117
06-14-2020,14:45,60408,19,283
06-14-2020,14:45,60409,596,4472
06-14-2020,14:45,60410,53,781
06-14-2020,14:45,60411,913,6780
06-14-2020,14:45,60415,193,1267
06-14-2020,14:45,60416,12,359
06-14-2020,14:45,60417,159,1537
06-14-2020,14:45,60418,114,592
06-14-2020,14:45,60419,396,2978
06-14-2020,14:45,60420,7,268
06-14-2020,14:45,60421,12,222
06-14-2020,14:45,60422,83,989
06-14-2020,14:45,60423,143,1779
06-14-2020,14:45,60425,172,1453
06-14-2020,14:45,60426,472,3443
06-14-2020,14:45,60428,215,1615
06-14-2020,14:45,60429,228,2386
06-14-2020,14:45,60430,278,2212
06-14-2020,14:45,60431,220,2370
06-14-2020,14:45,60432,447,2247
06-14-2020,14:45,60433,301,1764
06-14-2020,14:45,60434,163,244
06-14-2020,14:45,60435,685,5631
06-14-2020,14:45,60436,249,2028
06-14-2020,14:45,60438,393,2832
06-14-2020,14:45,60439,95,1346
06-14-2020,14:45,60440,877,6397
06-14-2020,14:45,60441,211,2043
06-14-2020,14:45,60442,43,535
06-14-2020,14:45,60443,359,2602
06-14-2020,14:45,60445,157,1617
06-14-2020,14:45,60446,527,4022
06-14-2020,14:45,60447,56,811
06-14-2020,14:45,60448,134,1251
06-14-2020,14:45,60449,71,759
06-14-2020,14:45,60450,48,827
06-14-2020,14:45,60451,116,1746
06-14-2020,14:45,60452,240,2134
06-14-2020,14:45,60453,777,5093
06-14-2020,14:45,60455,300,1652
06-14-2020,14:45,60456,53,376
06-14-2020,14:45,60457,125,954
06-14-2020,14:45,60458,143,1159
06-14-2020,14:45,60459,418,2624
06-14-2020,14:45,60461,58,602
06-14-2020,14:45,60462,326,2829
06-14-2020,14:45,60463,248,1244
06-14-2020,14:45,60464,47,602
06-14-2020,14:45,60465,249,1275
06-14-2020,14:45,60466,491,3229
06-14-2020,14:45,60467,175,1459
06-14-2020,14:45,60468,35,370
06-14-2020,14:45,60469,86,640
06-14-2020,14:45,60471,218,1548
06-14-2020,14:45,60472,71,634
06-14-2020,14:45,60473,407,3271
06-14-2020,14:45,60475,76,809
06-14-2020,14:45,60476,19,218
06-14-2020,14:45,60477,252,2634
06-14-2020,14:45,60478,328,2665
06-14-2020,14:45,60480,36,439
06-14-2020,14:45,60481,29,802
06-14-2020,14:45,60482,106,741
06-14-2020,14:45,60484,113,752
06-14-2020,14:45,60487,147,1536
06-14-2020,14:45,60490,140,1699
06-14-2020,14:45,60491,145,1159
06-14-2020,14:45,60501,289,1318
06-14-2020,14:45,60502,99,1301
06-14-2020,14:45,60503,64,875
06-14-2020,14:45,60504,353,2764
06-14-2020,14:45,60505,1988,8393
06-14-2020,14:45,60506,1087,6612
06-14-2020,14:45,60510,102,1867
06-14-2020,14:45,60513,165,2001
06-14-2020,14:45,60514,47,686
06-14-2020,14:45,60515,100,1545
06-14-2020,14:45,60516,118,1687
06-14-2020,14:45,60517,220,2416
06-14-2020,14:45,60520,9,155
06-14-2020,14:45,60521,181,1418
06-14-2020,14:45,60523,107,903
06-14-2020,14:45,60525,291,3301
06-14-2020,14:45,60526,81,1692
06-14-2020,14:45,60527,235,2691
06-14-2020,14:45,60532,129,2014
06-14-2020,14:45,60534,177,1159
06-14-2020,14:45,60538,311,2258
06-14-2020,14:45,60540,136,2517
06-14-2020,14:45,60541,9,128
06-14-2020,14:45,60542,182,1508
06-14-2020,14:45,60543,269,2545
06-14-2020,14:45,60544,180,2283
06-14-2020,14:45,60545,153,1188
06-14-2020,14:45,60546,166,2370
06-14-2020,14:45,60548,79,967
06-14-2020,14:45,60551,24,164
06-14-2020,14:45,60552,9,232
06-14-2020,14:45,60554,43,729
06-14-2020,14:45,60555,133,1059
06-14-2020,14:45,60558,46,832
06-14-2020,14:45,60559,320,2117
06-14-2020,14:45,60560,107,1446
06-14-2020,14:45,60561,123,1669
06-14-2020,14:45,60563,186,2595
06-14-2020,14:45,60564,164,2297
06-14-2020,14:45,60565,194,2145
06-14-2020,14:45,60585,103,1427
06-14-2020,14:45,60586,361,3554
06-14-2020,14:45,60601,72,970
06-14-2020,14:45,60602,14,209
06-14-2020,14:45,60603,8,106
06-14-2020,14:45,60604,22,154
06-14-2020,14:45,60605,193,2233
06-14-2020,14:45,60606,40,815
06-14-2020,14:45,60607,444,2535
06-14-2020,14:45,60608,1762,8135
06-14-2020,14:45,60609,1783,7471
06-14-2020,14:45,60610,263,3356
06-14-2020,14:45,60611,160,3476
06-14-2020,14:45,60612,707,4790
06-14-2020,14:45,60613,384,3554
06-14-2020,14:45,60614,512,5505
06-14-2020,14:45,60615,391,4202
06-14-2020,14:45,60616,454,5051
06-14-2020,14:45,60617,1148,9196
06-14-2020,14:45,60618,1318,8453
06-14-2020,14:45,60619,917,9084
06-14-2020,14:45,60620,1116,8585
06-14-2020,14:45,60621,549,3620
06-14-2020,14:45,60622,635,4720
06-14-2020,14:45,60623,3349,10740
06-14-2020,14:45,60624,865,4477
06-14-2020,14:45,60625,1417,7453
06-14-2020,14:45,60626,1066,6216
06-14-2020,14:45,60628,1092,7541
06-14-2020,14:45,60629,3296,12894
06-14-2020,14:45,60630,809,5169
06-14-2020,14:45,60631,308,3716
06-14-2020,14:45,60632,3106,10435
06-14-2020,14:45,60633,267,1997
06-14-2020,14:45,60634,1449,9794
06-14-2020,14:45,60636,730,3720
06-14-2020,14:45,60637,635,5876
06-14-2020,14:45,60638,1103,6436
06-14-2020,14:45,60639,3331,12920
06-14-2020,14:45,60640,815,6534
06-14-2020,14:45,60641,1503,8193
06-14-2020,14:45,60642,162,1685
06-14-2020,14:45,60643,725,6003
06-14-2020,14:45,60644,1269,6577
06-14-2020,14:45,60645,1078,5461
06-14-2020,14:45,60646,379,3046
06-14-2020,14:45,60647,1358,8046
06-14-2020,14:45,60649,799,5868
06-14-2020,14:45,60651,1745,7655
06-14-2020,14:45,60652,942,4855
06-14-2020,14:45,60653,533,4687
06-14-2020,14:45,60654,140,1403
06-14-2020,14:45,60655,271,3320
06-14-2020,14:45,60656,285,2756
06-14-2020,14:45,60657,350,4982
06-14-2020,14:45,60659,753,3636
06-14-2020,14:45,60660,437,3212
06-14-2020,14:45,60661,42,635
06-14-2020,14:45,60680,6,90
06-14-2020,14:45,60706,348,3169
06-14-2020,14:45,60707,781,5050
06-14-2020,14:45,60712,169,1395
06-14-2020,14:45,60714,820,3803
06-14-2020,14:45,60803,261,1889
06-14-2020,14:45,60804,2922,11066
06-14-2020,14:45,60805,228,1705
06-14-2020,14:45,60827,364,2667
06-14-2020,14:45,60901,588,4273
06-14-2020,14:45,60911,9,104
06-14-2020,14:45,60912,6,42
06-14-2020,14:45,60913,7,83
06-14-2020,14:45,60914,181,2337
06-14-2020,14:45,60915,71,1093
06-14-2020,14:45,60919,6,32
06-14-2020,14:45,60922,12,191
06-14-2020,14:45,60927,48,324
06-14-2020,14:45,60928,7,43
06-14-2020,14:45,60930,6,43
06-14-2020,14:45,60938,6,117
06-14-2020,14:45,60940,7,196
06-14-2020,14:45,60941,6,113
06-14-2020,14:45,60950,99,1335
06-14-2020,14:45,60954,36,777
06-14-2020,14:45,60955,13,104
06-14-2020,14:45,60957,8,321
06-14-2020,14:45,60958,22,189
06-14-2020,14:45,60964,36,385
06-14-2020,14:45,60970,13,459
06-14-2020,14:45,61008,432,2953
06-14-2020,14:45,61010,15,309
06-14-2020,14:45,61011,10,129
06-14-2020,14:45,61012,19,147
06-14-2020,14:45,61016,38,393
06-14-2020,14:45,61019,6,126
06-14-2020,14:45,61020,14,196
06-14-2020,14:45,61021,83,1276
06-14-2020,14:45,61032,202,2462
06-14-2020,14:45,61036,11,313
06-14-2020,14:45,61041,6,20
06-14-2020,14:45,61054,7,193
06-14-2020,14:45,61061,10,262
06-14-2020,14:45,61063,9,207
06-14-2020,14:45,61064,10,133
06-14-2020,14:45,61065,58,687
06-14-2020,14:45,61068,145,1375
06-14-2020,14:45,61071,39,429
06-14-2020,14:45,61072,38,544
06-14-2020,14:45,61073,68,1059
06-14-2020,14:45,61080,52,511
06-14-2020,14:45,61081,82,849
06-14-2020,14:45,61084,9,110
06-14-2020,14:45,61085,6,118
06-14-2020,14:45,61088,11,314
06-14-2020,14:45,61101,316,2518
06-14-2020,14:45,61102,268,2076
06-14-2020,14:45,61103,296,2811
06-14-2020,14:45,61104,299,1839
06-14-2020,14:45,61107,250,2864
06-14-2020,14:45,61108,401,3026
06-14-2020,14:45,61109,283,2543
06-14-2020,14:45,61111,106,1772
06-14-2020,14:45,61114,105,1471
06-14-2020,14:45,61115,133,1584
06-14-2020,14:45,61201,214,2368
06-14-2020,14:45,61235,8,93
06-14-2020,14:45,61239,8,59
06-14-2020,14:45,61240,12,281
06-14-2020,14:45,61241,16,360
06-14-2020,14:45,61244,197,1918
06-14-2020,14:45,61252,24,217
06-14-2020,14:45,61254,8,518
06-14-2020,14:45,61256,6,87
06-14-2020,14:45,61264,24,525
06-14-2020,14:45,61265,223,2660
06-14-2020,14:45,61270,8,199
06-14-2020,14:45,61275,10,168
06-14-2020,14:45,61282,47,534
06-14-2020,14:45,61314,6,33
06-14-2020,14:45,61341,43,540
06-14-2020,14:45,61342,21,333
06-14-2020,14:45,61350,23,751
06-14-2020,14:45,61354,6,423
06-14-2020,14:45,61356,6,513
06-14-2020,14:45,61364,6,839
06-14-2020,14:45,61401,99,1731
06-14-2020,14:45,61410,6,116
06-14-2020,14:45,61443,20,509
06-14-2020,14:45,61455,88,1084
06-14-2020,14:45,61462,114,703
06-14-2020,14:45,61469,7,117
06-14-2020,14:45,61525,10,463
06-14-2020,14:45,61548,8,494
06-14-2020,14:45,61550,9,1080
06-14-2020,14:45,61554,27,2617
06-14-2020,14:45,61571,17,1381
06-14-2020,14:45,61603,70,1449
06-14-2020,14:45,61604,69,2347
06-14-2020,14:45,61605,52,1175
06-14-2020,14:45,61606,6,329
06-14-2020,14:45,61607,6,571
06-14-2020,14:45,61610,7,303
06-14-2020,14:45,61611,20,1519
06-14-2020,14:45,61614,119,2341
06-14-2020,14:45,61615,32,1642
06-14-2020,14:45,61701,58,2699
06-14-2020,14:45,61704,83,2062
06-14-2020,14:45,61705,16,848
06-14-2020,14:45,61739,6,361
06-14-2020,14:45,61761,60,2493
06-14-2020,14:45,61764,19,745
06-14-2020,14:45,61801,47,2073
06-14-2020,14:45,61802,120,2331
06-14-2020,14:45,61820,120,2283
06-14-2020,14:45,61821,134,3403
06-14-2020,14:45,61822,59,2301
06-14-2020,14:45,61832,26,1468
06-14-2020,14:45,61853,19,1170
06-14-2020,14:45,61856,6,500
06-14-2020,14:45,61866,174,1952
06-14-2020,14:45,61873,6,420
06-14-2020,14:45,61874,30,1146
06-14-2020,14:45,61880,9,346
06-14-2020,14:45,61910,10,308
06-14-2020,14:45,61911,6,134
06-14-2020,14:45,61920,92,1635
06-14-2020,14:45,61938,41,1658
06-14-2020,14:45,61951,8,325
06-14-2020,14:45,61953,15,394
06-14-2020,14:45,62002,119,1109
06-14-2020,14:45,62010,32,239
06-14-2020,14:45,62012,12,234
06-14-2020,14:45,62018,9,101
06-14-2020,14:45,62024,12,248
06-14-2020,14:45,62025,119,990
06-14-2020,14:45,62034,75,643
06-14-2020,14:45,62035,26,402
06-14-2020,14:45,62040,105,1251
06-14-2020,14:45,62049,7,641
06-14-2020,14:45,62052,16,182
06-14-2020,14:45,62056,14,633
06-14-2020,14:45,62059,7,34
06-14-2020,14:45,62060,33,185
06-14-2020,14:45,62062,12,756
06-14-2020,14:45,62069,9,134
06-14-2020,14:45,62088,6,546
06-14-2020,14:45,62090,13,37
06-14-2020,14:45,62095,26,293
06-14-2020,14:45,62201,41,252
06-14-2020,14:45,62203,48,396
06-14-2020,14:45,62204,56,396
06-14-2020,14:45,62205,65,501
06-14-2020,14:45,62206,141,824
06-14-2020,14:45,62207,96,439
06-14-2020,14:45,62208,86,730
06-14-2020,14:45,62220,154,811
06-14-2020,14:45,62221,135,938
06-14-2020,14:45,62223,63,646
06-14-2020,14:45,62226,175,1228
06-14-2020,14:45,62230,22,380
06-14-2020,14:45,62231,83,523
06-14-2020,14:45,62232,29,591
06-14-2020,14:45,62233,100,670
06-14-2020,14:45,62234,98,1101
06-14-2020,14:45,62236,45,209
06-14-2020,14:45,62237,6,256
06-14-2020,14:45,62238,6,47
06-14-2020,14:45,62239,15,110
06-14-2020,14:45,62241,6,52
06-14-2020,14:45,62242,6,45
06-14-2020,14:45,62243,8,106
06-14-2020,14:45,62246,7,302
06-14-2020,14:45,62249,18,487
06-14-2020,14:45,62254,68,394
06-14-2020,14:45,62255,6,39
06-14-2020,14:45,62257,11,119
06-14-2020,14:45,62258,17,355
06-14-2020,14:45,62260,13,116
06-14-2020,14:45,62264,51,104
06-14-2020,14:45,62265,35,617
06-14-2020,14:45,62269,90,919
06-14-2020,14:45,62272,50,172
06-14-2020,14:45,62274,10,219
06-14-2020,14:45,62278,16,217
06-14-2020,14:45,62285,19,96
06-14-2020,14:45,62286,51,435
06-14-2020,14:45,62288,33,255
06-14-2020,14:45,62293,9,210
06-14-2020,14:45,62294,22,385
06-14-2020,14:45,62295,9,44
06-14-2020,14:45,62298,55,557
06-14-2020,14:45,62301,22,3207
06-14-2020,14:45,62305,16,371
06-14-2020,14:45,62353,7,353
06-14-2020,14:45,62427,6,50
06-14-2020,14:45,62428,7,153
06-14-2020,14:45,62441,9,269
06-14-2020,14:45,62448,37,468
06-14-2020,14:45,62454,9,231
06-14-2020,14:45,62471,17,423
06-14-2020,14:45,62474,6,51
06-14-2020,14:45,62521,110,1748
06-14-2020,14:45,62522,36,519
06-14-2020,14:45,62526,51,1498
06-14-2020,14:45,62560,7,105
06-14-2020,14:45,62563,6,447
06-14-2020,14:45,62565,14,625
06-14-2020,14:45,62568,28,779
06-14-2020,14:45,62618,67,707
06-14-2020,14:45,62629,15,1114
06-14-2020,14:45,62650,89,1817
06-14-2020,14:45,62656,10,1675
06-14-2020,14:45,62664,11,291
06-14-2020,14:45,62675,11,461
06-14-2020,14:45,62681,12,340
06-14-2020,14:45,62684,71,800
06-14-2020,14:45,62692,8,173
06-14-2020,14:45,62702,76,4053
06-14-2020,14:45,62703,67,2963
06-14-2020,14:45,62704,54,3523
06-14-2020,14:45,62707,19,945
06-14-2020,14:45,62711,29,1591
06-14-2020,14:45,62712,6,813
06-14-2020,14:45,62801,65,1546
06-14-2020,14:45,62832,16,474
06-14-2020,14:45,62837,7,443
06-14-2020,14:45,62863,11,353
06-14-2020,14:45,62864,85,1278
06-14-2020,14:45,62882,14,155
06-14-2020,14:45,62901,162,2033
06-14-2020,14:45,62902,18,271
06-14-2020,14:45,62906,79,828
06-14-2020,14:45,62907,20,117
06-14-2020,14:45,62912,8,66
06-14-2020,14:45,62918,14,583
06-14-2020,14:45,62920,69,382
06-14-2020,14:45,62939,10,137
06-14-2020,14:45,62948,19,746
06-14-2020,14:45,62951,6,237
06-14-2020,14:45,62952,10,182
06-14-2020,14:45,62959,33,1586
06-14-2020,14:45,62966,99,1200
06-14-2020,14:45,62992,49,175
06-13-2020,14:45,60002,106,1144
06-13-2020,14:45,60004,336,5648
06-13-2020,14:45,60005,187,2430
06-13-2020,14:45,60007,342,2284
06-13-2020,14:45,60008,333,3087
06-13-2020,14:45,60010,125,1934
06-13-2020,14:45,60012,82,529
06-13-2020,14:45,60013,93,1004
06-13-2020,14:45,60014,284,2626
06-13-2020,14:45,60015,179,1685
06-13-2020,14:45,60016,1033,5878
06-13-2020,14:45,60018,630,3236
06-13-2020,14:45,60020,39,705
06-13-2020,14:45,60021,22,229
06-13-2020,14:45,60022,26,441
06-13-2020,14:45,60025,357,3317
06-13-2020,14:45,60026,143,1236
06-13-2020,14:45,60029,8,71
06-13-2020,14:45,60030,179,2201
06-13-2020,14:45,60031,336,2894
06-13-2020,14:45,60033,194,1036
06-13-2020,14:45,60035,262,2580
06-13-2020,14:45,60040,178,549
06-13-2020,14:45,60041,45,538
06-13-2020,14:45,60042,37,388
06-13-2020,14:45,60043,19,191
06-13-2020,14:45,60044,102,915
06-13-2020,14:45,60045,116,1370
06-13-2020,14:45,60046,200,1857
06-13-2020,14:45,60047,380,2553
06-13-2020,14:45,60048,146,1561
06-13-2020,14:45,60050,218,1976
06-13-2020,14:45,60051,120,1316
06-13-2020,14:45,60053,282,2047
06-13-2020,14:45,60056,615,4012
06-13-2020,14:45,60060,429,2355
06-13-2020,14:45,60061,174,1863
06-13-2020,14:45,60062,313,3437
06-13-2020,14:45,60064,639,1852
06-13-2020,14:45,60067,216,3001
06-13-2020,14:45,60068,302,2607
06-13-2020,14:45,60069,89,934
06-13-2020,14:45,60070,248,1429
06-13-2020,14:45,60071,12,181
06-13-2020,14:45,60073,1021,5016
06-13-2020,14:45,60074,444,2778
06-13-2020,14:45,60076,495,3394
06-13-2020,14:45,60077,393,2676
06-13-2020,14:45,60079,11,52
06-13-2020,14:45,60081,41,433
06-13-2020,14:45,60083,98,803
06-13-2020,14:45,60084,179,941
06-13-2020,14:45,60085,2375,8757
06-13-2020,14:45,60087,645,3218
06-13-2020,14:45,60088,56,446
06-13-2020,14:45,60089,279,2385
06-13-2020,14:45,60090,786,3745
06-13-2020,14:45,60091,153,1676
06-13-2020,14:45,60093,163,1429
06-13-2020,14:45,60096,38,395
06-13-2020,14:45,60097,40,567
06-13-2020,14:45,60098,306,2182
06-13-2020,14:45,60099,567,2939
06-13-2020,14:45,60101,790,3662
06-13-2020,14:45,60102,153,1647
06-13-2020,14:45,60103,275,2683
06-13-2020,14:45,60104,404,2288
06-13-2020,14:45,60106,508,2328
06-13-2020,14:45,60107,633,3547
06-13-2020,14:45,60108,314,2710
06-13-2020,14:45,60109,11,307
06-13-2020,14:45,60110,700,2919
06-13-2020,14:45,60112,28,298
06-13-2020,14:45,60115,261,3058
06-13-2020,14:45,60118,80,878
06-13-2020,14:45,60119,35,550
06-13-2020,14:45,60120,1306,5213
06-13-2020,14:45,60123,819,4597
06-13-2020,14:45,60124,113,1344
06-13-2020,14:45,60126,259,3142
06-13-2020,14:45,60130,145,1883
06-13-2020,14:45,60131,346,1881
06-13-2020,14:45,60133,728,3781
06-13-2020,14:45,60134,154,1542
06-13-2020,14:45,60135,34,445
06-13-2020,14:45,60136,55,420
06-13-2020,14:45,60137,146,2162
06-13-2020,14:45,60139,630,3242
06-13-2020,14:45,60140,92,1021
06-13-2020,14:45,60141,23,576
06-13-2020,14:45,60142,100,1539
06-13-2020,14:45,60143,184,1049
06-13-2020,14:45,60145,6,107
06-13-2020,14:45,60146,8,156
06-13-2020,14:45,60148,373,3546
06-13-2020,14:45,60151,17,247
06-13-2020,14:45,60152,78,631
06-13-2020,14:45,60153,505,2701
06-13-2020,14:45,60154,205,1844
06-13-2020,14:45,60155,169,856
06-13-2020,14:45,60156,160,1434
06-13-2020,14:45,60157,12,143
06-13-2020,14:45,60160,732,3198
06-13-2020,14:45,60162,160,1136
06-13-2020,14:45,60163,90,535
06-13-2020,14:45,60164,516,3428
06-13-2020,14:45,60165,178,608
06-13-2020,14:45,60169,368,2533
06-13-2020,14:45,60171,121,909
06-13-2020,14:45,60172,228,1642
06-13-2020,14:45,60173,105,688
06-13-2020,14:45,60174,163,2268
06-13-2020,14:45,60175,89,1245
06-13-2020,14:45,60176,147,882
06-13-2020,14:45,60177,254,1519
06-13-2020,14:45,60178,58,1207
06-13-2020,14:45,60181,256,2001
06-13-2020,14:45,60184,7,124
06-13-2020,14:45,60185,741,3490
06-13-2020,14:45,60187,129,1902
06-13-2020,14:45,60188,478,3214
06-13-2020,14:45,60189,109,1587
06-13-2020,14:45,60190,48,771
06-13-2020,14:45,60191,220,1204
06-13-2020,14:45,60192,56,733
06-13-2020,14:45,60193,256,2680
06-13-2020,14:45,60194,164,1556
06-13-2020,14:45,60195,16,204
06-13-2020,14:45,60201,323,3847
06-13-2020,14:45,60202,435,3050
06-13-2020,14:45,60203,30,368
06-13-2020,14:45,60301,25,249
06-13-2020,14:45,60302,215,2839
06-13-2020,14:45,60304,78,1182
06-13-2020,14:45,60305,55,729
06-13-2020,14:45,60401,38,777
06-13-2020,14:45,60402,1416,7431
06-13-2020,14:45,60403,204,1785
06-13-2020,14:45,60404,115,1514
06-13-2020,14:45,60406,493,3081
06-13-2020,14:45,60408,19,278
06-13-2020,14:45,60409,596,4428
06-13-2020,14:45,60410,53,771
06-13-2020,14:45,60411,907,6700
06-13-2020,14:45,60415,190,1215
06-13-2020,14:45,60416,12,352
06-13-2020,14:45,60417,158,1512
06-13-2020,14:45,60418,114,586
06-13-2020,14:45,60419,394,2927
06-13-2020,14:45,60420,7,265
06-13-2020,14:45,60421,12,218
06-13-2020,14:45,60422,82,979
06-13-2020,14:45,60423,142,1742
06-13-2020,14:45,60425,172,1398
06-13-2020,14:45,60426,470,3407
06-13-2020,14:45,60428,214,1598
06-13-2020,14:45,60429,227,2341
06-13-2020,14:45,60430,276,2192
06-13-2020,14:45,60431,219,2332
06-13-2020,14:45,60432,446,2226
06-13-2020,14:45,60433,300,1742
06-13-2020,14:45,60434,163,241
06-13-2020,14:45,60435,681,5497
06-13-2020,14:45,60436,248,2004
06-13-2020,14:45,60438,390,2797
06-13-2020,14:45,60439,95,1332
06-13-2020,14:45,60440,872,6312
06-13-2020,14:45,60441,208,2016
06-13-2020,14:45,60442,43,529
06-13-2020,14:45,60443,356,2577
06-13-2020,14:45,60445,156,1596
06-13-2020,14:45,60446,525,3966
06-13-2020,14:45,60447,56,794
06-13-2020,14:45,60448,133,1225
06-13-2020,14:45,60449,70,752
06-13-2020,14:45,60450,48,816
06-13-2020,14:45,60451,115,1720
06-13-2020,14:45,60452,239,2105
06-13-2020,14:45,60453,773,5026
06-13-2020,14:45,60455,298,1640
06-13-2020,14:45,60456,53,375
06-13-2020,14:45,60457,124,930
06-13-2020,14:45,60458,142,1142
06-13-2020,14:45,60459,416,2581
06-13-2020,14:45,60461,58,591
06-13-2020,14:45,60462,325,2784
06-13-2020,14:45,60463,246,1226
06-13-2020,14:45,60464,47,589
06-13-2020,14:45,60465,247,1256
06-13-2020,14:45,60466,489,3191
06-13-2020,14:45,60467,173,1434
06-13-2020,14:45,60468,35,360
06-13-2020,14:45,60469,85,632
06-13-2020,14:45,60471,218,1527
06-13-2020,14:45,60472,71,629
06-13-2020,14:45,60473,405,3229
06-13-2020,14:45,60475,75,795
06-13-2020,14:45,60476,18,213
06-13-2020,14:45,60477,249,2598
06-13-2020,14:45,60478,328,2640
06-13-2020,14:45,60480,36,432
06-13-2020,14:45,60481,29,788
06-13-2020,14:45,60482,105,723
06-13-2020,14:45,60484,113,743
06-13-2020,14:45,60487,148,1517
06-13-2020,14:45,60490,140,1678
06-13-2020,14:45,60491,145,1145
06-13-2020,14:45,60501,287,1292
06-13-2020,14:45,60502,98,1279
06-13-2020,14:45,60503,64,856
06-13-2020,14:45,60504,347,2703
06-13-2020,14:45,60505,1972,8246
06-13-2020,14:45,60506,1079,6503
06-13-2020,14:45,60510,101,1831
06-13-2020,14:45,60513,165,1981
06-13-2020,14:45,60514,47,680
06-13-2020,14:45,60515,100,1517
06-13-2020,14:45,60516,117,1648
06-13-2020,14:45,60517,218,2379
06-13-2020,14:45,60520,9,153
06-13-2020,14:45,60521,181,1386
06-13-2020,14:45,60523,107,892
06-13-2020,14:45,60525,291,3273
06-13-2020,14:45,60526,81,1668
06-13-2020,14:45,60527,234,2657
06-13-2020,14:45,60532,129,1992
06-13-2020,14:45,60534,178,1147
06-13-2020,14:45,60538,309,2234
06-13-2020,14:45,60540,135,2457
06-13-2020,14:45,60541,9,127
06-13-2020,14:45,60542,180,1470
06-13-2020,14:45,60543,263,2498
06-13-2020,14:45,60544,178,2248
06-13-2020,14:45,60545,153,1176
06-13-2020,14:45,60546,166,2350
06-13-2020,14:45,60548,79,953
06-13-2020,14:45,60551,24,159
06-13-2020,14:45,60552,8,223
06-13-2020,14:45,60554,43,724
06-13-2020,14:45,60555,131,1043
06-13-2020,14:45,60558,46,815
06-13-2020,14:45,60559,320,2083
06-13-2020,14:45,60560,107,1417
06-13-2020,14:45,60561,123,1650
06-13-2020,14:45,60563,185,2548
06-13-2020,14:45,60564,161,2245
06-13-2020,14:45,60565,194,2099
06-13-2020,14:45,60585,102,1398
06-13-2020,14:45,60586,357,3503
06-13-2020,14:45,60601,72,950
06-13-2020,14:45,60602,14,204
06-13-2020,14:45,60603,8,105
06-13-2020,14:45,60604,22,154
06-13-2020,14:45,60605,193,2183
06-13-2020,14:45,60606,40,806
06-13-2020,14:45,60607,444,2495
06-13-2020,14:45,60608,1760,8036
06-13-2020,14:45,60609,1783,7381
06-13-2020,14:45,60610,263,3279
06-13-2020,14:45,60611,160,3387
06-13-2020,14:45,60612,706,4738
06-13-2020,14:45,60613,381,3450
06-13-2020,14:45,60614,511,5403
06-13-2020,14:45,60615,389,4129
06-13-2020,14:45,60616,453,4797
06-13-2020,14:45,60617,1141,9044
06-13-2020,14:45,60618,1310,8312
06-13-2020,14:45,60619,910,8978
06-13-2020,14:45,60620,1115,8502
06-13-2020,14:45,60621,549,3582
06-13-2020,14:45,60622,634,4596
06-13-2020,14:45,60623,3351,10653
06-13-2020,14:45,60624,864,4434
06-13-2020,14:45,60625,1413,7327
06-13-2020,14:45,60626,1063,5986
06-13-2020,14:45,60628,1082,7461
06-13-2020,14:45,60629,3272,12709
06-13-2020,14:45,60630,805,5086
06-13-2020,14:45,60631,307,3642
06-13-2020,14:45,60632,3103,10331
06-13-2020,14:45,60633,266,1978
06-13-2020,14:45,60634,1449,9655
06-13-2020,14:45,60636,729,3683
06-13-2020,14:45,60637,636,5765
06-13-2020,14:45,60638,1100,6338
06-13-2020,14:45,60639,3320,12777
06-13-2020,14:45,60640,810,6350
06-13-2020,14:45,60641,1497,8013
06-13-2020,14:45,60642,161,1634
06-13-2020,14:45,60643,723,5925
06-13-2020,14:45,60644,1268,6524
06-13-2020,14:45,60645,1071,5369
06-13-2020,14:45,60646,376,2986
06-13-2020,14:45,60647,1347,7826
06-13-2020,14:45,60649,799,5811
06-13-2020,14:45,60651,1737,7549
06-13-2020,14:45,60652,940,4791
06-13-2020,14:45,60653,530,4570
06-13-2020,14:45,60654,140,1367
06-13-2020,14:45,60655,270,3270
06-13-2020,14:45,60656,279,2711
06-13-2020,14:45,60657,348,4870
06-13-2020,14:45,60659,750,3559
06-13-2020,14:45,60660,437,3124
06-13-2020,14:45,60661,42,621
06-13-2020,14:45,60680,6,90
06-13-2020,14:45,60706,347,3124
06-13-2020,14:45,60707,776,4965
06-13-2020,14:45,60712,168,1384
06-13-2020,14:45,60714,818,3709
06-13-2020,14:45,60803,262,1869
06-13-2020,14:45,60804,2916,10941
06-13-2020,14:45,60805,227,1683
06-13-2020,14:45,60827,361,2639
06-13-2020,14:45,60901,586,4212
06-13-2020,14:45,60911,9,100
06-13-2020,14:45,60912,6,42
06-13-2020,14:45,60913,7,83
06-13-2020,14:45,60914,181,2289
06-13-2020,14:45,60915,71,1066
06-13-2020,14:45,60919,6,32
06-13-2020,14:45,60922,12,187
06-13-2020,14:45,60927,48,309
06-13-2020,14:45,60928,7,42
06-13-2020,14:45,60930,6,43
06-13-2020,14:45,60938,6,111
06-13-2020,14:45,60940,7,195
06-13-2020,14:45,60941,6,113
06-13-2020,14:45,60950,99,1314
06-13-2020,14:45,60954,36,772
06-13-2020,14:45,60955,13,103
06-13-2020,14:45,60957,8,315
06-13-2020,14:45,60958,22,183
06-13-2020,14:45,60964,36,380
06-13-2020,14:45,60970,13,451
06-13-2020,14:45,61008,429,2925
06-13-2020,14:45,61010,15,306
06-13-2020,14:45,61011,11,126
06-13-2020,14:45,61012,18,144
06-13-2020,14:45,61016,37,384
06-13-2020,14:45,61019,6,124
06-13-2020,14:45,61020,14,194
06-13-2020,14:45,61021,83,1258
06-13-2020,14:45,61032,200,2431
06-13-2020,14:45,61036,11,313
06-13-2020,14:45,61041,6,20
06-13-2020,14:45,61054,7,192
06-13-2020,14:45,61061,10,254
06-13-2020,14:45,61063,9,205
06-13-2020,14:45,61064,10,133
06-13-2020,14:45,61065,58,673
06-13-2020,14:45,61068,145,1364
06-13-2020,14:45,61071,39,421
06-13-2020,14:45,61072,38,535
06-13-2020,14:45,61073,67,1044
06-13-2020,14:45,61080,52,505
06-13-2020,14:45,61081,82,837
06-13-2020,14:45,61084,9,107
06-13-2020,14:45,61085,6,116
06-13-2020,14:45,61088,11,307
06-13-2020,14:45,61101,306,2466
06-13-2020,14:45,61102,261,2016
06-13-2020,14:45,61103,290,2749
06-13-2020,14:45,61104,294,1799
06-13-2020,14:45,61107,249,2832
06-13-2020,14:45,61108,398,2986
06-13-2020,14:45,61109,280,2501
06-13-2020,14:45,61111,106,1738
06-13-2020,14:45,61114,105,1447
06-13-2020,14:45,61115,131,1560
06-13-2020,14:45,61201,213,2319
06-13-2020,14:45,61235,8,93
06-13-2020,14:45,61239,8,59
06-13-2020,14:45,61240,12,270
06-13-2020,14:45,61241,16,355
06-13-2020,14:45,61244,197,1896
06-13-2020,14:45,61252,23,167
06-13-2020,14:45,61254,8,503
06-13-2020,14:45,61256,6,86
06-13-2020,14:45,61264,24,517
06-13-2020,14:45,61265,223,2626
06-13-2020,14:45,61270,8,195
06-13-2020,14:45,61275,10,167
06-13-2020,14:45,61282,47,525
06-13-2020,14:45,61314,6,32
06-13-2020,14:45,61341,43,540
06-13-2020,14:45,61342,21,331
06-13-2020,14:45,61350,23,741
06-13-2020,14:45,61354,6,421
06-13-2020,14:45,61356,6,505
06-13-2020,14:45,61401,97,1694
06-13-2020,14:45,61410,6,112
06-13-2020,14:45,61443,20,498
06-13-2020,14:45,61455,88,1065
06-13-2020,14:45,61462,114,694
06-13-2020,14:45,61469,7,116
06-13-2020,14:45,61525,10,450
06-13-2020,14:45,61548,8,478
06-13-2020,14:45,61550,8,1022
06-13-2020,14:45,61554,27,2558
06-13-2020,14:45,61571,16,1240
06-13-2020,14:45,61603,69,1411
06-13-2020,14:45,61604,69,2286
06-13-2020,14:45,61605,52,1140
06-13-2020,14:45,61606,6,316
06-13-2020,14:45,61607,6,561
06-13-2020,14:45,61610,7,297
06-13-2020,14:45,61611,20,1482
06-13-2020,14:45,61614,118,2228
06-13-2020,14:45,61615,32,1605
06-13-2020,14:45,61701,58,2636
06-13-2020,14:45,61704,83,2040
06-13-2020,14:45,61705,16,839
06-13-2020,14:45,61739,6,357
06-13-2020,14:45,61761,60,2464
06-13-2020,14:45,61764,19,715
06-13-2020,14:45,61801,46,1976
06-13-2020,14:45,61802,119,2244
06-13-2020,14:45,61820,116,2184
06-13-2020,14:45,61821,132,3282
06-13-2020,14:45,61822,57,2218
06-13-2020,14:45,61832,26,1431
06-13-2020,14:45,61853,19,1128
06-13-2020,14:45,61856,6,478
06-13-2020,14:45,61866,173,1920
06-13-2020,14:45,61873,6,409
06-13-2020,14:45,61874,28,1106
06-13-2020,14:45,61880,9,337
06-13-2020,14:45,61910,8,298
06-13-2020,14:45,61920,92,1574
06-13-2020,14:45,61938,41,1598
06-13-2020,14:45,61951,7,312
06-13-2020,14:45,61953,15,387
06-13-2020,14:45,62002,109,1083
06-13-2020,14:45,62010,32,234
06-13-2020,14:45,62012,12,231
06-13-2020,14:45,62018,9,100
06-13-2020,14:45,62024,12,244
06-13-2020,14:45,62025,119,917
06-13-2020,14:45,62034,75,626
06-13-2020,14:45,62035,26,399
06-13-2020,14:45,62040,99,1185
06-13-2020,14:45,62049,7,638
06-13-2020,14:45,62052,16,182
06-13-2020,14:45,62056,14,625
06-13-2020,14:45,62059,7,33
06-13-2020,14:45,62060,31,142
06-13-2020,14:45,62062,12,590
06-13-2020,14:45,62069,9,132
06-13-2020,14:45,62088,7,543
06-13-2020,14:45,62090,13,37
06-13-2020,14:45,62095,26,254
06-13-2020,14:45,62201,38,217
06-13-2020,14:45,62203,48,388
06-13-2020,14:45,62204,56,388
06-13-2020,14:45,62205,64,485
06-13-2020,14:45,62206,138,808
06-13-2020,14:45,62207,93,428
06-13-2020,14:45,62208,85,711
06-13-2020,14:45,62220,154,792
06-13-2020,14:45,62221,133,927
06-13-2020,14:45,62223,63,549
06-13-2020,14:45,62226,172,1194
06-13-2020,14:45,62230,20,377
06-13-2020,14:45,62231,83,519
06-13-2020,14:45,62232,29,586
06-13-2020,14:45,62233,100,658
06-13-2020,14:45,62234,96,1062
06-13-2020,14:45,62236,45,206
06-13-2020,14:45,62237,6,256
06-13-2020,14:45,62238,6,46
06-13-2020,14:45,62239,15,106
06-13-2020,14:45,62241,6,52
06-13-2020,14:45,62242,6,44
06-13-2020,14:45,62243,8,103
06-13-2020,14:45,62246,7,300
06-13-2020,14:45,62249,15,472
06-13-2020,14:45,62254,62,390
06-13-2020,14:45,62255,6,39
06-13-2020,14:45,62257,11,119
06-13-2020,14:45,62258,17,347
06-13-2020,14:45,62260,13,115
06-13-2020,14:45,62264,51,103
06-13-2020,14:45,62265,35,607
06-13-2020,14:45,62269,90,895
06-13-2020,14:45,62272,50,171
06-13-2020,14:45,62274,10,214
06-13-2020,14:45,62278,16,216
06-13-2020,14:45,62285,18,95
06-13-2020,14:45,62286,51,430
06-13-2020,14:45,62288,33,254
06-13-2020,14:45,62293,9,210
06-13-2020,14:45,62294,21,371
06-13-2020,14:45,62295,9,42
06-13-2020,14:45,62298,55,353
06-13-2020,14:45,62301,22,3062
06-13-2020,14:45,62305,16,341
06-13-2020,14:45,62353,7,349
06-13-2020,14:45,62427,6,48
06-13-2020,14:45,62428,7,149
06-13-2020,14:45,62441,8,261
06-13-2020,14:45,62448,37,464
06-13-2020,14:45,62454,9,228
06-13-2020,14:45,62471,17,412
06-13-2020,14:45,62474,6,49
06-13-2020,14:45,62521,109,1625
06-13-2020,14:45,62522,36,512
06-13-2020,14:45,62526,50,1491
06-13-2020,14:45,62560,7,105
06-13-2020,14:45,62563,6,442
06-13-2020,14:45,62565,14,603
06-13-2020,14:45,62568,26,775
06-13-2020,14:45,62618,66,698
06-13-2020,14:45,62629,16,1105
06-13-2020,14:45,62650,88,1763
06-13-2020,14:45,62656,10,1661
06-13-2020,14:45,62664,11,290
06-13-2020,14:45,62675,11,459
06-13-2020,14:45,62681,12,338
06-13-2020,14:45,62684,71,795
06-13-2020,14:45,62692,8,165
06-13-2020,14:45,62702,74,3993
06-13-2020,14:45,62703,67,2925
06-13-2020,14:45,62704,53,3476
06-13-2020,14:45,62707,19,938
06-13-2020,14:45,62711,29,1577
06-13-2020,14:45,62712,6,805
06-13-2020,14:45,62801,65,1530
06-13-2020,14:45,62832,16,469
06-13-2020,14:45,62837,7,438
06-13-2020,14:45,62863,11,332
06-13-2020,14:45,62864,85,1223
06-13-2020,14:45,62882,14,154
06-13-2020,14:45,62901,161,2009
06-13-2020,14:45,62902,18,261
06-13-2020,14:45,62906,79,820
06-13-2020,14:45,62907,20,117
06-13-2020,14:45,62912,8,66
06-13-2020,14:45,62918,14,572
06-13-2020,14:45,62920,67,372
06-13-2020,14:45,62939,10,134
06-13-2020,14:45,62948,19,637
06-13-2020,14:45,62951,6,229
06-13-2020,14:45,62952,10,181
06-13-2020,14:45,62959,33,1569
06-13-2020,14:45,62966,98,1189
06-13-2020,14:45,62992,49,173
06-12-2020,14:45,60002,104,1125
06-12-2020,14:45,60004,336,5384
06-12-2020,14:45,60005,186,2342
06-12-2020,14:45,60007,339,2256
06-12-2020,14:45,60008,331,2974
06-12-2020,14:45,60010,125,1875
06-12-2020,14:45,60012,79,517
06-12-2020,14:45,60013,91,986
06-12-2020,14:45,60014,285,2571
06-12-2020,14:45,60015,179,1663
06-12-2020,14:45,60016,1030,5809
06-12-2020,14:45,60018,629,3201
06-12-2020,14:45,60020,37,699
06-12-2020,14:45,60021,22,225
06-12-2020,14:45,60022,26,433
06-12-2020,14:45,60025,356,3283
06-12-2020,14:45,60026,140,1060
06-12-2020,14:45,60029,8,68
06-12-2020,14:45,60030,177,2147
06-12-2020,14:45,60031,334,2837
06-12-2020,14:45,60033,190,994
06-12-2020,14:45,60035,261,2544
06-12-2020,14:45,60040,176,540
06-12-2020,14:45,60041,44,529
06-12-2020,14:45,60042,35,385
06-12-2020,14:45,60043,19,191
06-12-2020,14:45,60044,101,898
06-12-2020,14:45,60045,116,1322
06-12-2020,14:45,60046,200,1835
06-12-2020,14:45,60047,378,2491
06-12-2020,14:45,60048,145,1532
06-12-2020,14:45,60050,216,1944
06-12-2020,14:45,60051,117,1297
06-12-2020,14:45,60053,279,2023
06-12-2020,14:45,60056,614,3946
06-12-2020,14:45,60060,427,2327
06-12-2020,14:45,60061,173,1837
06-12-2020,14:45,60062,311,3399
06-12-2020,14:45,60064,627,1828
06-12-2020,14:45,60067,212,2758
06-12-2020,14:45,60068,300,2579
06-12-2020,14:45,60069,87,883
06-12-2020,14:45,60070,248,1401
06-12-2020,14:45,60071,12,180
06-12-2020,14:45,60073,1009,4949
06-12-2020,14:45,60074,442,2740
06-12-2020,14:45,60076,494,3319
06-12-2020,14:45,60077,391,2635
06-12-2020,14:45,60079,11,52
06-12-2020,14:45,60081,41,425
06-12-2020,14:45,60083,98,788
06-12-2020,14:45,60084,179,919
06-12-2020,14:45,60085,2366,8629
06-12-2020,14:45,60087,644,3180
06-12-2020,14:45,60088,56,443
06-12-2020,14:45,60089,279,2361
06-12-2020,14:45,60090,784,3691
06-12-2020,14:45,60091,152,1655
06-12-2020,14:45,60093,163,1407
06-12-2020,14:45,60096,38,391
06-12-2020,14:45,60097,40,559
06-12-2020,14:45,60098,306,2140
06-12-2020,14:45,60099,565,2884
06-12-2020,14:45,60101,788,3612
06-12-2020,14:45,60102,150,1620
06-12-2020,14:45,60103,275,2639
06-12-2020,14:45,60104,403,2269
06-12-2020,14:45,60106,504,2300
06-12-2020,14:45,60107,627,3503
06-12-2020,14:45,60108,311,2619
06-12-2020,14:45,60109,11,304
06-12-2020,14:45,60110,699,2872
06-12-2020,14:45,60112,28,285
06-12-2020,14:45,60115,261,2946
06-12-2020,14:45,60118,79,861
06-12-2020,14:45,60119,35,543
06-12-2020,14:45,60120,1303,5153
06-12-2020,14:45,60123,814,4513
06-12-2020,14:45,60124,112,1310
06-12-2020,14:45,60126,257,3093
06-12-2020,14:45,60130,145,1857
06-12-2020,14:45,60131,347,1858
06-12-2020,14:45,60133,729,3736
06-12-2020,14:45,60134,154,1513
06-12-2020,14:45,60135,33,426
06-12-2020,14:45,60136,55,415
06-12-2020,14:45,60137,145,2119
06-12-2020,14:45,60139,628,3199
06-12-2020,14:45,60140,91,989
06-12-2020,14:45,60141,22,565
06-12-2020,14:45,60142,99,1512
06-12-2020,14:45,60143,183,1028
06-12-2020,14:45,60145,6,103
06-12-2020,14:45,60146,8,148
06-12-2020,14:45,60148,374,3485
06-12-2020,14:45,60151,17,243
06-12-2020,14:45,60152,77,623
06-12-2020,14:45,60153,505,2687
06-12-2020,14:45,60154,205,1828
06-12-2020,14:45,60155,169,844
06-12-2020,14:45,60156,159,1404
06-12-2020,14:45,60157,13,139
06-12-2020,14:45,60160,730,3167
06-12-2020,14:45,60162,159,1125
06-12-2020,14:45,60163,90,528
06-12-2020,14:45,60164,516,3398
06-12-2020,14:45,60165,178,604
06-12-2020,14:45,60169,369,2513
06-12-2020,14:45,60171,118,897
06-12-2020,14:45,60172,228,1609
06-12-2020,14:45,60173,105,670
06-12-2020,14:45,60174,161,2237
06-12-2020,14:45,60175,89,1206
06-12-2020,14:45,60176,146,874
06-12-2020,14:45,60177,253,1490
06-12-2020,14:45,60178,57,1146
06-12-2020,14:45,60181,255,1970
06-12-2020,14:45,60184,6,123
06-12-2020,14:45,60185,740,3443
06-12-2020,14:45,60187,129,1873
06-12-2020,14:45,60188,475,3172
06-12-2020,14:45,60189,108,1545
06-12-2020,14:45,60190,47,759
06-12-2020,14:45,60191,220,1190
06-12-2020,14:45,60192,56,718
06-12-2020,14:45,60193,255,2648
06-12-2020,14:45,60194,161,1532
06-12-2020,14:45,60195,16,198
06-12-2020,14:45,60201,320,3752
06-12-2020,14:45,60202,434,3006
06-12-2020,14:45,60203,29,365
06-12-2020,14:45,60301,25,244
06-12-2020,14:45,60302,215,2764
06-12-2020,14:45,60304,75,1158
06-12-2020,14:45,60305,55,712
06-12-2020,14:45,60401,38,648
06-12-2020,14:45,60402,1408,7349
06-12-2020,14:45,60403,202,1763
06-12-2020,14:45,60404,115,1501
06-12-2020,14:45,60406,485,3035
06-12-2020,14:45,60408,19,275
06-12-2020,14:45,60409,592,4365
06-12-2020,14:45,60410,53,763
06-12-2020,14:45,60411,904,6632
06-12-2020,14:45,60415,190,1196
06-12-2020,14:45,60416,11,348
06-12-2020,14:45,60417,158,1487
06-12-2020,14:45,60418,113,581
06-12-2020,14:45,60419,394,2889
06-12-2020,14:45,60420,7,263
06-12-2020,14:45,60421,12,215
06-12-2020,14:45,60422,82,964
06-12-2020,14:45,60423,142,1712
06-12-2020,14:45,60425,172,1387
06-12-2020,14:45,60426,468,3372
06-12-2020,14:45,60428,212,1591
06-12-2020,14:45,60429,227,2316
06-12-2020,14:45,60430,277,2162
06-12-2020,14:45,60431,218,2299
06-12-2020,14:45,60432,444,2201
06-12-2020,14:45,60433,297,1726
06-12-2020,14:45,60434,163,240
06-12-2020,14:45,60435,677,5408
06-12-2020,14:45,60436,248,1980
06-12-2020,14:45,60438,390,2755
06-12-2020,14:45,60439,94,1323
06-12-2020,14:45,60440,870,6196
06-12-2020,14:45,60441,208,1992
06-12-2020,14:45,60442,43,521
06-12-2020,14:45,60443,356,2537
06-12-2020,14:45,60445,151,1570
06-12-2020,14:45,60446,523,3924
06-12-2020,14:45,60447,56,775
06-12-2020,14:45,60448,134,1204
06-12-2020,14:45,60449,71,747
06-12-2020,14:45,60450,48,812
06-12-2020,14:45,60451,115,1698
06-12-2020,14:45,60452,237,2071
06-12-2020,14:45,60453,770,4931
06-12-2020,14:45,60455,298,1624
06-12-2020,14:45,60456,53,371
06-12-2020,14:45,60457,123,920
06-12-2020,14:45,60458,140,1122
06-12-2020,14:45,60459,413,2553
06-12-2020,14:45,60461,57,578
06-12-2020,14:45,60462,325,2740
06-12-2020,14:45,60463,247,1217
06-12-2020,14:45,60464,47,581
06-12-2020,14:45,60465,244,1238
06-12-2020,14:45,60466,489,3168
06-12-2020,14:45,60467,170,1422
06-12-2020,14:45,60468,35,353
06-12-2020,14:45,60469,84,622
06-12-2020,14:45,60471,218,1505
06-12-2020,14:45,60472,70,625
06-12-2020,14:45,60473,401,3177
06-12-2020,14:45,60475,75,780
06-12-2020,14:45,60476,18,209
06-12-2020,14:45,60477,250,2565
06-12-2020,14:45,60478,325,2610
06-12-2020,14:45,60480,36,428
06-12-2020,14:45,60481,29,777
06-12-2020,14:45,60482,103,707
06-12-2020,14:45,60484,113,732
06-12-2020,14:45,60487,144,1491
06-12-2020,14:45,60490,140,1648
06-12-2020,14:45,60491,145,1126
06-12-2020,14:45,60501,285,1281
06-12-2020,14:45,60502,98,1257
06-12-2020,14:45,60503,64,834
06-12-2020,14:45,60504,344,2639
06-12-2020,14:45,60505,1968,8106
06-12-2020,14:45,60506,1073,6353
06-12-2020,14:45,60510,101,1788
06-12-2020,14:45,60513,165,1955
06-12-2020,14:45,60514,47,670
06-12-2020,14:45,60515,100,1487
06-12-2020,14:45,60516,115,1628
06-12-2020,14:45,60517,218,2340
06-12-2020,14:45,60520,9,148
06-12-2020,14:45,60521,181,1369
06-12-2020,14:45,60523,107,876
06-12-2020,14:45,60525,289,3232
06-12-2020,14:45,60526,80,1575
06-12-2020,14:45,60527,234,2626
06-12-2020,14:45,60532,129,1956
06-12-2020,14:45,60534,176,1137
06-12-2020,14:45,60538,308,2194
06-12-2020,14:45,60540,133,2398
06-12-2020,14:45,60541,9,127
06-12-2020,14:45,60542,176,1443
06-12-2020,14:45,60543,263,2447
06-12-2020,14:45,60544,178,2218
06-12-2020,14:45,60545,153,1148
06-12-2020,14:45,60546,167,2329
06-12-2020,14:45,60548,79,929
06-12-2020,14:45,60551,24,155
06-12-2020,14:45,60552,8,216
06-12-2020,14:45,60554,43,712
06-12-2020,14:45,60555,133,1028
06-12-2020,14:45,60558,46,803
06-12-2020,14:45,60559,318,2057
06-12-2020,14:45,60560,106,1384
06-12-2020,14:45,60561,122,1628
06-12-2020,14:45,60563,185,2501
06-12-2020,14:45,60564,158,2198
06-12-2020,14:45,60565,192,2047
06-12-2020,14:45,60585,102,1367
06-12-2020,14:45,60586,355,3455
06-12-2020,14:45,60601,72,938
06-12-2020,14:45,60602,14,199
06-12-2020,14:45,60603,8,104
06-12-2020,14:45,60604,21,151
06-12-2020,14:45,60605,191,2140
06-12-2020,14:45,60606,40,794
06-12-2020,14:45,60607,442,2460
06-12-2020,14:45,60608,1757,7942
06-12-2020,14:45,60609,1769,7325
06-12-2020,14:45,60610,263,3211
06-12-2020,14:45,60611,159,3285
06-12-2020,14:45,60612,706,4679
06-12-2020,14:45,60613,381,3359
06-12-2020,14:45,60614,508,5298
06-12-2020,14:45,60615,386,4050
06-12-2020,14:45,60616,449,4722
06-12-2020,14:45,60617,1137,8929
06-12-2020,14:45,60618,1302,8105
06-12-2020,14:45,60619,910,8872
06-12-2020,14:45,60620,1112,8395
06-12-2020,14:45,60621,547,3551
06-12-2020,14:45,60622,630,4468
06-12-2020,14:45,60623,3335,10564
06-12-2020,14:45,60624,861,4384
06-12-2020,14:45,60625,1404,7211
06-12-2020,14:45,60626,1056,5750
06-12-2020,14:45,60628,1080,7355
06-12-2020,14:45,60629,3259,12571
06-12-2020,14:45,60630,799,5021
06-12-2020,14:45,60631,306,3579
06-12-2020,14:45,60632,3094,10231
06-12-2020,14:45,60633,266,1961
06-12-2020,14:45,60634,1440,9544
06-12-2020,14:45,60636,722,3644
06-12-2020,14:45,60637,630,5698
06-12-2020,14:45,60638,1094,6266
06-12-2020,14:45,60639,3308,12666
06-12-2020,14:45,60640,805,6151
06-12-2020,14:45,60641,1495,7900
06-12-2020,14:45,60642,160,1594
06-12-2020,14:45,60643,718,5843
06-12-2020,14:45,60644,1258,6382
06-12-2020,14:45,60645,1064,5296
06-12-2020,14:45,60646,374,2949
06-12-2020,14:45,60647,1341,7557
06-12-2020,14:45,60649,796,5748
06-12-2020,14:45,60651,1728,7467
06-12-2020,14:45,60652,935,4738
06-12-2020,14:45,60653,529,4511
06-12-2020,14:45,60654,139,1342
06-12-2020,14:45,60655,270,3190
06-12-2020,14:45,60656,279,2678
06-12-2020,14:45,60657,345,4767
06-12-2020,14:45,60659,746,3481
06-12-2020,14:45,60660,434,3042
06-12-2020,14:45,60661,42,606
06-12-2020,14:45,60680,6,90
06-12-2020,14:45,60706,346,3101
06-12-2020,14:45,60707,772,4920
06-12-2020,14:45,60712,166,1363
06-12-2020,14:45,60714,796,3658
06-12-2020,14:45,60803,261,1842
06-12-2020,14:45,60804,2907,10832
06-12-2020,14:45,60805,227,1655
06-12-2020,14:45,60827,361,2598
06-12-2020,14:45,60901,579,4169
06-12-2020,14:45,60911,9,98
06-12-2020,14:45,60912,6,42
06-12-2020,14:45,60913,6,82
06-12-2020,14:45,60914,181,2258
06-12-2020,14:45,60915,71,1061
06-12-2020,14:45,60919,6,31
06-12-2020,14:45,60922,12,185
06-12-2020,14:45,60927,48,307
06-12-2020,14:45,60928,7,41
06-12-2020,14:45,60930,6,39
06-12-2020,14:45,60938,6,109
06-12-2020,14:45,60940,7,188
06-12-2020,14:45,60941,6,112
06-12-2020,14:45,60950,99,1295
06-12-2020,14:45,60954,35,738
06-12-2020,14:45,60955,13,102
06-12-2020,14:45,60957,7,308
06-12-2020,14:45,60958,22,180
06-12-2020,14:45,60964,35,372
06-12-2020,14:45,60970,13,448
06-12-2020,14:45,61008,429,2892
06-12-2020,14:45,61010,14,295
06-12-2020,14:45,61011,11,123
06-12-2020,14:45,61012,18,135
06-12-2020,14:45,61016,36,379
06-12-2020,14:45,61019,6,121
06-12-2020,14:45,61020,14,190
06-12-2020,14:45,61021,83,1237
06-12-2020,14:45,61032,198,2401
06-12-2020,14:45,61036,11,310
06-12-2020,14:45,61041,6,19
06-12-2020,14:45,61054,7,189
06-12-2020,14:45,61061,10,249
06-12-2020,14:45,61063,9,203
06-12-2020,14:45,61064,10,132
06-12-2020,14:45,61065,56,664
06-12-2020,14:45,61068,143,1341
06-12-2020,14:45,61071,39,404
06-12-2020,14:45,61072,38,521
06-12-2020,14:45,61073,67,1017
06-12-2020,14:45,61080,51,493
06-12-2020,14:45,61081,81,798
06-12-2020,14:45,61084,9,104
06-12-2020,14:45,61085,6,116
06-12-2020,14:45,61088,10,301
06-12-2020,14:45,61101,305,2405
06-12-2020,14:45,61102,258,1974
06-12-2020,14:45,61103,286,2680
06-12-2020,14:45,61104,292,1770
06-12-2020,14:45,61107,247,2780
06-12-2020,14:45,61108,392,2912
06-12-2020,14:45,61109,281,2447
06-12-2020,14:45,61111,105,1698
06-12-2020,14:45,61114,103,1413
06-12-2020,14:45,61115,126,1522
06-12-2020,14:45,61201,208,2091
06-12-2020,14:45,61235,8,89
06-12-2020,14:45,61239,7,56
06-12-2020,14:45,61240,12,258
06-12-2020,14:45,61241,16,334
06-12-2020,14:45,61244,188,1846
06-12-2020,14:45,61252,23,163
06-12-2020,14:45,61254,8,491
06-12-2020,14:45,61256,6,85
06-12-2020,14:45,61264,24,506
06-12-2020,14:45,61265,220,2560
06-12-2020,14:45,61270,8,193
06-12-2020,14:45,61275,10,158
06-12-2020,14:45,61282,46,499
06-12-2020,14:45,61314,6,30
06-12-2020,14:45,61341,43,536
06-12-2020,14:45,61342,21,326
06-12-2020,14:45,61350,23,732
06-12-2020,14:45,61354,6,418
06-12-2020,14:45,61356,6,501
06-12-2020,14:45,61401,97,1673
06-12-2020,14:45,61410,6,110
06-12-2020,14:45,61443,20,484
06-12-2020,14:45,61455,88,1055
06-12-2020,14:45,61462,114,687
06-12-2020,14:45,61469,7,116
06-12-2020,14:45,61525,10,443
06-12-2020,14:45,61548,8,469
06-12-2020,14:45,61550,8,966
06-12-2020,14:45,61554,26,2507
06-12-2020,14:45,61571,14,1219
06-12-2020,14:45,61603,59,1377
06-12-2020,14:45,61604,63,2239
06-12-2020,14:45,61605,52,1123
06-12-2020,14:45,61606,6,310
06-12-2020,14:45,61607,6,552
06-12-2020,14:45,61610,7,294
06-12-2020,14:45,61611,20,1462
06-12-2020,14:45,61614,117,2176
06-12-2020,14:45,61615,32,1573
06-12-2020,14:45,61701,56,2475
06-12-2020,14:45,61704,83,1998
06-12-2020,14:45,61705,16,819
06-12-2020,14:45,61739,6,355
06-12-2020,14:45,61761,59,2367
06-12-2020,14:45,61764,19,707
06-12-2020,14:45,61801,46,1915
06-12-2020,14:45,61802,118,2216
06-12-2020,14:45,61820,116,2112
06-12-2020,14:45,61821,132,3207
06-12-2020,14:45,61822,58,2164
06-12-2020,14:45,61832,26,1404
06-12-2020,14:45,61853,19,1107
06-12-2020,14:45,61856,6,462
06-12-2020,14:45,61866,172,1894
06-12-2020,14:45,61873,7,403
06-12-2020,14:45,61874,28,1079
06-12-2020,14:45,61880,9,325
06-12-2020,14:45,61910,8,278
06-12-2020,14:45,61920,92,1557
06-12-2020,14:45,61938,41,1567
06-12-2020,14:45,61951,7,302
06-12-2020,14:45,61953,15,378
06-12-2020,14:45,62002,109,1079
06-12-2020,14:45,62010,24,231
06-12-2020,14:45,62012,12,228
06-12-2020,14:45,62018,8,100
06-12-2020,14:45,62024,12,240
06-12-2020,14:45,62025,118,899
06-12-2020,14:45,62034,75,615
06-12-2020,14:45,62035,26,392
06-12-2020,14:45,62040,91,1154
06-12-2020,14:45,62049,7,635
06-12-2020,14:45,62052,16,179
06-12-2020,14:45,62056,14,617
06-12-2020,14:45,62059,7,31
06-12-2020,14:45,62060,31,137
06-12-2020,14:45,62062,11,586
06-12-2020,14:45,62069,9,128
06-12-2020,14:45,62088,7,543
06-12-2020,14:45,62090,13,36
06-12-2020,14:45,62095,26,252
06-12-2020,14:45,62201,28,204
06-12-2020,14:45,62203,48,378
06-12-2020,14:45,62204,57,371
06-12-2020,14:45,62205,65,469
06-12-2020,14:45,62206,132,782
06-12-2020,14:45,62207,90,401
06-12-2020,14:45,62208,85,692
06-12-2020,14:45,62220,154,765
06-12-2020,14:45,62221,133,910
06-12-2020,14:45,62223,61,537
06-12-2020,14:45,62226,168,1169
06-12-2020,14:45,62230,17,360
06-12-2020,14:45,62231,83,515
06-12-2020,14:45,62232,28,580
06-12-2020,14:45,62233,98,647
06-12-2020,14:45,62234,90,1026
06-12-2020,14:45,62236,44,203
06-12-2020,14:45,62237,6,254
06-12-2020,14:45,62238,6,46
06-12-2020,14:45,62239,16,105
06-12-2020,14:45,62241,6,50
06-12-2020,14:45,62242,6,44
06-12-2020,14:45,62243,8,101
06-12-2020,14:45,62246,7,298
06-12-2020,14:45,62249,15,463
06-12-2020,14:45,62254,62,386
06-12-2020,14:45,62257,11,117
06-12-2020,14:45,62258,17,339
06-12-2020,14:45,62260,12,112
06-12-2020,14:45,62264,50,99
06-12-2020,14:45,62265,35,601
06-12-2020,14:45,62269,88,861
06-12-2020,14:45,62272,50,170
06-12-2020,14:45,62274,10,211
06-12-2020,14:45,62278,16,211
06-12-2020,14:45,62285,18,94
06-12-2020,14:45,62286,51,423
06-12-2020,14:45,62288,33,251
06-12-2020,14:45,62293,9,207
06-12-2020,14:45,62294,21,364
06-12-2020,14:45,62295,9,41
06-12-2020,14:45,62298,53,339
06-12-2020,14:45,62301,22,2516
06-12-2020,14:45,62305,16,303
06-12-2020,14:45,62353,7,348
06-12-2020,14:45,62428,7,147
06-12-2020,14:45,62441,8,252
06-12-2020,14:45,62448,37,462
06-12-2020,14:45,62454,9,224
06-12-2020,14:45,62471,17,410
06-12-2020,14:45,62474,6,48
06-12-2020,14:45,62521,109,1538
06-12-2020,14:45,62522,36,505
06-12-2020,14:45,62526,50,1481
06-12-2020,14:45,62560,7,105
06-12-2020,14:45,62563,6,438
06-12-2020,14:45,62565,14,464
06-12-2020,14:45,62568,26,771
06-12-2020,14:45,62618,68,691
06-12-2020,14:45,62629,16,1100
06-12-2020,14:45,62650,89,1725
06-12-2020,14:45,62656,10,1649
06-12-2020,14:45,62664,11,290
06-12-2020,14:45,62675,11,458
06-12-2020,14:45,62681,12,337
06-12-2020,14:45,62684,71,790
06-12-2020,14:45,62692,8,163
06-12-2020,14:45,62702,75,3954
06-12-2020,14:45,62703,67,2902
06-12-2020,14:45,62704,53,3437
06-12-2020,14:45,62707,19,868
06-12-2020,14:45,62711,29,1568
06-12-2020,14:45,62712,6,795
06-12-2020,14:45,62801,65,1511
06-12-2020,14:45,62832,16,464
06-12-2020,14:45,62837,7,435
06-12-2020,14:45,62863,11,322
06-12-2020,14:45,62864,85,1207
06-12-2020,14:45,62882,14,154
06-12-2020,14:45,62901,160,1963
06-12-2020,14:45,62902,18,256
06-12-2020,14:45,62906,79,812
06-12-2020,14:45,62907,20,115
06-12-2020,14:45,62912,8,66
06-12-2020,14:45,62918,14,527
06-12-2020,14:45,62920,67,363
06-12-2020,14:45,62948,19,611
06-12-2020,14:45,62951,6,223
06-12-2020,14:45,62952,10,180
06-12-2020,14:45,62959,31,1515
06-12-2020,14:45,62966,97,1174
06-12-2020,14:45,62992,49,171
06-11-2020,14:45,60002,104,1108
06-11-2020,14:45,60004,338,5289
06-11-2020,14:45,60005,186,2289
06-11-2020,14:45,60007,337,2192
06-11-2020,14:45,60008,330,2881
06-11-2020,14:45,60010,121,1819
06-11-2020,14:45,60012,78,500
06-11-2020,14:45,60013,91,958
06-11-2020,14:45,60014,280,2445
06-11-2020,14:45,60015,178,1619
06-11-2020,14:45,60016,1024,5696
06-11-2020,14:45,60018,630,3138
06-11-2020,14:45,60020,37,679
06-11-2020,14:45,60021,22,219
06-11-2020,14:45,60022,26,423
06-11-2020,14:45,60025,355,3216
06-11-2020,14:45,60026,137,1038
06-11-2020,14:45,60029,8,66
06-11-2020,14:45,60030,177,2080
06-11-2020,14:45,60031,331,2697
06-11-2020,14:45,60033,186,962
06-11-2020,14:45,60035,259,2496
06-11-2020,14:45,60040,174,521
06-11-2020,14:45,60041,44,519
06-11-2020,14:45,60042,34,372
06-11-2020,14:45,60043,19,185
06-11-2020,14:45,60044,96,865
06-11-2020,14:45,60045,116,1245
06-11-2020,14:45,60046,200,1793
06-11-2020,14:45,60047,364,2421
06-11-2020,14:45,60048,142,1484
06-11-2020,14:45,60050,215,1856
06-11-2020,14:45,60051,117,1265
06-11-2020,14:45,60053,277,1989
06-11-2020,14:45,60056,610,3867
06-11-2020,14:45,60060,428,2279
06-11-2020,14:45,60061,170,1804
06-11-2020,14:45,60062,311,3344
06-11-2020,14:45,60064,627,1800
06-11-2020,14:45,60067,210,2658
06-11-2020,14:45,60068,299,2526
06-11-2020,14:45,60069,87,859
06-11-2020,14:45,60070,247,1378
06-11-2020,14:45,60071,11,173
06-11-2020,14:45,60073,1002,4851
06-11-2020,14:45,60074,442,2681
06-11-2020,14:45,60076,491,3153
06-11-2020,14:45,60077,390,2562
06-11-2020,14:45,60079,11,51
06-11-2020,14:45,60081,41,419
06-11-2020,14:45,60083,98,772
06-11-2020,14:45,60084,180,900
06-11-2020,14:45,60085,2359,8458
06-11-2020,14:45,60087,643,3111
06-11-2020,14:45,60088,55,412
06-11-2020,14:45,60089,277,2302
06-11-2020,14:45,60090,782,3622
06-11-2020,14:45,60091,152,1625
06-11-2020,14:45,60093,163,1392
06-11-2020,14:45,60096,38,382
06-11-2020,14:45,60097,40,535
06-11-2020,14:45,60098,303,2077
06-11-2020,14:45,60099,565,2828
06-11-2020,14:45,60101,786,3550
06-11-2020,14:45,60102,150,1584
06-11-2020,14:45,60103,272,2583
06-11-2020,14:45,60104,402,2227
06-11-2020,14:45,60106,502,2273
06-11-2020,14:45,60107,625,3436
06-11-2020,14:45,60108,306,2567
06-11-2020,14:45,60109,11,303
06-11-2020,14:45,60110,691,2813
06-11-2020,14:45,60112,28,279
06-11-2020,14:45,60115,260,2918
06-11-2020,14:45,60118,78,836
06-11-2020,14:45,60119,35,538
06-11-2020,14:45,60120,1300,5085
06-11-2020,14:45,60123,802,4437
06-11-2020,14:45,60124,112,1286
06-11-2020,14:45,60126,257,3030
06-11-2020,14:45,60130,144,1838
06-11-2020,14:45,60131,344,1829
06-11-2020,14:45,60133,725,3672
06-11-2020,14:45,60134,154,1481
06-11-2020,14:45,60135,32,420
06-11-2020,14:45,60136,54,409
06-11-2020,14:45,60137,145,2066
06-11-2020,14:45,60139,627,3129
06-11-2020,14:45,60140,88,969
06-11-2020,14:45,60141,21,544
06-11-2020,14:45,60142,98,1478
06-11-2020,14:45,60143,182,1004
06-11-2020,14:45,60145,6,102
06-11-2020,14:45,60146,8,147
06-11-2020,14:45,60148,368,3415
06-11-2020,14:45,60151,17,239
06-11-2020,14:45,60152,77,606
06-11-2020,14:45,60153,504,2652
06-11-2020,14:45,60154,205,1800
06-11-2020,14:45,60155,169,834
06-11-2020,14:45,60156,157,1363
06-11-2020,14:45,60157,13,135
06-11-2020,14:45,60160,726,3110
06-11-2020,14:45,60162,159,1112
06-11-2020,14:45,60163,88,511
06-11-2020,14:45,60164,516,3322
06-11-2020,14:45,60165,178,593
06-11-2020,14:45,60169,369,2453
06-11-2020,14:45,60171,117,878
06-11-2020,14:45,60172,224,1576
06-11-2020,14:45,60173,105,659
06-11-2020,14:45,60174,161,2207
06-11-2020,14:45,60175,89,1189
06-11-2020,14:45,60176,144,858
06-11-2020,14:45,60177,253,1458
06-11-2020,14:45,60178,56,1120
06-11-2020,14:45,60181,254,1927
06-11-2020,14:45,60184,6,120
06-11-2020,14:45,60185,739,3391
06-11-2020,14:45,60187,127,1813
06-11-2020,14:45,60188,473,3112
06-11-2020,14:45,60189,106,1514
06-11-2020,14:45,60190,45,736
06-11-2020,14:45,60191,219,1165
06-11-2020,14:45,60192,56,696
06-11-2020,14:45,60193,255,2592
06-11-2020,14:45,60194,159,1498
06-11-2020,14:45,60195,15,190
06-11-2020,14:45,60201,320,3447
06-11-2020,14:45,60202,432,2914
06-11-2020,14:45,60203,29,354
06-11-2020,14:45,60301,25,240
06-11-2020,14:45,60302,215,2697
06-11-2020,14:45,60304,75,1125
06-11-2020,14:45,60305,54,684
06-11-2020,14:45,60401,38,632
06-11-2020,14:45,60402,1403,7204
06-11-2020,14:45,60403,202,1728
06-11-2020,14:45,60404,115,1475
06-11-2020,14:45,60406,484,3002
06-11-2020,14:45,60408,19,268
06-11-2020,14:45,60409,589,4277
06-11-2020,14:45,60410,53,747
06-11-2020,14:45,60411,897,6524
06-11-2020,14:45,60415,190,1177
06-11-2020,14:45,60416,10,338
06-11-2020,14:45,60417,157,1463
06-11-2020,14:45,60418,113,571
06-11-2020,14:45,60419,392,2843
06-11-2020,14:45,60420,7,255
06-11-2020,14:45,60421,12,203
06-11-2020,14:45,60422,82,942
06-11-2020,14:45,60423,142,1674
06-11-2020,14:45,60425,173,1370
06-11-2020,14:45,60426,467,3294
06-11-2020,14:45,60428,211,1572
06-11-2020,14:45,60429,227,2291
06-11-2020,14:45,60430,279,2136
06-11-2020,14:45,60431,217,2257
06-11-2020,14:45,60432,442,2156
06-11-2020,14:45,60433,295,1695
06-11-2020,14:45,60434,164,237
06-11-2020,14:45,60435,672,5300
06-11-2020,14:45,60436,246,1943
06-11-2020,14:45,60438,390,2692
06-11-2020,14:45,60439,94,1295
06-11-2020,14:45,60440,867,5986
06-11-2020,14:45,60441,207,1951
06-11-2020,14:45,60442,43,514
06-11-2020,14:45,60443,356,2493
06-11-2020,14:45,60445,150,1542
06-11-2020,14:45,60446,518,3822
06-11-2020,14:45,60447,56,756
06-11-2020,14:45,60448,133,1185
06-11-2020,14:45,60449,71,738
06-11-2020,14:45,60450,47,789
06-11-2020,14:45,60451,115,1661
06-11-2020,14:45,60452,236,2025
06-11-2020,14:45,60453,770,4857
06-11-2020,14:45,60455,298,1605
06-11-2020,14:45,60456,53,366
06-11-2020,14:45,60457,123,902
06-11-2020,14:45,60458,140,1105
06-11-2020,14:45,60459,412,2520
06-11-2020,14:45,60461,57,569
06-11-2020,14:45,60462,325,2692
06-11-2020,14:45,60463,247,1200
06-11-2020,14:45,60464,47,563
06-11-2020,14:45,60465,241,1228
06-11-2020,14:45,60466,489,3125
06-11-2020,14:45,60467,169,1401
06-11-2020,14:45,60468,35,345
06-11-2020,14:45,60469,81,612
06-11-2020,14:45,60471,218,1488
06-11-2020,14:45,60472,70,613
06-11-2020,14:45,60473,398,3132
06-11-2020,14:45,60475,74,769
06-11-2020,14:45,60476,18,206
06-11-2020,14:45,60477,248,2525
06-11-2020,14:45,60478,321,2578
06-11-2020,14:45,60480,35,419
06-11-2020,14:45,60481,28,763
06-11-2020,14:45,60482,103,696
06-11-2020,14:45,60484,112,726
06-11-2020,14:45,60487,143,1460
06-11-2020,14:45,60490,139,1602
06-11-2020,14:45,60491,145,1113
06-11-2020,14:45,60501,285,1263
06-11-2020,14:45,60502,97,1235
06-11-2020,14:45,60503,64,814
06-11-2020,14:45,60504,343,2589
06-11-2020,14:45,60505,1966,7982
06-11-2020,14:45,60506,1069,6229
06-11-2020,14:45,60510,98,1698
06-11-2020,14:45,60513,165,1907
06-11-2020,14:45,60514,46,661
06-11-2020,14:45,60515,100,1443
06-11-2020,14:45,60516,115,1598
06-11-2020,14:45,60517,218,2281
06-11-2020,14:45,60520,9,146
06-11-2020,14:45,60521,181,1340
06-11-2020,14:45,60523,106,861
06-11-2020,14:45,60525,287,3079
06-11-2020,14:45,60526,80,1553
06-11-2020,14:45,60527,233,2582
06-11-2020,14:45,60532,129,1914
06-11-2020,14:45,60534,175,1119
06-11-2020,14:45,60538,309,2151
06-11-2020,14:45,60540,132,2342
06-11-2020,14:45,60541,9,121
06-11-2020,14:45,60542,175,1409
06-11-2020,14:45,60543,261,2394
06-11-2020,14:45,60544,178,2179
06-11-2020,14:45,60545,153,1118
06-11-2020,14:45,60546,166,2282
06-11-2020,14:45,60548,79,835
06-11-2020,14:45,60551,23,143
06-11-2020,14:45,60552,7,207
06-11-2020,14:45,60554,42,690
06-11-2020,14:45,60555,131,1011
06-11-2020,14:45,60558,46,783
06-11-2020,14:45,60559,318,2025
06-11-2020,14:45,60560,106,1354
06-11-2020,14:45,60561,121,1587
06-11-2020,14:45,60563,185,2448
06-11-2020,14:45,60564,158,2146
06-11-2020,14:45,60565,190,1988
06-11-2020,14:45,60585,101,1327
06-11-2020,14:45,60586,355,3396
06-11-2020,14:45,60601,73,928
06-11-2020,14:45,60602,14,199
06-11-2020,14:45,60603,8,103
06-11-2020,14:45,60604,21,150
06-11-2020,14:45,60605,191,2100
06-11-2020,14:45,60606,40,782
06-11-2020,14:45,60607,441,2413
06-11-2020,14:45,60608,1755,7839
06-11-2020,14:45,60609,1769,7241
06-11-2020,14:45,60610,261,3138
06-11-2020,14:45,60611,158,3228
06-11-2020,14:45,60612,707,4628
06-11-2020,14:45,60613,382,3261
06-11-2020,14:45,60614,503,5138
06-11-2020,14:45,60615,384,3990
06-11-2020,14:45,60616,448,4663
06-11-2020,14:45,60617,1132,8798
06-11-2020,14:45,60618,1297,7952
06-11-2020,14:45,60619,907,8761
06-11-2020,14:45,60620,1108,8281
06-11-2020,14:45,60621,543,3509
06-11-2020,14:45,60622,630,4369
06-11-2020,14:45,60623,3325,10424
06-11-2020,14:45,60624,861,4329
06-11-2020,14:45,60625,1399,6976
06-11-2020,14:45,60626,1051,5561
06-11-2020,14:45,60628,1077,7235
06-11-2020,14:45,60629,3252,12389
06-11-2020,14:45,60630,796,4938
06-11-2020,14:45,60631,305,3527
06-11-2020,14:45,60632,3080,10012
06-11-2020,14:45,60633,261,1936
06-11-2020,14:45,60634,1433,9408
06-11-2020,14:45,60636,719,3589
06-11-2020,14:45,60637,629,5608
06-11-2020,14:45,60638,1093,6164
06-11-2020,14:45,60639,3297,12491
06-11-2020,14:45,60640,796,6008
06-11-2020,14:45,60641,1485,7763
06-11-2020,14:45,60642,156,1554
06-11-2020,14:45,60643,717,5780
06-11-2020,14:45,60644,1255,6286
06-11-2020,14:45,60645,1062,5207
06-11-2020,14:45,60646,374,2905
06-11-2020,14:45,60647,1340,7371
06-11-2020,14:45,60649,795,5667
06-11-2020,14:45,60651,1719,7343
06-11-2020,14:45,60652,934,4680
06-11-2020,14:45,60653,529,4373
06-11-2020,14:45,60654,139,1308
06-11-2020,14:45,60655,270,3152
06-11-2020,14:45,60656,281,2624
06-11-2020,14:45,60657,344,4619
06-11-2020,14:45,60659,741,3405
06-11-2020,14:45,60660,433,2966
06-11-2020,14:45,60661,42,593
06-11-2020,14:45,60680,6,88
06-11-2020,14:45,60706,346,3038
06-11-2020,14:45,60707,772,4854
06-11-2020,14:45,60712,165,1331
06-11-2020,14:45,60714,792,3618
06-11-2020,14:45,60803,260,1809
06-11-2020,14:45,60804,2890,10670
06-11-2020,14:45,60805,227,1640
06-11-2020,14:45,60827,362,2567
06-11-2020,14:45,60901,578,4057
06-11-2020,14:45,60911,9,97
06-11-2020,14:45,60912,6,39
06-11-2020,14:45,60913,6,81
06-11-2020,14:45,60914,178,2201
06-11-2020,14:45,60915,69,1040
06-11-2020,14:45,60919,6,31
06-11-2020,14:45,60922,12,177
06-11-2020,14:45,60927,48,293
06-11-2020,14:45,60928,7,40
06-11-2020,14:45,60930,6,37
06-11-2020,14:45,60938,6,103
06-11-2020,14:45,60940,7,186
06-11-2020,14:45,60941,6,110
06-11-2020,14:45,60950,99,1270
06-11-2020,14:45,60954,35,673
06-11-2020,14:45,60955,13,101
06-11-2020,14:45,60957,8,301
06-11-2020,14:45,60958,22,176
06-11-2020,14:45,60964,34,367
06-11-2020,14:45,60970,13,436
06-11-2020,14:45,61008,426,2866
06-11-2020,14:45,61010,14,292
06-11-2020,14:45,61011,10,120
06-11-2020,14:45,61012,18,126
06-11-2020,14:45,61016,35,370
06-11-2020,14:45,61019,6,115
06-11-2020,14:45,61020,14,186
06-11-2020,14:45,61021,83,1203
06-11-2020,14:45,61032,195,2377
06-11-2020,14:45,61036,11,302
06-11-2020,14:45,61041,6,18
06-11-2020,14:45,61054,7,185
06-11-2020,14:45,61061,10,241
06-11-2020,14:45,61063,9,198
06-11-2020,14:45,61064,10,131
06-11-2020,14:45,61065,56,651
06-11-2020,14:45,61068,143,1324
06-11-2020,14:45,61071,39,391
06-11-2020,14:45,61072,39,508
06-11-2020,14:45,61073,67,994
06-11-2020,14:45,61080,50,485
06-11-2020,14:45,61081,77,719
06-11-2020,14:45,61084,9,104
06-11-2020,14:45,61085,6,105
06-11-2020,14:45,61088,10,298
06-11-2020,14:45,61101,302,2372
06-11-2020,14:45,61102,256,1949
06-11-2020,14:45,61103,285,2651
06-11-2020,14:45,61104,289,1754
06-11-2020,14:45,61107,244,2745
06-11-2020,14:45,61108,393,2870
06-11-2020,14:45,61109,278,2421
06-11-2020,14:45,61111,106,1659
06-11-2020,14:45,61114,100,1392
06-11-2020,14:45,61115,124,1487
06-11-2020,14:45,61201,205,2046
06-11-2020,14:45,61235,8,88
06-11-2020,14:45,61239,7,55
06-11-2020,14:45,61240,12,253
06-11-2020,14:45,61241,16,326
06-11-2020,14:45,61244,184,1804
06-11-2020,14:45,61252,23,158
06-11-2020,14:45,61254,8,474
06-11-2020,14:45,61256,6,83
06-11-2020,14:45,61264,24,489
06-11-2020,14:45,61265,219,2508
06-11-2020,14:45,61270,8,186
06-11-2020,14:45,61275,10,154
06-11-2020,14:45,61282,46,486
06-11-2020,14:45,61314,6,28
06-11-2020,14:45,61341,43,526
06-11-2020,14:45,61342,21,267
06-11-2020,14:45,61350,23,711
06-11-2020,14:45,61354,6,415
06-11-2020,14:45,61356,6,499
06-11-2020,14:45,61401,93,1661
06-11-2020,14:45,61410,6,109
06-11-2020,14:45,61443,20,472
06-11-2020,14:45,61455,83,1028
06-11-2020,14:45,61462,114,686
06-11-2020,14:45,61469,7,115
06-11-2020,14:45,61525,10,424
06-11-2020,14:45,61548,8,456
06-11-2020,14:45,61550,7,915
06-11-2020,14:45,61554,26,2475
06-11-2020,14:45,61571,11,1164
06-11-2020,14:45,61603,56,1347
06-11-2020,14:45,61604,61,2187
06-11-2020,14:45,61605,45,1090
06-11-2020,14:45,61606,6,300
06-11-2020,14:45,61610,7,286
06-11-2020,14:45,61611,21,1440
06-11-2020,14:45,61614,117,2106
06-11-2020,14:45,61615,32,1526
06-11-2020,14:45,61701,55,2419
06-11-2020,14:45,61704,83,1958
06-11-2020,14:45,61705,16,798
06-11-2020,14:45,61739,6,355
06-11-2020,14:45,61761,57,2299
06-11-2020,14:45,61764,19,700
06-11-2020,14:45,61801,46,1824
06-11-2020,14:45,61802,118,2165
06-11-2020,14:45,61820,113,2017
06-11-2020,14:45,61821,130,3082
06-11-2020,14:45,61822,57,2103
06-11-2020,14:45,61832,26,1368
06-11-2020,14:45,61853,18,1078
06-11-2020,14:45,61856,6,451
06-11-2020,14:45,61866,171,1855
06-11-2020,14:45,61874,21,1024
06-11-2020,14:45,61880,6,313
06-11-2020,14:45,61910,8,275
06-11-2020,14:45,61920,92,1514
06-11-2020,14:45,61938,41,1537
06-11-2020,14:45,61951,7,298
06-11-2020,14:45,61953,13,363
06-11-2020,14:45,62002,109,1035
06-11-2020,14:45,62010,23,222
06-11-2020,14:45,62012,12,218
06-11-2020,14:45,62018,8,97
06-11-2020,14:45,62024,12,201
06-11-2020,14:45,62025,118,879
06-11-2020,14:45,62034,75,535
06-11-2020,14:45,62035,26,374
06-11-2020,14:45,62040,91,1112
06-11-2020,14:45,62049,6,630
06-11-2020,14:45,62052,16,164
06-11-2020,14:45,62056,14,601
06-11-2020,14:45,62059,7,31
06-11-2020,14:45,62060,31,134
06-11-2020,14:45,62062,11,570
06-11-2020,14:45,62069,9,126
06-11-2020,14:45,62088,7,535
06-11-2020,14:45,62090,13,35
06-11-2020,14:45,62095,26,227
06-11-2020,14:45,62201,27,197
06-11-2020,14:45,62203,48,369
06-11-2020,14:45,62204,56,367
06-11-2020,14:45,62205,64,461
06-11-2020,14:45,62206,126,759
06-11-2020,14:45,62207,88,383
06-11-2020,14:45,62208,85,674
06-11-2020,14:45,62220,153,728
06-11-2020,14:45,62221,132,880
06-11-2020,14:45,62223,59,529
06-11-2020,14:45,62226,168,1132
06-11-2020,14:45,62230,13,352
06-11-2020,14:45,62231,83,503
06-11-2020,14:45,62232,28,573
06-11-2020,14:45,62233,98,638
06-11-2020,14:45,62234,90,980
06-11-2020,14:45,62236,44,197
06-11-2020,14:45,62237,6,251
06-11-2020,14:45,62238,6,44
06-11-2020,14:45,62239,15,104
06-11-2020,14:45,62241,6,50
06-11-2020,14:45,62242,6,42
06-11-2020,14:45,62243,8,100
06-11-2020,14:45,62246,7,284
06-11-2020,14:45,62249,14,450
06-11-2020,14:45,62254,57,378
06-11-2020,14:45,62257,11,115
06-11-2020,14:45,62258,17,328
06-11-2020,14:45,62260,12,107
06-11-2020,14:45,62264,49,98
06-11-2020,14:45,62265,34,527
06-11-2020,14:45,62269,86,823
06-11-2020,14:45,62272,50,168
06-11-2020,14:45,62274,10,210
06-11-2020,14:45,62278,16,208
06-11-2020,14:45,62285,18,93
06-11-2020,14:45,62286,51,420
06-11-2020,14:45,62288,33,251
06-11-2020,14:45,62293,9,186
06-11-2020,14:45,62294,21,347
06-11-2020,14:45,62295,9,41
06-11-2020,14:45,62298,52,334
06-11-2020,14:45,62301,22,2153
06-11-2020,14:45,62305,16,256
06-11-2020,14:45,62353,7,343
06-11-2020,14:45,62428,7,142
06-11-2020,14:45,62441,8,246
06-11-2020,14:45,62448,37,455
06-11-2020,14:45,62454,8,215
06-11-2020,14:45,62471,17,400
06-11-2020,14:45,62474,6,43
06-11-2020,14:45,62521,109,1502
06-11-2020,14:45,62522,36,490
06-11-2020,14:45,62526,49,1455
06-11-2020,14:45,62560,7,102
06-11-2020,14:45,62563,6,425
06-11-2020,14:45,62565,14,463
06-11-2020,14:45,62568,26,749
06-11-2020,14:45,62618,66,678
06-11-2020,14:45,62629,15,1055
06-11-2020,14:45,62650,85,1636
06-11-2020,14:45,62656,10,1412
06-11-2020,14:45,62664,11,284
06-11-2020,14:45,62675,11,448
06-11-2020,14:45,62681,12,332
06-11-2020,14:45,62684,71,776
06-11-2020,14:45,62692,7,152
06-11-2020,14:45,62702,74,3833
06-11-2020,14:45,62703,69,2816
06-11-2020,14:45,62704,51,3345
06-11-2020,14:45,62707,19,823
06-11-2020,14:45,62711,29,1502
06-11-2020,14:45,62712,6,773
06-11-2020,14:45,62801,65,1448
06-11-2020,14:45,62832,16,459
06-11-2020,14:45,62837,7,433
06-11-2020,14:45,62863,11,316
06-11-2020,14:45,62864,83,1156
06-11-2020,14:45,62882,14,149
06-11-2020,14:45,62901,156,1890
06-11-2020,14:45,62902,18,252
06-11-2020,14:45,62906,79,806
06-11-2020,14:45,62907,20,115
06-11-2020,14:45,62912,8,66
06-11-2020,14:45,62918,14,506
06-11-2020,14:45,62920,67,359
06-11-2020,14:45,62948,19,588
06-11-2020,14:45,62951,6,217
06-11-2020,14:45,62952,10,176
06-11-2020,14:45,62959,32,1488
06-11-2020,14:45,62966,97,1156
06-11-2020,14:45,62992,49,167
06-10-2020,14:45,60002,104,1074
06-10-2020,14:45,60004,334,5181
06-10-2020,14:45,60005,185,2206
06-10-2020,14:45,60007,337,2129
06-10-2020,14:45,60008,327,2801
06-10-2020,14:45,60010,120,1760
06-10-2020,14:45,60012,77,494
06-10-2020,14:45,60013,92,925
06-10-2020,14:45,60014,272,2386
06-10-2020,14:45,60015,178,1583
06-10-2020,14:45,60016,1018,5580
06-10-2020,14:45,60018,622,3095
06-10-2020,14:45,60020,37,660
06-10-2020,14:45,60021,22,212
06-10-2020,14:45,60022,26,420
06-10-2020,14:45,60025,355,3157
06-10-2020,14:45,60026,136,1022
06-10-2020,14:45,60029,8,66
06-10-2020,14:45,60030,177,2016
06-10-2020,14:45,60031,328,2628
06-10-2020,14:45,60033,186,945
06-10-2020,14:45,60035,259,2416
06-10-2020,14:45,60040,173,500
06-10-2020,14:45,60041,44,495
06-10-2020,14:45,60042,34,359
06-10-2020,14:45,60043,19,180
06-10-2020,14:45,60044,96,831
06-10-2020,14:45,60045,113,1210
06-10-2020,14:45,60046,199,1661
06-10-2020,14:45,60047,363,2368
06-10-2020,14:45,60048,143,1443
06-10-2020,14:45,60050,215,1821
06-10-2020,14:45,60051,116,1234
06-10-2020,14:45,60053,275,1955
06-10-2020,14:45,60056,604,3760
06-10-2020,14:45,60060,423,2225
06-10-2020,14:45,60061,169,1760
06-10-2020,14:45,60062,308,3281
06-10-2020,14:45,60064,613,1774
06-10-2020,14:45,60067,208,2579
06-10-2020,14:45,60068,297,2471
06-10-2020,14:45,60069,86,826
06-10-2020,14:45,60070,248,1347
06-10-2020,14:45,60071,11,166
06-10-2020,14:45,60073,993,4679
06-10-2020,14:45,60074,440,2614
06-10-2020,14:45,60076,490,3088
06-10-2020,14:45,60077,387,2514
06-10-2020,14:45,60079,11,50
06-10-2020,14:45,60081,42,408
06-10-2020,14:45,60083,98,750
06-10-2020,14:45,60084,176,877
06-10-2020,14:45,60085,2350,8289
06-10-2020,14:45,60087,641,3055
06-10-2020,14:45,60088,55,397
06-10-2020,14:45,60089,272,2260
06-10-2020,14:45,60090,778,3559
06-10-2020,14:45,60091,151,1593
06-10-2020,14:45,60093,164,1358
06-10-2020,14:45,60096,38,378
06-10-2020,14:45,60097,40,526
06-10-2020,14:45,60098,301,2032
06-10-2020,14:45,60099,563,2783
06-10-2020,14:45,60101,780,3482
06-10-2020,14:45,60102,151,1529
06-10-2020,14:45,60103,269,2539
06-10-2020,14:45,60104,400,2196
06-10-2020,14:45,60106,502,2244
06-10-2020,14:45,60107,619,3369
06-10-2020,14:45,60108,287,2455
06-10-2020,14:45,60109,11,301
06-10-2020,14:45,60110,686,2744
06-10-2020,14:45,60112,27,275
06-10-2020,14:45,60115,257,2882
06-10-2020,14:45,60118,77,816
06-10-2020,14:45,60119,36,528
06-10-2020,14:45,60120,1288,5025
06-10-2020,14:45,60123,795,4362
06-10-2020,14:45,60124,110,1241
06-10-2020,14:45,60126,259,2963
06-10-2020,14:45,60130,143,1827
06-10-2020,14:45,60131,344,1807
06-10-2020,14:45,60133,720,3611
06-10-2020,14:45,60134,154,1434
06-10-2020,14:45,60135,32,413
06-10-2020,14:45,60136,54,401
06-10-2020,14:45,60137,144,2024
06-10-2020,14:45,60139,623,3080
06-10-2020,14:45,60140,88,943
06-10-2020,14:45,60141,22,543
06-10-2020,14:45,60142,98,1449
06-10-2020,14:45,60143,182,985
06-10-2020,14:45,60145,6,102
06-10-2020,14:45,60146,8,143
06-10-2020,14:45,60148,358,3355
06-10-2020,14:45,60151,17,236
06-10-2020,14:45,60152,77,596
06-10-2020,14:45,60153,503,2622
06-10-2020,14:45,60154,206,1765
06-10-2020,14:45,60155,169,819
06-10-2020,14:45,60156,155,1323
06-10-2020,14:45,60157,13,135
06-10-2020,14:45,60160,724,3080
06-10-2020,14:45,60162,159,1096
06-10-2020,14:45,60163,88,503
06-10-2020,14:45,60164,515,3294
06-10-2020,14:45,60165,176,587
06-10-2020,14:45,60169,367,2392
06-10-2020,14:45,60171,117,861
06-10-2020,14:45,60172,223,1549
06-10-2020,14:45,60173,101,640
06-10-2020,14:45,60174,159,2176
06-10-2020,14:45,60175,89,1173
06-10-2020,14:45,60176,143,850
06-10-2020,14:45,60177,250,1432
06-10-2020,14:45,60178,55,1089
06-10-2020,14:45,60181,252,1888
06-10-2020,14:45,60184,6,118
06-10-2020,14:45,60185,736,3341
06-10-2020,14:45,60187,125,1696
06-10-2020,14:45,60188,474,3060
06-10-2020,14:45,60189,106,1489
06-10-2020,14:45,60190,44,725
06-10-2020,14:45,60191,218,1148
06-10-2020,14:45,60192,55,672
06-10-2020,14:45,60193,254,2529
06-10-2020,14:45,60194,153,1467
06-10-2020,14:45,60195,15,186
06-10-2020,14:45,60201,319,3259
06-10-2020,14:45,60202,431,2842
06-10-2020,14:45,60203,29,343
06-10-2020,14:45,60301,25,238
06-10-2020,14:45,60302,213,2654
06-10-2020,14:45,60304,75,1108
06-10-2020,14:45,60305,53,671
06-10-2020,14:45,60401,38,622
06-10-2020,14:45,60402,1390,7104
06-10-2020,14:45,60403,202,1688
06-10-2020,14:45,60404,113,1443
06-10-2020,14:45,60406,482,2965
06-10-2020,14:45,60408,18,264
06-10-2020,14:45,60409,586,4208
06-10-2020,14:45,60410,53,731
06-10-2020,14:45,60411,888,6432
06-10-2020,14:45,60415,190,1162
06-10-2020,14:45,60416,10,333
06-10-2020,14:45,60417,157,1443
06-10-2020,14:45,60418,113,564
06-10-2020,14:45,60419,392,2810
06-10-2020,14:45,60420,7,254
06-10-2020,14:45,60421,12,193
06-10-2020,14:45,60422,82,932
06-10-2020,14:45,60423,139,1642
06-10-2020,14:45,60425,173,1356
06-10-2020,14:45,60426,464,3244
06-10-2020,14:45,60428,210,1553
06-10-2020,14:45,60429,228,2268
06-10-2020,14:45,60430,279,2100
06-10-2020,14:45,60431,217,2221
06-10-2020,14:45,60432,436,2123
06-10-2020,14:45,60433,292,1683
06-10-2020,14:45,60434,164,236
06-10-2020,14:45,60435,668,5208
06-10-2020,14:45,60436,244,1917
06-10-2020,14:45,60438,389,2647
06-10-2020,14:45,60439,94,1279
06-10-2020,14:45,60440,862,5899
06-10-2020,14:45,60441,203,1928
06-10-2020,14:45,60442,43,509
06-10-2020,14:45,60443,351,2462
06-10-2020,14:45,60445,150,1524
06-10-2020,14:45,60446,515,3768
06-10-2020,14:45,60447,57,745
06-10-2020,14:45,60448,132,1163
06-10-2020,14:45,60449,71,719
06-10-2020,14:45,60450,45,776
06-10-2020,14:45,60451,114,1625
06-10-2020,14:45,60452,235,1994
06-10-2020,14:45,60453,766,4799
06-10-2020,14:45,60455,295,1581
06-10-2020,14:45,60456,52,357
06-10-2020,14:45,60457,121,892
06-10-2020,14:45,60458,140,1092
06-10-2020,14:45,60459,411,2483
06-10-2020,14:45,60461,57,559
06-10-2020,14:45,60462,322,2655
06-10-2020,14:45,60463,247,1187
06-10-2020,14:45,60464,47,554
06-10-2020,14:45,60465,239,1219
06-10-2020,14:45,60466,486,3085
06-10-2020,14:45,60467,168,1386
06-10-2020,14:45,60468,35,338
06-10-2020,14:45,60469,81,602
06-10-2020,14:45,60471,216,1465
06-10-2020,14:45,60472,70,604
06-10-2020,14:45,60473,395,3089
06-10-2020,14:45,60475,73,751
06-10-2020,14:45,60476,17,200
06-10-2020,14:45,60477,246,2488
06-10-2020,14:45,60478,319,2536
06-10-2020,14:45,60480,35,404
06-10-2020,14:45,60481,28,741
06-10-2020,14:45,60482,103,687
06-10-2020,14:45,60484,111,712
06-10-2020,14:45,60487,142,1441
06-10-2020,14:45,60490,138,1569
06-10-2020,14:45,60491,144,1100
06-10-2020,14:45,60501,284,1237
06-10-2020,14:45,60502,97,1203
06-10-2020,14:45,60503,64,783
06-10-2020,14:45,60504,340,2541
06-10-2020,14:45,60505,1958,7881
06-10-2020,14:45,60506,1064,6137
06-10-2020,14:45,60510,98,1635
06-10-2020,14:45,60513,164,1887
06-10-2020,14:45,60514,46,647
06-10-2020,14:45,60515,97,1401
06-10-2020,14:45,60516,114,1563
06-10-2020,14:45,60517,219,2251
06-10-2020,14:45,60520,9,143
06-10-2020,14:45,60521,182,1320
06-10-2020,14:45,60523,106,838
06-10-2020,14:45,60525,286,3030
06-10-2020,14:45,60526,80,1538
06-10-2020,14:45,60527,233,2543
06-10-2020,14:45,60532,126,1889
06-10-2020,14:45,60534,172,1100
06-10-2020,14:45,60538,308,2122
06-10-2020,14:45,60540,132,2287
06-10-2020,14:45,60541,9,119
06-10-2020,14:45,60542,175,1378
06-10-2020,14:45,60543,260,2347
06-10-2020,14:45,60544,177,2146
06-10-2020,14:45,60545,152,1094
06-10-2020,14:45,60546,166,2264
06-10-2020,14:45,60548,78,807
06-10-2020,14:45,60551,23,140
06-10-2020,14:45,60552,7,203
06-10-2020,14:45,60554,42,674
06-10-2020,14:45,60555,130,995
06-10-2020,14:45,60558,46,776
06-10-2020,14:45,60559,319,2002
06-10-2020,14:45,60560,105,1326
06-10-2020,14:45,60561,119,1550
06-10-2020,14:45,60563,185,2407
06-10-2020,14:45,60564,158,2090
06-10-2020,14:45,60565,189,1938
06-10-2020,14:45,60585,101,1298
06-10-2020,14:45,60586,352,3335
06-10-2020,14:45,60601,72,908
06-10-2020,14:45,60602,14,196
06-10-2020,14:45,60603,8,102
06-10-2020,14:45,60604,21,149
06-10-2020,14:45,60605,190,2072
06-10-2020,14:45,60606,42,770
06-10-2020,14:45,60607,438,2371
06-10-2020,14:45,60608,1745,7709
06-10-2020,14:45,60609,1761,7143
06-10-2020,14:45,60610,259,3078
06-10-2020,14:45,60611,157,3163
06-10-2020,14:45,60612,704,4570
06-10-2020,14:45,60613,380,3190
06-10-2020,14:45,60614,501,5046
06-10-2020,14:45,60615,378,3906
06-10-2020,14:45,60616,446,4602
06-10-2020,14:45,60617,1126,8659
06-10-2020,14:45,60618,1285,7836
06-10-2020,14:45,60619,901,8616
06-10-2020,14:45,60620,1104,8158
06-10-2020,14:45,60621,540,3449
06-10-2020,14:45,60622,628,4309
06-10-2020,14:45,60623,3312,10313
06-10-2020,14:45,60624,861,4258
06-10-2020,14:45,60625,1393,6875
06-10-2020,14:45,60626,1045,5430
06-10-2020,14:45,60628,1076,7141
06-10-2020,14:45,60629,3240,12257
06-10-2020,14:45,60630,797,4860
06-10-2020,14:45,60631,305,3483
06-10-2020,14:45,60632,3061,9861
06-10-2020,14:45,60633,261,1926
06-10-2020,14:45,60634,1433,9269
06-10-2020,14:45,60636,717,3543
06-10-2020,14:45,60637,627,5516
06-10-2020,14:45,60638,1089,6100
06-10-2020,14:45,60639,3279,12374
06-10-2020,14:45,60640,790,5891
06-10-2020,14:45,60641,1480,7618
06-10-2020,14:45,60642,154,1528
06-10-2020,14:45,60643,710,5708
06-10-2020,14:45,60644,1253,6205
06-10-2020,14:45,60645,1059,5122
06-10-2020,14:45,60646,370,2861
06-10-2020,14:45,60647,1335,7244
06-10-2020,14:45,60649,766,5578
06-10-2020,14:45,60651,1712,7257
06-10-2020,14:45,60652,932,4604
06-10-2020,14:45,60653,528,4315
06-10-2020,14:45,60654,139,1283
06-10-2020,14:45,60655,269,3109
06-10-2020,14:45,60656,282,2593
06-10-2020,14:45,60657,343,4547
06-10-2020,14:45,60659,740,3354
06-10-2020,14:45,60660,429,2903
06-10-2020,14:45,60661,43,582
06-10-2020,14:45,60680,6,88
06-10-2020,14:45,60706,345,3009
06-10-2020,14:45,60707,773,4792
06-10-2020,14:45,60712,163,1303
06-10-2020,14:45,60714,787,3583
06-10-2020,14:45,60803,260,1790
06-10-2020,14:45,60804,2872,10507
06-10-2020,14:45,60805,224,1616
06-10-2020,14:45,60827,361,2528
06-10-2020,14:45,60901,578,3960
06-10-2020,14:45,60911,9,95
06-10-2020,14:45,60912,6,37
06-10-2020,14:45,60913,6,78
06-10-2020,14:45,60914,176,2136
06-10-2020,14:45,60915,68,1008
06-10-2020,14:45,60919,6,30
06-10-2020,14:45,60922,12,171
06-10-2020,14:45,60927,48,290
06-10-2020,14:45,60928,7,40
06-10-2020,14:45,60930,6,32
06-10-2020,14:45,60938,6,95
06-10-2020,14:45,60940,7,181
06-10-2020,14:45,60941,6,107
06-10-2020,14:45,60950,99,1238
06-10-2020,14:45,60954,34,656
06-10-2020,14:45,60955,13,98
06-10-2020,14:45,60957,8,299
06-10-2020,14:45,60958,22,167
06-10-2020,14:45,60964,34,358
06-10-2020,14:45,60970,13,424
06-10-2020,14:45,61008,421,2817
06-10-2020,14:45,61010,14,283
06-10-2020,14:45,61011,10,117
06-10-2020,14:45,61012,17,122
06-10-2020,14:45,61016,32,360
06-10-2020,14:45,61019,6,109
06-10-2020,14:45,61020,14,184
06-10-2020,14:45,61021,83,1183
06-10-2020,14:45,61032,194,2337
06-10-2020,14:45,61036,11,300
06-10-2020,14:45,61041,6,18
06-10-2020,14:45,61054,7,184
06-10-2020,14:45,61061,10,238
06-10-2020,14:45,61063,9,192
06-10-2020,14:45,61064,10,127
06-10-2020,14:45,61065,56,644
06-10-2020,14:45,61068,143,1319
06-10-2020,14:45,61071,39,381
06-10-2020,14:45,61072,41,490
06-10-2020,14:45,61073,67,964
06-10-2020,14:45,61080,50,474
06-10-2020,14:45,61081,76,710
06-10-2020,14:45,61084,9,101
06-10-2020,14:45,61088,11,294
06-10-2020,14:45,61101,293,2326
06-10-2020,14:45,61102,253,1910
06-10-2020,14:45,61103,282,2595
06-10-2020,14:45,61104,291,1717
06-10-2020,14:45,61107,242,2698
06-10-2020,14:45,61108,392,2824
06-10-2020,14:45,61109,277,2377
06-10-2020,14:45,61111,105,1624
06-10-2020,14:45,61114,100,1374
06-10-2020,14:45,61115,123,1452
06-10-2020,14:45,61201,205,1981
06-10-2020,14:45,61235,8,86
06-10-2020,14:45,61239,7,55
06-10-2020,14:45,61240,12,238
06-10-2020,14:45,61241,16,319
06-10-2020,14:45,61244,182,1641
06-10-2020,14:45,61252,23,155
06-10-2020,14:45,61254,8,459
06-10-2020,14:45,61256,6,82
06-10-2020,14:45,61264,24,473
06-10-2020,14:45,61265,217,2435
06-10-2020,14:45,61270,8,182
06-10-2020,14:45,61275,10,146
06-10-2020,14:45,61282,45,480
06-10-2020,14:45,61314,6,28
06-10-2020,14:45,61341,41,517
06-10-2020,14:45,61342,20,264
06-10-2020,14:45,61350,22,686
06-10-2020,14:45,61354,6,412
06-10-2020,14:45,61356,6,498
06-10-2020,14:45,61401,92,1642
06-10-2020,14:45,61410,6,106
06-10-2020,14:45,61443,19,463
06-10-2020,14:45,61455,79,1004
06-10-2020,14:45,61462,114,682
06-10-2020,14:45,61469,7,114
06-10-2020,14:45,61525,10,414
06-10-2020,14:45,61548,8,447
06-10-2020,14:45,61550,7,902
06-10-2020,14:45,61554,26,2409
06-10-2020,14:45,61571,11,1146
06-10-2020,14:45,61603,50,1304
06-10-2020,14:45,61604,61,2140
06-10-2020,14:45,61605,44,1054
06-10-2020,14:45,61606,6,296
06-10-2020,14:45,61610,7,277
06-10-2020,14:45,61611,21,1410
06-10-2020,14:45,61614,114,2081
06-10-2020,14:45,61615,31,1499
06-10-2020,14:45,61701,51,2382
06-10-2020,14:45,61704,83,1927
06-10-2020,14:45,61705,16,780
06-10-2020,14:45,61739,6,352
06-10-2020,14:45,61761,57,2263
06-10-2020,14:45,61764,19,696
06-10-2020,14:45,61801,46,1805
06-10-2020,14:45,61802,118,2149
06-10-2020,14:45,61820,111,1995
06-10-2020,14:45,61821,129,3038
06-10-2020,14:45,61822,57,2072
06-10-2020,14:45,61832,26,1350
06-10-2020,14:45,61853,18,1063
06-10-2020,14:45,61856,6,448
06-10-2020,14:45,61866,171,1840
06-10-2020,14:45,61874,21,1016
06-10-2020,14:45,61910,8,273
06-10-2020,14:45,61920,92,1487
06-10-2020,14:45,61938,41,1508
06-10-2020,14:45,61951,7,287
06-10-2020,14:45,61953,13,358
06-10-2020,14:45,62002,107,1004
06-10-2020,14:45,62010,19,214
06-10-2020,14:45,62012,12,212
06-10-2020,14:45,62018,8,94
06-10-2020,14:45,62024,11,193
06-10-2020,14:45,62025,117,867
06-10-2020,14:45,62034,74,483
06-10-2020,14:45,62035,26,359
06-10-2020,14:45,62040,88,1091
06-10-2020,14:45,62049,6,540
06-10-2020,14:45,62052,15,156
06-10-2020,14:45,62056,14,588
06-10-2020,14:45,62059,7,27
06-10-2020,14:45,62060,30,131
06-10-2020,14:45,62062,11,562
06-10-2020,14:45,62069,9,126
06-10-2020,14:45,62088,7,523
06-10-2020,14:45,62090,12,33
06-10-2020,14:45,62095,26,221
06-10-2020,14:45,62201,27,191
06-10-2020,14:45,62203,48,361
06-10-2020,14:45,62204,55,353
06-10-2020,14:45,62205,63,450
06-10-2020,14:45,62206,126,737
06-10-2020,14:45,62207,86,373
06-10-2020,14:45,62208,85,651
06-10-2020,14:45,62220,151,699
06-10-2020,14:45,62221,131,862
06-10-2020,14:45,62223,58,516
06-10-2020,14:45,62226,165,1090
06-10-2020,14:45,62230,12,336
06-10-2020,14:45,62231,84,473
06-10-2020,14:45,62232,28,567
06-10-2020,14:45,62233,98,629
06-10-2020,14:45,62234,91,944
06-10-2020,14:45,62236,44,188
06-10-2020,14:45,62237,6,248
06-10-2020,14:45,62238,6,44
06-10-2020,14:45,62239,15,100
06-10-2020,14:45,62241,6,50
06-10-2020,14:45,62242,6,42
06-10-2020,14:45,62243,8,98
06-10-2020,14:45,62246,7,276
06-10-2020,14:45,62249,14,439
06-10-2020,14:45,62254,57,369
06-10-2020,14:45,62257,11,113
06-10-2020,14:45,62258,16,317
06-10-2020,14:45,62260,12,101
06-10-2020,14:45,62264,48,96
06-10-2020,14:45,62265,34,520
06-10-2020,14:45,62269,86,802
06-10-2020,14:45,62272,50,166
06-10-2020,14:45,62274,10,201
06-10-2020,14:45,62278,16,201
06-10-2020,14:45,62285,17,89
06-10-2020,14:45,62286,51,416
06-10-2020,14:45,62288,33,248
06-10-2020,14:45,62293,9,182
06-10-2020,14:45,62294,20,333
06-10-2020,14:45,62295,9,40
06-10-2020,14:45,62298,52,320
06-10-2020,14:45,62301,22,1976
06-10-2020,14:45,62305,16,250
06-10-2020,14:45,62353,7,335
06-10-2020,14:45,62428,7,138
06-10-2020,14:45,62441,8,238
06-10-2020,14:45,62448,37,454
06-10-2020,14:45,62454,8,204
06-10-2020,14:45,62471,17,385
06-10-2020,14:45,62474,6,43
06-10-2020,14:45,62521,109,1448
06-10-2020,14:45,62522,36,477
06-10-2020,14:45,62526,48,1415
06-10-2020,14:45,62560,7,97
06-10-2020,14:45,62565,14,457
06-10-2020,14:45,62568,26,726
06-10-2020,14:45,62618,65,664
06-10-2020,14:45,62629,15,1022
06-10-2020,14:45,62650,40,1428
06-10-2020,14:45,62656,10,1374
06-10-2020,14:45,62664,11,281
06-10-2020,14:45,62675,11,439
06-10-2020,14:45,62681,12,240
06-10-2020,14:45,62684,71,769
06-10-2020,14:45,62692,7,145
06-10-2020,14:45,62702,73,3581
06-10-2020,14:45,62703,66,2654
06-10-2020,14:45,62704,50,3244
06-10-2020,14:45,62707,19,806
06-10-2020,14:45,62711,27,1469
06-10-2020,14:45,62712,6,745
06-10-2020,14:45,62801,65,1408
06-10-2020,14:45,62832,16,450
06-10-2020,14:45,62837,7,426
06-10-2020,14:45,62863,11,312
06-10-2020,14:45,62864,83,1094
06-10-2020,14:45,62882,14,148
06-10-2020,14:45,62901,156,1716
06-10-2020,14:45,62902,18,246
06-10-2020,14:45,62906,79,794
06-10-2020,14:45,62907,20,111
06-10-2020,14:45,62912,8,66
06-10-2020,14:45,62918,14,491
06-10-2020,14:45,62920,67,350
06-10-2020,14:45,62948,19,563
06-10-2020,14:45,62951,6,209
06-10-2020,14:45,62952,10,173
06-10-2020,14:45,62959,32,1453
06-10-2020,14:45,62966,97,1113
06-10-2020,14:45,62992,49,166
06-09-2020,14:45,60002,104,1055
06-09-2020,14:45,60004,331,5070
06-09-2020,14:45,60005,183,2039
06-09-2020,14:45,60007,337,2115
06-09-2020,14:45,60008,324,2777
06-09-2020,14:45,60010,118,1726
06-09-2020,14:45,60012,77,491
06-09-2020,14:45,60013,91,908
06-09-2020,14:45,60014,270,2336
06-09-2020,14:45,60015,177,1541
06-09-2020,14:45,60016,1013,5498
06-09-2020,14:45,60018,618,3041
06-09-2020,14:45,60020,36,646
06-09-2020,14:45,60021,22,209
06-09-2020,14:45,60022,26,405
06-09-2020,14:45,60025,352,3102
06-09-2020,14:45,60026,136,1002
06-09-2020,14:45,60029,8,66
06-09-2020,14:45,60030,174,1959
06-09-2020,14:45,60031,331,2579
06-09-2020,14:45,60033,182,898
06-09-2020,14:45,60035,257,2282
06-09-2020,14:45,60040,172,490
06-09-2020,14:45,60041,44,483
06-09-2020,14:45,60042,34,356
06-09-2020,14:45,60043,19,169
06-09-2020,14:45,60044,96,807
06-09-2020,14:45,60045,113,1176
06-09-2020,14:45,60046,200,1627
06-09-2020,14:45,60047,357,2276
06-09-2020,14:45,60048,145,1412
06-09-2020,14:45,60050,216,1785
06-09-2020,14:45,60051,115,1211
06-09-2020,14:45,60053,274,1915
06-09-2020,14:45,60056,600,3695
06-09-2020,14:45,60060,422,2176
06-09-2020,14:45,60061,167,1724
06-09-2020,14:45,60062,305,3160
06-09-2020,14:45,60064,611,1747
06-09-2020,14:45,60067,205,2501
06-09-2020,14:45,60068,295,2408
06-09-2020,14:45,60069,85,749
06-09-2020,14:45,60070,246,1320
06-09-2020,14:45,60071,11,163
06-09-2020,14:45,60073,987,4603
06-09-2020,14:45,60074,436,2570
06-09-2020,14:45,60076,489,3011
06-09-2020,14:45,60077,387,2452
06-09-2020,14:45,60079,11,50
06-09-2020,14:45,60081,38,402
06-09-2020,14:45,60083,97,722
06-09-2020,14:45,60084,176,857
06-09-2020,14:45,60085,2348,8145
06-09-2020,14:45,60087,639,2995
06-09-2020,14:45,60088,55,397
06-09-2020,14:45,60089,269,2208
06-09-2020,14:45,60090,775,3515
06-09-2020,14:45,60091,151,1543
06-09-2020,14:45,60093,163,1326
06-09-2020,14:45,60096,37,369
06-09-2020,14:45,60097,39,517
06-09-2020,14:45,60098,296,1996
06-09-2020,14:45,60099,563,2736
06-09-2020,14:45,60101,778,3437
06-09-2020,14:45,60102,150,1510
06-09-2020,14:45,60103,268,2502
06-09-2020,14:45,60104,396,2166
06-09-2020,14:45,60106,500,2209
06-09-2020,14:45,60107,618,3327
06-09-2020,14:45,60108,283,2416
06-09-2020,14:45,60109,11,301
06-09-2020,14:45,60110,678,2711
06-09-2020,14:45,60112,27,269
06-09-2020,14:45,60115,255,2815
06-09-2020,14:45,60118,75,796
06-09-2020,14:45,60119,35,523
06-09-2020,14:45,60120,1281,4982
06-09-2020,14:45,60123,788,4288
06-09-2020,14:45,60124,106,1215
06-09-2020,14:45,60126,254,2862
06-09-2020,14:45,60130,142,1795
06-09-2020,14:45,60131,343,1777
06-09-2020,14:45,60133,721,3539
06-09-2020,14:45,60134,154,1371
06-09-2020,14:45,60135,32,410
06-09-2020,14:45,60136,54,392
06-09-2020,14:45,60137,144,1977
06-09-2020,14:45,60139,621,3049
06-09-2020,14:45,60140,88,929
06-09-2020,14:45,60141,22,527
06-09-2020,14:45,60142,98,1415
06-09-2020,14:45,60143,182,974
06-09-2020,14:45,60145,6,99
06-09-2020,14:45,60146,8,141
06-09-2020,14:45,60148,353,3262
06-09-2020,14:45,60151,17,229
06-09-2020,14:45,60152,74,575
06-09-2020,14:45,60153,496,2590
06-09-2020,14:45,60154,204,1730
06-09-2020,14:45,60155,168,813
06-09-2020,14:45,60156,153,1299
06-09-2020,14:45,60157,13,135
06-09-2020,14:45,60160,721,3032
06-09-2020,14:45,60162,156,1083
06-09-2020,14:45,60163,89,497
06-09-2020,14:45,60164,513,3254
06-09-2020,14:45,60165,174,583
06-09-2020,14:45,60169,367,2371
06-09-2020,14:45,60171,116,853
06-09-2020,14:45,60172,222,1533
06-09-2020,14:45,60173,101,630
06-09-2020,14:45,60174,157,2128
06-09-2020,14:45,60175,86,1140
06-09-2020,14:45,60176,143,840
06-09-2020,14:45,60177,249,1408
06-09-2020,14:45,60178,54,1068
06-09-2020,14:45,60181,251,1851
06-09-2020,14:45,60184,6,115
06-09-2020,14:45,60185,729,3300
06-09-2020,14:45,60187,124,1675
06-09-2020,14:45,60188,474,3028
06-09-2020,14:45,60189,106,1462
06-09-2020,14:45,60190,43,711
06-09-2020,14:45,60191,216,1136
06-09-2020,14:45,60192,55,665
06-09-2020,14:45,60193,253,2481
06-09-2020,14:45,60194,152,1449
06-09-2020,14:45,60195,15,186
06-09-2020,14:45,60201,319,3168
06-09-2020,14:45,60202,428,2763
06-09-2020,14:45,60203,29,328
06-09-2020,14:45,60301,25,232
06-09-2020,14:45,60302,213,2611
06-09-2020,14:45,60304,74,1090
06-09-2020,14:45,60305,52,659
06-09-2020,14:45,60401,38,606
06-09-2020,14:45,60402,1378,6990
06-09-2020,14:45,60403,201,1653
06-09-2020,14:45,60404,113,1419
06-09-2020,14:45,60406,479,2941
06-09-2020,14:45,60408,18,255
06-09-2020,14:45,60409,581,4169
06-09-2020,14:45,60410,52,718
06-09-2020,14:45,60411,881,6335
06-09-2020,14:45,60415,186,1110
06-09-2020,14:45,60416,10,323
06-09-2020,14:45,60417,152,1371
06-09-2020,14:45,60418,113,561
06-09-2020,14:45,60419,392,2771
06-09-2020,14:45,60420,7,249
06-09-2020,14:45,60421,12,186
06-09-2020,14:45,60422,82,918
06-09-2020,14:45,60423,137,1615
06-09-2020,14:45,60425,173,1350
06-09-2020,14:45,60426,461,3198
06-09-2020,14:45,60428,209,1534
06-09-2020,14:45,60429,227,2235
06-09-2020,14:45,60430,277,2060
06-09-2020,14:45,60431,215,2185
06-09-2020,14:45,60432,434,2055
06-09-2020,14:45,60433,286,1660
06-09-2020,14:45,60434,163,234
06-09-2020,14:45,60435,664,5107
06-09-2020,14:45,60436,239,1881
06-09-2020,14:45,60438,385,2605
06-09-2020,14:45,60439,92,1263
06-09-2020,14:45,60440,859,5811
06-09-2020,14:45,60441,201,1896
06-09-2020,14:45,60442,42,496
06-09-2020,14:45,60443,350,2426
06-09-2020,14:45,60445,150,1504
06-09-2020,14:45,60446,512,3705
06-09-2020,14:45,60447,57,729
06-09-2020,14:45,60448,131,1145
06-09-2020,14:45,60449,71,709
06-09-2020,14:45,60450,44,759
06-09-2020,14:45,60451,114,1599
06-09-2020,14:45,60452,235,1972
06-09-2020,14:45,60453,763,4696
06-09-2020,14:45,60455,295,1563
06-09-2020,14:45,60456,52,353
06-09-2020,14:45,60457,121,876
06-09-2020,14:45,60458,138,1073
06-09-2020,14:45,60459,406,2438
06-09-2020,14:45,60461,57,548
06-09-2020,14:45,60462,322,2607
06-09-2020,14:45,60463,246,1170
06-09-2020,14:45,60464,47,540
06-09-2020,14:45,60465,238,1201
06-09-2020,14:45,60466,485,3039
06-09-2020,14:45,60467,168,1364
06-09-2020,14:45,60468,34,332
06-09-2020,14:45,60469,81,596
06-09-2020,14:45,60471,215,1447
06-09-2020,14:45,60472,70,594
06-09-2020,14:45,60473,393,3052
06-09-2020,14:45,60475,72,741
06-09-2020,14:45,60476,17,199
06-09-2020,14:45,60477,245,2445
06-09-2020,14:45,60478,316,2502
06-09-2020,14:45,60480,35,397
06-09-2020,14:45,60481,28,722
06-09-2020,14:45,60482,103,672
06-09-2020,14:45,60484,111,704
06-09-2020,14:45,60487,142,1416
06-09-2020,14:45,60490,138,1551
06-09-2020,14:45,60491,141,1073
06-09-2020,14:45,60501,280,1217
06-09-2020,14:45,60502,95,1182
06-09-2020,14:45,60503,64,758
06-09-2020,14:45,60504,336,2486
06-09-2020,14:45,60505,1950,7782
06-09-2020,14:45,60506,1056,6038
06-09-2020,14:45,60510,96,1591
06-09-2020,14:45,60513,164,1857
06-09-2020,14:45,60514,46,640
06-09-2020,14:45,60515,96,1371
06-09-2020,14:45,60516,114,1524
06-09-2020,14:45,60517,219,2203
06-09-2020,14:45,60520,9,139
06-09-2020,14:45,60521,182,1303
06-09-2020,14:45,60523,104,819
06-09-2020,14:45,60525,286,2980
06-09-2020,14:45,60526,80,1521
06-09-2020,14:45,60527,233,2501
06-09-2020,14:45,60532,125,1849
06-09-2020,14:45,60534,171,1079
06-09-2020,14:45,60538,303,2075
06-09-2020,14:45,60540,131,2228
06-09-2020,14:45,60541,9,115
06-09-2020,14:45,60542,169,1345
06-09-2020,14:45,60543,258,2295
06-09-2020,14:45,60544,176,2078
06-09-2020,14:45,60545,152,1068
06-09-2020,14:45,60546,166,2154
06-09-2020,14:45,60548,75,727
06-09-2020,14:45,60551,23,134
06-09-2020,14:45,60552,7,189
06-09-2020,14:45,60554,42,655
06-09-2020,14:45,60555,129,976
06-09-2020,14:45,60558,46,766
06-09-2020,14:45,60559,319,1966
06-09-2020,14:45,60560,105,1282
06-09-2020,14:45,60561,118,1520
06-09-2020,14:45,60563,184,2304
06-09-2020,14:45,60564,156,2028
06-09-2020,14:45,60565,188,1892
06-09-2020,14:45,60585,98,1271
06-09-2020,14:45,60586,349,3271
06-09-2020,14:45,60601,72,890
06-09-2020,14:45,60602,14,190
06-09-2020,14:45,60603,8,99
06-09-2020,14:45,60604,21,149
06-09-2020,14:45,60605,188,2042
06-09-2020,14:45,60606,44,757
06-09-2020,14:45,60607,437,2350
06-09-2020,14:45,60608,1737,7621
06-09-2020,14:45,60609,1760,7084
06-09-2020,14:45,60610,260,3023
06-09-2020,14:45,60611,157,3082
06-09-2020,14:45,60612,701,4526
06-09-2020,14:45,60613,377,3119
06-09-2020,14:45,60614,501,4961
06-09-2020,14:45,60615,379,3830
06-09-2020,14:45,60616,446,4547
06-09-2020,14:45,60617,1122,8556
06-09-2020,14:45,60618,1277,7710
06-09-2020,14:45,60619,902,8526
06-09-2020,14:45,60620,1103,8053
06-09-2020,14:45,60621,540,3405
06-09-2020,14:45,60622,626,4252
06-09-2020,14:45,60623,3293,10230
06-09-2020,14:45,60624,857,4219
06-09-2020,14:45,60625,1383,6771
06-09-2020,14:45,60626,1006,5354
06-09-2020,14:45,60628,1072,7050
06-09-2020,14:45,60629,3229,12120
06-09-2020,14:45,60630,796,4791
06-09-2020,14:45,60631,303,3426
06-09-2020,14:45,60632,3055,9769
06-09-2020,14:45,60633,262,1912
06-09-2020,14:45,60634,1430,9169
06-09-2020,14:45,60636,714,3499
06-09-2020,14:45,60637,626,5440
06-09-2020,14:45,60638,1085,6022
06-09-2020,14:45,60639,3267,12245
06-09-2020,14:45,60640,787,5741
06-09-2020,14:45,60641,1477,7520
06-09-2020,14:45,60642,153,1496
06-09-2020,14:45,60643,704,5635
06-09-2020,14:45,60644,1252,6132
06-09-2020,14:45,60645,1055,5066
06-09-2020,14:45,60646,367,2807
06-09-2020,14:45,60647,1330,7112
06-09-2020,14:45,60649,758,5489
06-09-2020,14:45,60651,1704,7177
06-09-2020,14:45,60652,926,4541
06-09-2020,14:45,60653,524,4264
06-09-2020,14:45,60654,139,1268
06-09-2020,14:45,60655,268,3081
06-09-2020,14:45,60656,280,2565
06-09-2020,14:45,60657,342,4458
06-09-2020,14:45,60659,735,3298
06-09-2020,14:45,60660,426,2855
06-09-2020,14:45,60661,41,571
06-09-2020,14:45,60680,6,88
06-09-2020,14:45,60706,343,2984
06-09-2020,14:45,60707,768,4744
06-09-2020,14:45,60712,162,1115
06-09-2020,14:45,60714,786,3512
06-09-2020,14:45,60803,259,1764
06-09-2020,14:45,60804,2860,10411
06-09-2020,14:45,60805,223,1579
06-09-2020,14:45,60827,361,2490
06-09-2020,14:45,60901,565,3866
06-09-2020,14:45,60911,9,95
06-09-2020,14:45,60912,6,37
06-09-2020,14:45,60913,6,76
06-09-2020,14:45,60914,168,2062
06-09-2020,14:45,60915,66,986
06-09-2020,14:45,60919,6,30
06-09-2020,14:45,60922,12,169
06-09-2020,14:45,60927,48,287
06-09-2020,14:45,60928,7,40
06-09-2020,14:45,60930,6,30
06-09-2020,14:45,60938,6,89
06-09-2020,14:45,60940,7,173
06-09-2020,14:45,60941,6,100
06-09-2020,14:45,60950,98,1215
06-09-2020,14:45,60954,32,644
06-09-2020,14:45,60955,13,96
06-09-2020,14:45,60957,7,288
06-09-2020,14:45,60958,22,160
06-09-2020,14:45,60964,32,348
06-09-2020,14:45,60970,13,420
06-09-2020,14:45,61008,419,2780
06-09-2020,14:45,61010,14,279
06-09-2020,14:45,61011,10,112
06-09-2020,14:45,61012,17,119
06-09-2020,14:45,61016,32,356
06-09-2020,14:45,61019,6,107
06-09-2020,14:45,61020,14,184
06-09-2020,14:45,61021,83,1168
06-09-2020,14:45,61032,192,2278
06-09-2020,14:45,61036,12,293
06-09-2020,14:45,61054,7,181
06-09-2020,14:45,61061,10,234
06-09-2020,14:45,61063,9,185
06-09-2020,14:45,61064,10,126
06-09-2020,14:45,61065,56,633
06-09-2020,14:45,61068,143,1302
06-09-2020,14:45,61071,38,367
06-09-2020,14:45,61072,38,487
06-09-2020,14:45,61073,67,944
06-09-2020,14:45,61080,50,470
06-09-2020,14:45,61081,76,692
06-09-2020,14:45,61084,9,101
06-09-2020,14:45,61088,11,288
06-09-2020,14:45,61101,293,2296
06-09-2020,14:45,61102,247,1873
06-09-2020,14:45,61103,279,2555
06-09-2020,14:45,61104,287,1690
06-09-2020,14:45,61107,241,2674
06-09-2020,14:45,61108,391,2789
06-09-2020,14:45,61109,275,2354
06-09-2020,14:45,61111,104,1604
06-09-2020,14:45,61114,100,1360
06-09-2020,14:45,61115,119,1425
06-09-2020,14:45,61201,206,1889
06-09-2020,14:45,61235,8,82
06-09-2020,14:45,61239,8,55
06-09-2020,14:45,61240,12,227
06-09-2020,14:45,61241,16,311
06-09-2020,14:45,61244,179,1604
06-09-2020,14:45,61252,23,155
06-09-2020,14:45,61254,8,448
06-09-2020,14:45,61256,6,80
06-09-2020,14:45,61264,24,459
06-09-2020,14:45,61265,217,2339
06-09-2020,14:45,61270,8,178
06-09-2020,14:45,61275,10,142
06-09-2020,14:45,61282,44,415
06-09-2020,14:45,61314,6,28
06-09-2020,14:45,61341,41,508
06-09-2020,14:45,61342,20,255
06-09-2020,14:45,61350,21,674
06-09-2020,14:45,61354,6,407
06-09-2020,14:45,61356,6,476
06-09-2020,14:45,61401,91,1609
06-09-2020,14:45,61410,6,103
06-09-2020,14:45,61443,19,456
06-09-2020,14:45,61455,79,986
06-09-2020,14:45,61462,114,678
06-09-2020,14:45,61469,7,112
06-09-2020,14:45,61525,10,396
06-09-2020,14:45,61548,8,429
06-09-2020,14:45,61550,7,879
06-09-2020,14:45,61554,26,2321
06-09-2020,14:45,61571,10,1103
06-09-2020,14:45,61603,44,1252
06-09-2020,14:45,61604,58,2059
06-09-2020,14:45,61605,42,1006
06-09-2020,14:45,61606,6,285
06-09-2020,14:45,61610,7,267
06-09-2020,14:45,61611,21,1351
06-09-2020,14:45,61614,112,2024
06-09-2020,14:45,61615,31,1463
06-09-2020,14:45,61701,50,2329
06-09-2020,14:45,61704,83,1887
06-09-2020,14:45,61705,16,766
06-09-2020,14:45,61739,6,342
06-09-2020,14:45,61761,57,2210
06-09-2020,14:45,61764,19,684
06-09-2020,14:45,61801,46,1739
06-09-2020,14:45,61802,117,2091
06-09-2020,14:45,61820,111,1918
06-09-2020,14:45,61821,129,2946
06-09-2020,14:45,61822,57,2004
06-09-2020,14:45,61832,26,1311
06-09-2020,14:45,61853,18,1034
06-09-2020,14:45,61856,6,434
06-09-2020,14:45,61866,167,1802
06-09-2020,14:45,61874,21,984
06-09-2020,14:45,61910,7,267
06-09-2020,14:45,61920,92,1434
06-09-2020,14:45,61938,39,1447
06-09-2020,14:45,61951,7,277
06-09-2020,14:45,61953,13,349
06-09-2020,14:45,62002,104,1000
06-09-2020,14:45,62010,19,213
06-09-2020,14:45,62012,12,212
06-09-2020,14:45,62018,8,94
06-09-2020,14:45,62024,10,192
06-09-2020,14:45,62025,117,859
06-09-2020,14:45,62034,74,477
06-09-2020,14:45,62035,26,350
06-09-2020,14:45,62040,88,1080
06-09-2020,14:45,62049,6,528
06-09-2020,14:45,62052,14,156
06-09-2020,14:45,62056,14,584
06-09-2020,14:45,62059,7,27
06-09-2020,14:45,62060,28,127
06-09-2020,14:45,62062,11,560
06-09-2020,14:45,62069,9,125
06-09-2020,14:45,62088,7,391
06-09-2020,14:45,62090,11,32
06-09-2020,14:45,62095,26,219
06-09-2020,14:45,62201,25,188
06-09-2020,14:45,62203,47,351
06-09-2020,14:45,62204,53,335
06-09-2020,14:45,62205,62,437
06-09-2020,14:45,62206,126,724
06-09-2020,14:45,62207,87,363
06-09-2020,14:45,62208,84,638
06-09-2020,14:45,62220,150,675
06-09-2020,14:45,62221,129,844
06-09-2020,14:45,62223,58,508
06-09-2020,14:45,62226,164,1070
06-09-2020,14:45,62230,12,332
06-09-2020,14:45,62231,83,456
06-09-2020,14:45,62232,28,552
06-09-2020,14:45,62233,98,556
06-09-2020,14:45,62234,89,921
06-09-2020,14:45,62236,44,187
06-09-2020,14:45,62237,6,246
06-09-2020,14:45,62238,6,44
06-09-2020,14:45,62239,15,100
06-09-2020,14:45,62241,6,47
06-09-2020,14:45,62242,6,40
06-09-2020,14:45,62243,8,95
06-09-2020,14:45,62246,7,270
06-09-2020,14:45,62249,14,432
06-09-2020,14:45,62254,55,362
06-09-2020,14:45,62257,11,110
06-09-2020,14:45,62258,15,309
06-09-2020,14:45,62260,12,99
06-09-2020,14:45,62264,48,95
06-09-2020,14:45,62265,34,516
06-09-2020,14:45,62269,85,778
06-09-2020,14:45,62272,50,163
06-09-2020,14:45,62274,10,200
06-09-2020,14:45,62278,16,198
06-09-2020,14:45,62285,17,87
06-09-2020,14:45,62286,51,408
06-09-2020,14:45,62288,33,242
06-09-2020,14:45,62293,9,180
06-09-2020,14:45,62294,20,327
06-09-2020,14:45,62295,9,40
06-09-2020,14:45,62298,52,319
06-09-2020,14:45,62301,22,1962
06-09-2020,14:45,62305,16,244
06-09-2020,14:45,62353,7,334
06-09-2020,14:45,62428,7,132
06-09-2020,14:45,62441,8,215
06-09-2020,14:45,62448,37,446
06-09-2020,14:45,62454,8,201
06-09-2020,14:45,62471,17,381
06-09-2020,14:45,62474,6,43
06-09-2020,14:45,62521,110,1431
06-09-2020,14:45,62522,36,473
06-09-2020,14:45,62526,46,1400
06-09-2020,14:45,62560,7,96
06-09-2020,14:45,62565,14,448
06-09-2020,14:45,62568,26,711
06-09-2020,14:45,62618,65,657
06-09-2020,14:45,62629,15,1000
06-09-2020,14:45,62650,39,1408
06-09-2020,14:45,62656,10,1358
06-09-2020,14:45,62664,11,279
06-09-2020,14:45,62675,11,434
06-09-2020,14:45,62681,12,231
06-09-2020,14:45,62684,71,762
06-09-2020,14:45,62692,7,141
06-09-2020,14:45,62702,73,3417
06-09-2020,14:45,62703,65,2596
06-09-2020,14:45,62704,50,3174
06-09-2020,14:45,62707,19,789
06-09-2020,14:45,62711,27,1443
06-09-2020,14:45,62712,6,734
06-09-2020,14:45,62801,65,1402
06-09-2020,14:45,62832,16,444
06-09-2020,14:45,62837,7,424
06-09-2020,14:45,62863,11,300
06-09-2020,14:45,62864,83,1091
06-09-2020,14:45,62882,14,147
06-09-2020,14:45,62901,153,1673
06-09-2020,14:45,62902,18,242
06-09-2020,14:45,62906,79,790
06-09-2020,14:45,62907,20,110
06-09-2020,14:45,62912,8,65
06-09-2020,14:45,62918,14,474
06-09-2020,14:45,62920,65,346
06-09-2020,14:45,62948,19,552
06-09-2020,14:45,62951,6,206
06-09-2020,14:45,62952,10,173
06-09-2020,14:45,62959,32,1438
06-09-2020,14:45,62966,96,1101
06-09-2020,14:45,62992,50,166
06-08-2020,14:45,60002,103,1031
06-08-2020,14:45,60004,326,4954
06-08-2020,14:45,60005,182,1966
06-08-2020,14:45,60007,333,2044
06-08-2020,14:45,60008,320,2736
06-08-2020,14:45,60010,113,1663
06-08-2020,14:45,60012,77,479
06-08-2020,14:45,60013,92,877
06-08-2020,14:45,60014,257,2294
06-08-2020,14:45,60015,176,1493
06-08-2020,14:45,60016,1010,5334
06-08-2020,14:45,60018,612,2960
06-08-2020,14:45,60020,36,612
06-08-2020,14:45,60021,22,202
06-08-2020,14:45,60022,26,401
06-08-2020,14:45,60025,351,3070
06-08-2020,14:45,60026,134,990
06-08-2020,14:45,60029,8,65
06-08-2020,14:45,60030,174,1929
06-08-2020,14:45,60031,331,2538
06-08-2020,14:45,60033,179,891
06-08-2020,14:45,60035,254,2238
06-08-2020,14:45,60040,172,483
06-08-2020,14:45,60041,44,472
06-08-2020,14:45,60042,35,342
06-08-2020,14:45,60043,19,163
06-08-2020,14:45,60044,96,771
06-08-2020,14:45,60045,113,1158
06-08-2020,14:45,60046,198,1598
06-08-2020,14:45,60047,354,2225
06-08-2020,14:45,60048,143,1379
06-08-2020,14:45,60050,215,1740
06-08-2020,14:45,60051,113,1178
06-08-2020,14:45,60053,271,1850
06-08-2020,14:45,60056,594,3603
06-08-2020,14:45,60060,419,2149
06-08-2020,14:45,60061,166,1687
06-08-2020,14:45,60062,305,3081
06-08-2020,14:45,60064,606,1725
06-08-2020,14:45,60067,202,2431
06-08-2020,14:45,60068,295,2361
06-08-2020,14:45,60069,84,708
06-08-2020,14:45,60070,243,1300
06-08-2020,14:45,60071,11,162
06-08-2020,14:45,60073,977,4550
06-08-2020,14:45,60074,433,2499
06-08-2020,14:45,60076,481,2924
06-08-2020,14:45,60077,387,2417
06-08-2020,14:45,60079,11,50
06-08-2020,14:45,60081,39,395
06-08-2020,14:45,60083,96,711
06-08-2020,14:45,60084,174,835
06-08-2020,14:45,60085,2344,8063
06-08-2020,14:45,60087,637,2974
06-08-2020,14:45,60088,54,364
06-08-2020,14:45,60089,265,2163
06-08-2020,14:45,60090,769,3432
06-08-2020,14:45,60091,148,1517
06-08-2020,14:45,60093,162,1312
06-08-2020,14:45,60096,37,365
06-08-2020,14:45,60097,39,513
06-08-2020,14:45,60098,296,1895
06-08-2020,14:45,60099,560,2696
06-08-2020,14:45,60101,776,3378
06-08-2020,14:45,60102,149,1474
06-08-2020,14:45,60103,268,2430
06-08-2020,14:45,60104,397,2137
06-08-2020,14:45,60106,499,2181
06-08-2020,14:45,60107,615,3262
06-08-2020,14:45,60108,277,2367
06-08-2020,14:45,60109,11,299
06-08-2020,14:45,60110,674,2671
06-08-2020,14:45,60112,27,267
06-08-2020,14:45,60115,254,2783
06-08-2020,14:45,60118,74,781
06-08-2020,14:45,60119,36,517
06-08-2020,14:45,60120,1278,4914
06-08-2020,14:45,60123,783,4192
06-08-2020,14:45,60124,105,1186
06-08-2020,14:45,60126,247,2798
06-08-2020,14:45,60130,142,1770
06-08-2020,14:45,60131,342,1745
06-08-2020,14:45,60133,719,3442
06-08-2020,14:45,60134,154,1344
06-08-2020,14:45,60135,32,406
06-08-2020,14:45,60136,53,383
06-08-2020,14:45,60137,144,1938
06-08-2020,14:45,60139,617,2987
06-08-2020,14:45,60140,88,913
06-08-2020,14:45,60141,21,527
06-08-2020,14:45,60142,97,1386
06-08-2020,14:45,60143,180,951
06-08-2020,14:45,60145,6,98
06-08-2020,14:45,60146,8,138
06-08-2020,14:45,60148,350,3175
06-08-2020,14:45,60151,17,220
06-08-2020,14:45,60152,74,568
06-08-2020,14:45,60153,496,2566
06-08-2020,14:45,60154,203,1694
06-08-2020,14:45,60155,168,803
06-08-2020,14:45,60156,151,1261
06-08-2020,14:45,60157,14,131
06-08-2020,14:45,60160,714,2983
06-08-2020,14:45,60162,151,1070
06-08-2020,14:45,60163,89,490
06-08-2020,14:45,60164,509,3199
06-08-2020,14:45,60165,173,576
06-08-2020,14:45,60169,362,2303
06-08-2020,14:45,60171,116,836
06-08-2020,14:45,60172,220,1483
06-08-2020,14:45,60173,99,615
06-08-2020,14:45,60174,156,2088
06-08-2020,14:45,60175,82,1116
06-08-2020,14:45,60176,143,822
06-08-2020,14:45,60177,249,1379
06-08-2020,14:45,60178,53,1050
06-08-2020,14:45,60181,251,1819
06-08-2020,14:45,60184,6,112
06-08-2020,14:45,60185,728,3251
06-08-2020,14:45,60187,119,1658
06-08-2020,14:45,60188,473,2953
06-08-2020,14:45,60189,105,1438
06-08-2020,14:45,60190,43,697
06-08-2020,14:45,60191,213,1100
06-08-2020,14:45,60192,55,635
06-08-2020,14:45,60193,247,2347
06-08-2020,14:45,60194,153,1418
06-08-2020,14:45,60195,15,186
06-08-2020,14:45,60201,319,3116
06-08-2020,14:45,60202,425,2715
06-08-2020,14:45,60203,28,310
06-08-2020,14:45,60301,25,227
06-08-2020,14:45,60302,211,2564
06-08-2020,14:45,60304,73,1066
06-08-2020,14:45,60305,52,647
06-08-2020,14:45,60401,38,593
06-08-2020,14:45,60402,1374,6875
06-08-2020,14:45,60403,200,1616
06-08-2020,14:45,60404,113,1393
06-08-2020,14:45,60406,479,2906
06-08-2020,14:45,60408,18,246
06-08-2020,14:45,60409,578,4103
06-08-2020,14:45,60410,52,702
06-08-2020,14:45,60411,877,6228
06-08-2020,14:45,60415,186,1044
06-08-2020,14:45,60416,10,311
06-08-2020,14:45,60417,149,1336
06-08-2020,14:45,60418,112,554
06-08-2020,14:45,60419,389,2741
06-08-2020,14:45,60420,7,202
06-08-2020,14:45,60421,12,181
06-08-2020,14:45,60422,81,901
06-08-2020,14:45,60423,136,1589
06-08-2020,14:45,60425,173,1340
06-08-2020,14:45,60426,461,3143
06-08-2020,14:45,60428,208,1524
06-08-2020,14:45,60429,225,2216
06-08-2020,14:45,60430,273,2034
06-08-2020,14:45,60431,215,2148
06-08-2020,14:45,60432,432,2021
06-08-2020,14:45,60433,287,1643
06-08-2020,14:45,60434,162,231
06-08-2020,14:45,60435,661,4968
06-08-2020,14:45,60436,238,1846
06-08-2020,14:45,60438,381,2553
06-08-2020,14:45,60439,92,1238
06-08-2020,14:45,60440,848,5679
06-08-2020,14:45,60441,197,1860
06-08-2020,14:45,60442,41,488
06-08-2020,14:45,60443,348,2392
06-08-2020,14:45,60445,149,1485
06-08-2020,14:45,60446,508,3624
06-08-2020,14:45,60447,58,717
06-08-2020,14:45,60448,130,1125
06-08-2020,14:45,60449,71,699
06-08-2020,14:45,60450,44,745
06-08-2020,14:45,60451,114,1565
06-08-2020,14:45,60452,232,1951
06-08-2020,14:45,60453,758,4618
06-08-2020,14:45,60455,293,1548
06-08-2020,14:45,60456,50,344
06-08-2020,14:45,60457,119,845
06-08-2020,14:45,60458,137,1050
06-08-2020,14:45,60459,400,2403
06-08-2020,14:45,60461,58,543
06-08-2020,14:45,60462,322,2571
06-08-2020,14:45,60463,244,1152
06-08-2020,14:45,60464,47,528
06-08-2020,14:45,60465,235,1175
06-08-2020,14:45,60466,481,3001
06-08-2020,14:45,60467,168,1341
06-08-2020,14:45,60468,34,325
06-08-2020,14:45,60469,81,591
06-08-2020,14:45,60471,212,1429
06-08-2020,14:45,60472,69,582
06-08-2020,14:45,60473,385,2965
06-08-2020,14:45,60475,72,727
06-08-2020,14:45,60476,17,195
06-08-2020,14:45,60477,246,2396
06-08-2020,14:45,60478,313,2468
06-08-2020,14:45,60480,35,389
06-08-2020,14:45,60481,28,675
06-08-2020,14:45,60482,101,663
06-08-2020,14:45,60484,110,687
06-08-2020,14:45,60487,140,1400
06-08-2020,14:45,60490,139,1509
06-08-2020,14:45,60491,140,1043
06-08-2020,14:45,60501,278,1195
06-08-2020,14:45,60502,94,1164
06-08-2020,14:45,60503,63,738
06-08-2020,14:45,60504,334,2428
06-08-2020,14:45,60505,1942,7674
06-08-2020,14:45,60506,1046,5928
06-08-2020,14:45,60510,94,1568
06-08-2020,14:45,60513,164,1821
06-08-2020,14:45,60514,46,625
06-08-2020,14:45,60515,96,1334
06-08-2020,14:45,60516,112,1476
06-08-2020,14:45,60517,215,2126
06-08-2020,14:45,60520,9,138
06-08-2020,14:45,60521,182,1272
06-08-2020,14:45,60523,104,797
06-08-2020,14:45,60525,282,2908
06-08-2020,14:45,60526,79,1470
06-08-2020,14:45,60527,232,2447
06-08-2020,14:45,60532,123,1804
06-08-2020,14:45,60534,170,1048
06-08-2020,14:45,60538,303,2039
06-08-2020,14:45,60540,129,2177
06-08-2020,14:45,60541,9,114
06-08-2020,14:45,60542,167,1326
06-08-2020,14:45,60543,257,2259
06-08-2020,14:45,60544,175,2037
06-08-2020,14:45,60545,151,1049
06-08-2020,14:45,60546,165,2124
06-08-2020,14:45,60548,76,719
06-08-2020,14:45,60551,23,133
06-08-2020,14:45,60552,7,189
06-08-2020,14:45,60554,42,640
06-08-2020,14:45,60555,129,962
06-08-2020,14:45,60558,46,750
06-08-2020,14:45,60559,318,1923
06-08-2020,14:45,60560,103,1264
06-08-2020,14:45,60561,114,1471
06-08-2020,14:45,60563,180,2263
06-08-2020,14:45,60564,154,1979
06-08-2020,14:45,60565,187,1843
06-08-2020,14:45,60585,96,1252
06-08-2020,14:45,60586,345,3197
06-08-2020,14:45,60601,71,876
06-08-2020,14:45,60602,14,184
06-08-2020,14:45,60603,8,97
06-08-2020,14:45,60604,21,145
06-08-2020,14:45,60605,185,1926
06-08-2020,14:45,60606,48,749
06-08-2020,14:45,60607,437,2306
06-08-2020,14:45,60608,1725,7546
06-08-2020,14:45,60609,1758,6988
06-08-2020,14:45,60610,261,2962
06-08-2020,14:45,60611,156,3047
06-08-2020,14:45,60612,699,4441
06-08-2020,14:45,60613,378,3046
06-08-2020,14:45,60614,499,4852
06-08-2020,14:45,60615,379,3777
06-08-2020,14:45,60616,445,4496
06-08-2020,14:45,60617,1119,8443
06-08-2020,14:45,60618,1270,7498
06-08-2020,14:45,60619,898,8435
06-08-2020,14:45,60620,1097,7969
06-08-2020,14:45,60621,537,3356
06-08-2020,14:45,60622,624,4146
06-08-2020,14:45,60623,3277,10132
06-08-2020,14:45,60624,855,4166
06-08-2020,14:45,60625,1377,6652
06-08-2020,14:45,60626,997,5239
06-08-2020,14:45,60628,1038,6972
06-08-2020,14:45,60629,3214,11937
06-08-2020,14:45,60630,790,4710
06-08-2020,14:45,60631,300,3359
06-08-2020,14:45,60632,3042,9665
06-08-2020,14:45,60633,261,1889
06-08-2020,14:45,60634,1422,9041
06-08-2020,14:45,60636,711,3462
06-08-2020,14:45,60637,624,5371
06-08-2020,14:45,60638,1081,5959
06-08-2020,14:45,60639,3249,12056
06-08-2020,14:45,60640,784,5609
06-08-2020,14:45,60641,1472,7380
06-08-2020,14:45,60642,152,1474
06-08-2020,14:45,60643,702,5573
06-08-2020,14:45,60644,1248,6043
06-08-2020,14:45,60645,1054,4968
06-08-2020,14:45,60646,368,2768
06-08-2020,14:45,60647,1315,6947
06-08-2020,14:45,60649,753,5445
06-08-2020,14:45,60651,1696,7068
06-08-2020,14:45,60652,923,4494
06-08-2020,14:45,60653,522,4199
06-08-2020,14:45,60654,139,1250
06-08-2020,14:45,60655,267,3063
06-08-2020,14:45,60656,274,2533
06-08-2020,14:45,60657,339,4356
06-08-2020,14:45,60659,732,3240
06-08-2020,14:45,60660,424,2803
06-08-2020,14:45,60661,41,566
06-08-2020,14:45,60680,6,87
06-08-2020,14:45,60706,336,2925
06-08-2020,14:45,60707,762,4666
06-08-2020,14:45,60712,157,1007
06-08-2020,14:45,60714,783,3445
06-08-2020,14:45,60803,259,1733
06-08-2020,14:45,60804,2847,10276
06-08-2020,14:45,60805,221,1555
06-08-2020,14:45,60827,360,2468
06-08-2020,14:45,60901,555,3773
06-08-2020,14:45,60911,9,93
06-08-2020,14:45,60912,6,37
06-08-2020,14:45,60913,6,73
06-08-2020,14:45,60914,167,2004
06-08-2020,14:45,60915,65,954
06-08-2020,14:45,60919,6,29
06-08-2020,14:45,60922,12,166
06-08-2020,14:45,60927,47,268
06-08-2020,14:45,60928,7,38
06-08-2020,14:45,60930,6,28
06-08-2020,14:45,60938,6,85
06-08-2020,14:45,60940,7,168
06-08-2020,14:45,60941,6,97
06-08-2020,14:45,60942,6,295
06-08-2020,14:45,60950,96,1192
06-08-2020,14:45,60954,31,631
06-08-2020,14:45,60955,13,95
06-08-2020,14:45,60957,7,284
06-08-2020,14:45,60958,22,155
06-08-2020,14:45,60964,32,337
06-08-2020,14:45,60970,13,409
06-08-2020,14:45,61008,419,2755
06-08-2020,14:45,61010,14,276
06-08-2020,14:45,61011,10,110
06-08-2020,14:45,61012,18,117
06-08-2020,14:45,61016,32,353
06-08-2020,14:45,61019,6,104
06-08-2020,14:45,61020,14,184
06-08-2020,14:45,61021,84,1147
06-08-2020,14:45,61032,191,2227
06-08-2020,14:45,61036,13,286
06-08-2020,14:45,61054,7,181
06-08-2020,14:45,61061,10,232
06-08-2020,14:45,61063,8,180
06-08-2020,14:45,61064,10,124
06-08-2020,14:45,61065,54,617
06-08-2020,14:45,61068,142,1294
06-08-2020,14:45,61071,37,350
06-08-2020,14:45,61072,38,467
06-08-2020,14:45,61073,65,929
06-08-2020,14:45,61080,50,451
06-08-2020,14:45,61081,76,678
06-08-2020,14:45,61084,9,98
06-08-2020,14:45,61088,11,284
06-08-2020,14:45,61101,293,2251
06-08-2020,14:45,61102,244,1851
06-08-2020,14:45,61103,271,2521
06-08-2020,14:45,61104,281,1665
06-08-2020,14:45,61107,237,2658
06-08-2020,14:45,61108,390,2762
06-08-2020,14:45,61109,274,2330
06-08-2020,14:45,61111,103,1577
06-08-2020,14:45,61114,97,1295
06-08-2020,14:45,61115,117,1391
06-08-2020,14:45,61201,207,1826
06-08-2020,14:45,61235,8,82
06-08-2020,14:45,61239,8,53
06-08-2020,14:45,61240,12,217
06-08-2020,14:45,61241,16,307
06-08-2020,14:45,61244,179,1555
06-08-2020,14:45,61252,23,154
06-08-2020,14:45,61254,8,439
06-08-2020,14:45,61256,6,79
06-08-2020,14:45,61264,24,441
06-08-2020,14:45,61265,217,2271
06-08-2020,14:45,61270,8,176
06-08-2020,14:45,61275,10,135
06-08-2020,14:45,61282,43,405
06-08-2020,14:45,61314,6,28
06-08-2020,14:45,61341,41,507
06-08-2020,14:45,61342,19,251
06-08-2020,14:45,61350,21,671
06-08-2020,14:45,61354,6,404
06-08-2020,14:45,61356,6,458
06-08-2020,14:45,61401,91,1602
06-08-2020,14:45,61410,6,103
06-08-2020,14:45,61443,19,454
06-08-2020,14:45,61455,79,976
06-08-2020,14:45,61462,114,676
06-08-2020,14:45,61469,7,112
06-08-2020,14:45,61525,11,390
06-08-2020,14:45,61548,8,424
06-08-2020,14:45,61550,8,868
06-08-2020,14:45,61554,26,2257
06-08-2020,14:45,61571,9,1087
06-08-2020,14:45,61603,43,1233
06-08-2020,14:45,61604,57,2021
06-08-2020,14:45,61605,41,990
06-08-2020,14:45,61606,6,283
06-08-2020,14:45,61610,7,265
06-08-2020,14:45,61611,21,1329
06-08-2020,14:45,61614,111,1954
06-08-2020,14:45,61615,31,1446
06-08-2020,14:45,61701,50,2304
06-08-2020,14:45,61704,83,1878
06-08-2020,14:45,61705,15,751
06-08-2020,14:45,61739,6,337
06-08-2020,14:45,61761,56,2190
06-08-2020,14:45,61764,19,678
06-08-2020,14:45,61801,45,1691
06-08-2020,14:45,61802,115,2057
06-08-2020,14:45,61820,111,1870
06-08-2020,14:45,61821,129,2876
06-08-2020,14:45,61822,57,1972
06-08-2020,14:45,61832,24,1288
06-08-2020,14:45,61853,18,1008
06-08-2020,14:45,61856,6,417
06-08-2020,14:45,61866,166,1794
06-08-2020,14:45,61874,21,973
06-08-2020,14:45,61910,7,265
06-08-2020,14:45,61920,92,1424
06-08-2020,14:45,61938,39,1438
06-08-2020,14:45,61951,7,271
06-08-2020,14:45,61953,13,342
06-08-2020,14:45,62002,103,991
06-08-2020,14:45,62010,19,203
06-08-2020,14:45,62012,11,207
06-08-2020,14:45,62018,8,94
06-08-2020,14:45,62024,10,189
06-08-2020,14:45,62025,116,850
06-08-2020,14:45,62034,74,476
06-08-2020,14:45,62035,26,342
06-08-2020,14:45,62040,88,1068
06-08-2020,14:45,62049,6,493
06-08-2020,14:45,62052,14,152
06-08-2020,14:45,62056,14,445
06-08-2020,14:45,62059,7,27
06-08-2020,14:45,62060,25,124
06-08-2020,14:45,62062,11,560
06-08-2020,14:45,62069,9,124
06-08-2020,14:45,62088,7,387
06-08-2020,14:45,62090,11,32
06-08-2020,14:45,62095,26,215
06-08-2020,14:45,62201,25,186
06-08-2020,14:45,62203,47,349
06-08-2020,14:45,62204,51,328
06-08-2020,14:45,62205,60,435
06-08-2020,14:45,62206,124,699
06-08-2020,14:45,62207,82,354
06-08-2020,14:45,62208,84,632
06-08-2020,14:45,62220,149,668
06-08-2020,14:45,62221,127,830
06-08-2020,14:45,62223,58,502
06-08-2020,14:45,62226,161,1060
06-08-2020,14:45,62230,12,322
06-08-2020,14:45,62231,82,435
06-08-2020,14:45,62232,28,549
06-08-2020,14:45,62233,99,556
06-08-2020,14:45,62234,87,904
06-08-2020,14:45,62236,44,185
06-08-2020,14:45,62237,6,242
06-08-2020,14:45,62238,6,44
06-08-2020,14:45,62239,15,94
06-08-2020,14:45,62241,6,47
06-08-2020,14:45,62242,6,40
06-08-2020,14:45,62243,8,95
06-08-2020,14:45,62246,7,262
06-08-2020,14:45,62249,14,425
06-08-2020,14:45,62254,54,360
06-08-2020,14:45,62257,12,109
06-08-2020,14:45,62258,15,304
06-08-2020,14:45,62260,12,99
06-08-2020,14:45,62264,48,95
06-08-2020,14:45,62265,33,513
06-08-2020,14:45,62269,83,768
06-08-2020,14:45,62272,50,163
06-08-2020,14:45,62274,10,195
06-08-2020,14:45,62278,15,197
06-08-2020,14:45,62285,17,86
06-08-2020,14:45,62286,51,406
06-08-2020,14:45,62288,33,241
06-08-2020,14:45,62293,8,180
06-08-2020,14:45,62294,20,324
06-08-2020,14:45,62295,9,40
06-08-2020,14:45,62298,51,319
06-08-2020,14:45,62301,22,1954
06-08-2020,14:45,62305,16,240
06-08-2020,14:45,62353,7,332
06-08-2020,14:45,62428,7,131
06-08-2020,14:45,62441,8,208
06-08-2020,14:45,62448,37,442
06-08-2020,14:45,62454,8,197
06-08-2020,14:45,62471,17,370
06-08-2020,14:45,62474,6,43
06-08-2020,14:45,62521,110,1405
06-08-2020,14:45,62522,36,464
06-08-2020,14:45,62526,46,1382
06-08-2020,14:45,62560,7,95
06-08-2020,14:45,62565,14,442
06-08-2020,14:45,62568,26,685
06-08-2020,14:45,62618,65,654
06-08-2020,14:45,62629,14,964
06-08-2020,14:45,62650,32,1353
06-08-2020,14:45,62656,10,1340
06-08-2020,14:45,62664,11,277
06-08-2020,14:45,62675,11,422
06-08-2020,14:45,62681,12,230
06-08-2020,14:45,62684,71,755
06-08-2020,14:45,62692,7,134
06-08-2020,14:45,62702,72,3356
06-08-2020,14:45,62703,63,2546
06-08-2020,14:45,62704,50,3096
06-08-2020,14:45,62707,19,779
06-08-2020,14:45,62711,28,1394
06-08-2020,14:45,62712,6,725
06-08-2020,14:45,62801,65,1371
06-08-2020,14:45,62832,16,435
06-08-2020,14:45,62837,7,417
06-08-2020,14:45,62863,11,292
06-08-2020,14:45,62864,83,1073
06-08-2020,14:45,62882,14,147
06-08-2020,14:45,62901,153,1637
06-08-2020,14:45,62902,17,235
06-08-2020,14:45,62906,79,777
06-08-2020,14:45,62907,20,109
06-08-2020,14:45,62912,8,63
06-08-2020,14:45,62918,14,468
06-08-2020,14:45,62920,65,344
06-08-2020,14:45,62948,15,539
06-08-2020,14:45,62951,6,203
06-08-2020,14:45,62952,10,171
06-08-2020,14:45,62959,32,1404
06-08-2020,14:45,62966,95,1083
06-08-2020,14:45,62992,51,160
06-07-2020,14:45,60002,102,1014
06-07-2020,14:45,60004,322,4862
06-07-2020,14:45,60005,182,1873
06-07-2020,14:45,60007,328,2002
06-07-2020,14:45,60008,316,2675
06-07-2020,14:45,60010,112,1617
06-07-2020,14:45,60012,77,469
06-07-2020,14:45,60013,91,848
06-07-2020,14:45,60014,255,2264
06-07-2020,14:45,60015,176,1466
06-07-2020,14:45,60016,1006,5270
06-07-2020,14:45,60018,608,2908
06-07-2020,14:45,60020,36,602
06-07-2020,14:45,60021,22,199
06-07-2020,14:45,60022,25,393
06-07-2020,14:45,60025,349,2972
06-07-2020,14:45,60026,134,980
06-07-2020,14:45,60029,8,65
06-07-2020,14:45,60030,174,1892
06-07-2020,14:45,60031,331,2483
06-07-2020,14:45,60033,178,870
06-07-2020,14:45,60035,251,2146
06-07-2020,14:45,60040,174,477
06-07-2020,14:45,60041,42,460
06-07-2020,14:45,60042,33,335
06-07-2020,14:45,60043,18,161
06-07-2020,14:45,60044,96,763
06-07-2020,14:45,60045,112,1131
06-07-2020,14:45,60046,198,1568
06-07-2020,14:45,60047,349,2156
06-07-2020,14:45,60048,141,1357
06-07-2020,14:45,60050,215,1723
06-07-2020,14:45,60051,112,1148
06-07-2020,14:45,60053,268,1820
06-07-2020,14:45,60056,591,3532
06-07-2020,14:45,60060,418,2114
06-07-2020,14:45,60061,166,1661
06-07-2020,14:45,60062,302,3035
06-07-2020,14:45,60064,605,1699
06-07-2020,14:45,60067,200,2373
06-07-2020,14:45,60068,296,2318
06-07-2020,14:45,60069,80,645
06-07-2020,14:45,60070,244,1278
06-07-2020,14:45,60071,11,158
06-07-2020,14:45,60073,972,4468
06-07-2020,14:45,60074,432,2453
06-07-2020,14:45,60076,480,2888
06-07-2020,14:45,60077,385,2389
06-07-2020,14:45,60079,11,50
06-07-2020,14:45,60081,39,387
06-07-2020,14:45,60083,96,706
06-07-2020,14:45,60084,174,823
06-07-2020,14:45,60085,2336,7926
06-07-2020,14:45,60087,635,2935
06-07-2020,14:45,60088,54,361
06-07-2020,14:45,60089,264,2127
06-07-2020,14:45,60090,760,3391
06-07-2020,14:45,60091,148,1490
06-07-2020,14:45,60093,162,1290
06-07-2020,14:45,60096,37,357
06-07-2020,14:45,60097,39,500
06-07-2020,14:45,60098,296,1864
06-07-2020,14:45,60099,560,2659
06-07-2020,14:45,60101,771,3335
06-07-2020,14:45,60102,148,1438
06-07-2020,14:45,60103,264,2392
06-07-2020,14:45,60104,398,2120
06-07-2020,14:45,60106,496,2164
06-07-2020,14:45,60107,603,3217
06-07-2020,14:45,60108,276,2340
06-07-2020,14:45,60109,11,299
06-07-2020,14:45,60110,670,2630
06-07-2020,14:45,60112,27,265
06-07-2020,14:45,60115,256,2750
06-07-2020,14:45,60118,73,763
06-07-2020,14:45,60119,36,511
06-07-2020,14:45,60120,1275,4846
06-07-2020,14:45,60123,774,4132
06-07-2020,14:45,60124,105,1172
06-07-2020,14:45,60126,246,2757
06-07-2020,14:45,60130,142,1746
06-07-2020,14:45,60131,340,1722
06-07-2020,14:45,60133,714,3307
06-07-2020,14:45,60134,153,1319
06-07-2020,14:45,60135,32,404
06-07-2020,14:45,60136,53,378
06-07-2020,14:45,60137,143,1904
06-07-2020,14:45,60139,617,2946
06-07-2020,14:45,60140,88,898
06-07-2020,14:45,60141,21,527
06-07-2020,14:45,60142,96,1367
06-07-2020,14:45,60143,179,941
06-07-2020,14:45,60145,6,95
06-07-2020,14:45,60146,8,138
06-07-2020,14:45,60148,347,3127
06-07-2020,14:45,60151,17,220
06-07-2020,14:45,60152,73,563
06-07-2020,14:45,60153,492,2543
06-07-2020,14:45,60154,202,1665
06-07-2020,14:45,60155,167,792
06-07-2020,14:45,60156,150,1242
06-07-2020,14:45,60157,14,131
06-07-2020,14:45,60160,711,2902
06-07-2020,14:45,60162,150,1058
06-07-2020,14:45,60163,88,488
06-07-2020,14:45,60164,509,3167
06-07-2020,14:45,60165,172,572
06-07-2020,14:45,60169,362,2282
06-07-2020,14:45,60171,116,818
06-07-2020,14:45,60172,221,1457
06-07-2020,14:45,60173,98,606
06-07-2020,14:45,60174,157,2055
06-07-2020,14:45,60175,82,1103
06-07-2020,14:45,60176,142,810
06-07-2020,14:45,60177,246,1365
06-07-2020,14:45,60178,52,1031
06-07-2020,14:45,60181,250,1791
06-07-2020,14:45,60184,6,111
06-07-2020,14:45,60185,722,3222
06-07-2020,14:45,60187,119,1628
06-07-2020,14:45,60188,471,2906
06-07-2020,14:45,60189,106,1409
06-07-2020,14:45,60190,43,691
06-07-2020,14:45,60191,212,1083
06-07-2020,14:45,60192,51,622
06-07-2020,14:45,60193,244,2230
06-07-2020,14:45,60194,153,1406
06-07-2020,14:45,60195,15,184
06-07-2020,14:45,60201,318,3027
06-07-2020,14:45,60202,423,2674
06-07-2020,14:45,60203,29,295
06-07-2020,14:45,60301,25,224
06-07-2020,14:45,60302,211,2522
06-07-2020,14:45,60304,73,1045
06-07-2020,14:45,60305,51,635
06-07-2020,14:45,60401,38,587
06-07-2020,14:45,60402,1368,6813
06-07-2020,14:45,60403,198,1595
06-07-2020,14:45,60404,112,1377
06-07-2020,14:45,60406,476,2881
06-07-2020,14:45,60408,18,245
06-07-2020,14:45,60409,573,4032
06-07-2020,14:45,60410,52,692
06-07-2020,14:45,60411,874,6177
06-07-2020,14:45,60415,185,1000
06-07-2020,14:45,60416,10,302
06-07-2020,14:45,60417,148,1323
06-07-2020,14:45,60418,111,547
06-07-2020,14:45,60419,389,2711
06-07-2020,14:45,60420,7,198
06-07-2020,14:45,60421,12,180
06-07-2020,14:45,60422,80,894
06-07-2020,14:45,60423,136,1572
06-07-2020,14:45,60425,171,1331
06-07-2020,14:45,60426,456,3104
06-07-2020,14:45,60428,207,1513
06-07-2020,14:45,60429,225,2206
06-07-2020,14:45,60430,272,2010
06-07-2020,14:45,60431,214,2137
06-07-2020,14:45,60432,425,2012
06-07-2020,14:45,60433,285,1636
06-07-2020,14:45,60434,162,231
06-07-2020,14:45,60435,657,4909
06-07-2020,14:45,60436,236,1832
06-07-2020,14:45,60438,377,2527
06-07-2020,14:45,60439,91,1222
06-07-2020,14:45,60440,846,5634
06-07-2020,14:45,60441,196,1844
06-07-2020,14:45,60442,41,484
06-07-2020,14:45,60443,346,2373
06-07-2020,14:45,60445,148,1475
06-07-2020,14:45,60446,505,3584
06-07-2020,14:45,60447,58,712
06-07-2020,14:45,60448,129,1109
06-07-2020,14:45,60449,70,694
06-07-2020,14:45,60450,34,693
06-07-2020,14:45,60451,113,1548
06-07-2020,14:45,60452,232,1935
06-07-2020,14:45,60453,752,4550
06-07-2020,14:45,60455,290,1537
06-07-2020,14:45,60456,50,340
06-07-2020,14:45,60457,119,835
06-07-2020,14:45,60458,136,1038
06-07-2020,14:45,60459,400,2378
06-07-2020,14:45,60461,58,538
06-07-2020,14:45,60462,320,2538
06-07-2020,14:45,60463,241,1140
06-07-2020,14:45,60464,45,521
06-07-2020,14:45,60465,235,1168
06-07-2020,14:45,60466,478,2945
06-07-2020,14:45,60467,168,1317
06-07-2020,14:45,60468,34,318
06-07-2020,14:45,60469,81,587
06-07-2020,14:45,60471,211,1424
06-07-2020,14:45,60472,69,579
06-07-2020,14:45,60473,382,2946
06-07-2020,14:45,60475,72,716
06-07-2020,14:45,60476,17,194
06-07-2020,14:45,60477,243,2355
06-07-2020,14:45,60478,312,2450
06-07-2020,14:45,60480,34,387
06-07-2020,14:45,60481,28,663
06-07-2020,14:45,60482,101,653
06-07-2020,14:45,60484,110,681
06-07-2020,14:45,60487,140,1386
06-07-2020,14:45,60490,139,1492
06-07-2020,14:45,60491,141,1030
06-07-2020,14:45,60501,276,1177
06-07-2020,14:45,60502,95,1136
06-07-2020,14:45,60503,63,723
06-07-2020,14:45,60504,328,2379
06-07-2020,14:45,60505,1920,7521
06-07-2020,14:45,60506,1030,5844
06-07-2020,14:45,60510,93,1539
06-07-2020,14:45,60513,163,1805
06-07-2020,14:45,60514,46,620
06-07-2020,14:45,60515,96,1312
06-07-2020,14:45,60516,112,1450
06-07-2020,14:45,60517,214,2092
06-07-2020,14:45,60520,9,134
06-07-2020,14:45,60521,182,1257
06-07-2020,14:45,60523,103,781
06-07-2020,14:45,60525,279,2869
06-07-2020,14:45,60526,78,1425
06-07-2020,14:45,60527,232,2412
06-07-2020,14:45,60532,123,1773
06-07-2020,14:45,60534,170,1033
06-07-2020,14:45,60538,303,1999
06-07-2020,14:45,60540,129,2122
06-07-2020,14:45,60541,9,114
06-07-2020,14:45,60542,166,1300
06-07-2020,14:45,60543,257,2213
06-07-2020,14:45,60544,175,2020
06-07-2020,14:45,60545,150,1036
06-07-2020,14:45,60546,165,2110
06-07-2020,14:45,60548,76,706
06-07-2020,14:45,60551,23,131
06-07-2020,14:45,60552,7,185
06-07-2020,14:45,60554,42,635
06-07-2020,14:45,60555,125,933
06-07-2020,14:45,60558,46,744
06-07-2020,14:45,60559,315,1895
06-07-2020,14:45,60560,102,1234
06-07-2020,14:45,60561,115,1444
06-07-2020,14:45,60563,180,2230
06-07-2020,14:45,60564,155,1939
06-07-2020,14:45,60565,185,1808
06-07-2020,14:45,60585,95,1237
06-07-2020,14:45,60586,345,3168
06-07-2020,14:45,60601,71,864
06-07-2020,14:45,60602,15,184
06-07-2020,14:45,60603,8,93
06-07-2020,14:45,60604,21,141
06-07-2020,14:45,60605,185,1892
06-07-2020,14:45,60606,49,739
06-07-2020,14:45,60607,434,2272
06-07-2020,14:45,60608,1712,7465
06-07-2020,14:45,60609,1751,6924
06-07-2020,14:45,60610,259,2901
06-07-2020,14:45,60611,155,3000
06-07-2020,14:45,60612,697,4393
06-07-2020,14:45,60613,376,2988
06-07-2020,14:45,60614,499,4788
06-07-2020,14:45,60615,379,3722
06-07-2020,14:45,60616,443,4439
06-07-2020,14:45,60617,1111,8329
06-07-2020,14:45,60618,1266,7380
06-07-2020,14:45,60619,895,8344
06-07-2020,14:45,60620,1094,7891
06-07-2020,14:45,60621,532,3316
06-07-2020,14:45,60622,621,4085
06-07-2020,14:45,60623,3273,10039
06-07-2020,14:45,60624,850,4116
06-07-2020,14:45,60625,1370,6547
06-07-2020,14:45,60626,992,5157
06-07-2020,14:45,60628,1037,6886
06-07-2020,14:45,60629,3197,11803
06-07-2020,14:45,60630,791,4658
06-07-2020,14:45,60631,296,3303
06-07-2020,14:45,60632,3032,9571
06-07-2020,14:45,60633,261,1876
06-07-2020,14:45,60634,1420,8928
06-07-2020,14:45,60636,709,3412
06-07-2020,14:45,60637,620,5302
06-07-2020,14:45,60638,1079,5914
06-07-2020,14:45,60639,3249,11940
06-07-2020,14:45,60640,781,5543
06-07-2020,14:45,60641,1464,7274
06-07-2020,14:45,60642,152,1444
06-07-2020,14:45,60643,700,5509
06-07-2020,14:45,60644,1246,5998
06-07-2020,14:45,60645,1047,4900
06-07-2020,14:45,60646,368,2745
06-07-2020,14:45,60647,1308,6849
06-07-2020,14:45,60649,752,5399
06-07-2020,14:45,60651,1692,6998
06-07-2020,14:45,60652,903,4424
06-07-2020,14:45,60653,520,4143
06-07-2020,14:45,60654,139,1225
06-07-2020,14:45,60655,267,3042
06-07-2020,14:45,60656,273,2506
06-07-2020,14:45,60657,333,4293
06-07-2020,14:45,60659,731,3204
06-07-2020,14:45,60660,423,2749
06-07-2020,14:45,60661,41,556
06-07-2020,14:45,60680,6,86
06-07-2020,14:45,60706,336,2902
06-07-2020,14:45,60707,758,4610
06-07-2020,14:45,60712,155,999
06-07-2020,14:45,60714,786,3403
06-07-2020,14:45,60803,259,1716
06-07-2020,14:45,60804,2825,10162
06-07-2020,14:45,60805,221,1546
06-07-2020,14:45,60827,359,2448
06-07-2020,14:45,60901,553,3749
06-07-2020,14:45,60911,9,92
06-07-2020,14:45,60912,6,37
06-07-2020,14:45,60913,6,72
06-07-2020,14:45,60914,167,1977
06-07-2020,14:45,60915,65,941
06-07-2020,14:45,60919,6,29
06-07-2020,14:45,60922,12,166
06-07-2020,14:45,60927,47,267
06-07-2020,14:45,60928,7,38
06-07-2020,14:45,60930,6,27
06-07-2020,14:45,60938,6,83
06-07-2020,14:45,60940,7,166
06-07-2020,14:45,60941,6,96
06-07-2020,14:45,60942,6,289
06-07-2020,14:45,60950,96,1180
06-07-2020,14:45,60954,31,624
06-07-2020,14:45,60955,13,94
06-07-2020,14:45,60957,7,273
06-07-2020,14:45,60958,21,154
06-07-2020,14:45,60964,32,332
06-07-2020,14:45,60970,12,405
06-07-2020,14:45,61008,417,2727
06-07-2020,14:45,61010,14,273
06-07-2020,14:45,61011,10,108
06-07-2020,14:45,61012,18,114
06-07-2020,14:45,61016,32,350
06-07-2020,14:45,61019,6,102
06-07-2020,14:45,61020,14,184
06-07-2020,14:45,61021,84,1129
06-07-2020,14:45,61032,188,2174
06-07-2020,14:45,61036,12,280
06-07-2020,14:45,61054,7,179
06-07-2020,14:45,61061,10,227
06-07-2020,14:45,61063,8,178
06-07-2020,14:45,61064,10,123
06-07-2020,14:45,61065,54,605
06-07-2020,14:45,61068,140,1280
06-07-2020,14:45,61071,36,350
06-07-2020,14:45,61072,36,461
06-07-2020,14:45,61073,64,909
06-07-2020,14:45,61080,48,444
06-07-2020,14:45,61081,77,670
06-07-2020,14:45,61084,9,98
06-07-2020,14:45,61088,11,283
06-07-2020,14:45,61101,290,2222
06-07-2020,14:45,61102,243,1839
06-07-2020,14:45,61103,264,2494
06-07-2020,14:45,61104,277,1641
06-07-2020,14:45,61107,233,2643
06-07-2020,14:45,61108,389,2720
06-07-2020,14:45,61109,271,2300
06-07-2020,14:45,61111,103,1554
06-07-2020,14:45,61114,95,1263
06-07-2020,14:45,61115,115,1371
06-07-2020,14:45,61201,207,1817
06-07-2020,14:45,61235,8,81
06-07-2020,14:45,61239,8,53
06-07-2020,14:45,61240,12,214
06-07-2020,14:45,61241,16,304
06-07-2020,14:45,61244,180,1539
06-07-2020,14:45,61252,24,154
06-07-2020,14:45,61254,8,429
06-07-2020,14:45,61256,6,79
06-07-2020,14:45,61264,23,437
06-07-2020,14:45,61265,216,2246
06-07-2020,14:45,61270,8,173
06-07-2020,14:45,61275,10,135
06-07-2020,14:45,61282,42,401
06-07-2020,14:45,61314,6,28
06-07-2020,14:45,61341,40,500
06-07-2020,14:45,61342,19,247
06-07-2020,14:45,61350,21,665
06-07-2020,14:45,61354,6,402
06-07-2020,14:45,61356,6,454
06-07-2020,14:45,61401,90,1581
06-07-2020,14:45,61410,6,103
06-07-2020,14:45,61443,18,448
06-07-2020,14:45,61455,79,955
06-07-2020,14:45,61462,113,664
06-07-2020,14:45,61469,7,112
06-07-2020,14:45,61525,11,388
06-07-2020,14:45,61548,8,417
06-07-2020,14:45,61550,8,856
06-07-2020,14:45,61554,26,2238
06-07-2020,14:45,61571,9,1075
06-07-2020,14:45,61603,42,1217
06-07-2020,14:45,61604,56,2001
06-07-2020,14:45,61605,39,981
06-07-2020,14:45,61606,6,279
06-07-2020,14:45,61610,7,261
06-07-2020,14:45,61611,21,1308
06-07-2020,14:45,61614,106,1929
06-07-2020,14:45,61615,31,1420
06-07-2020,14:45,61701,49,2278
06-07-2020,14:45,61704,83,1848
06-07-2020,14:45,61705,15,743
06-07-2020,14:45,61739,6,333
06-07-2020,14:45,61761,55,2144
06-07-2020,14:45,61764,19,659
06-07-2020,14:45,61801,45,1607
06-07-2020,14:45,61802,115,1996
06-07-2020,14:45,61820,111,1796
06-07-2020,14:45,61821,128,2782
06-07-2020,14:45,61822,55,1894
06-07-2020,14:45,61832,24,1256
06-07-2020,14:45,61853,16,976
06-07-2020,14:45,61856,6,406
06-07-2020,14:45,61866,166,1764
06-07-2020,14:45,61874,20,864
06-07-2020,14:45,61910,6,256
06-07-2020,14:45,61920,92,1382
06-07-2020,14:45,61938,39,1393
06-07-2020,14:45,61951,7,261
06-07-2020,14:45,61953,13,331
06-07-2020,14:45,62002,103,956
06-07-2020,14:45,62010,19,201
06-07-2020,14:45,62012,12,198
06-07-2020,14:45,62018,8,92
06-07-2020,14:45,62024,10,181
06-07-2020,14:45,62025,114,824
06-07-2020,14:45,62034,74,469
06-07-2020,14:45,62035,26,326
06-07-2020,14:45,62040,89,1046
06-07-2020,14:45,62049,6,480
06-07-2020,14:45,62052,14,148
06-07-2020,14:45,62056,14,431
06-07-2020,14:45,62059,7,27
06-07-2020,14:45,62060,23,117
06-07-2020,14:45,62062,11,551
06-07-2020,14:45,62069,9,121
06-07-2020,14:45,62088,7,380
06-07-2020,14:45,62090,11,32
06-07-2020,14:45,62095,26,209
06-07-2020,14:45,62201,25,183
06-07-2020,14:45,62203,47,347
06-07-2020,14:45,62204,51,321
06-07-2020,14:45,62205,59,433
06-07-2020,14:45,62206,124,692
06-07-2020,14:45,62207,83,350
06-07-2020,14:45,62208,83,623
06-07-2020,14:45,62220,149,658
06-07-2020,14:45,62221,126,812
06-07-2020,14:45,62223,58,498
06-07-2020,14:45,62226,160,1047
06-07-2020,14:45,62230,12,285
06-07-2020,14:45,62231,82,429
06-07-2020,14:45,62232,28,548
06-07-2020,14:45,62233,98,523
06-07-2020,14:45,62234,87,882
06-07-2020,14:45,62236,43,185
06-07-2020,14:45,62237,6,242
06-07-2020,14:45,62238,6,44
06-07-2020,14:45,62239,15,93
06-07-2020,14:45,62241,6,47
06-07-2020,14:45,62242,6,40
06-07-2020,14:45,62243,8,91
06-07-2020,14:45,62246,7,259
06-07-2020,14:45,62249,14,418
06-07-2020,14:45,62254,53,356
06-07-2020,14:45,62257,12,109
06-07-2020,14:45,62258,15,296
06-07-2020,14:45,62260,12,98
06-07-2020,14:45,62264,48,94
06-07-2020,14:45,62265,33,510
06-07-2020,14:45,62269,82,745
06-07-2020,14:45,62272,50,161
06-07-2020,14:45,62274,10,188
06-07-2020,14:45,62278,15,185
06-07-2020,14:45,62285,16,84
06-07-2020,14:45,62286,51,401
06-07-2020,14:45,62288,33,236
06-07-2020,14:45,62293,8,176
06-07-2020,14:45,62294,20,316
06-07-2020,14:45,62295,9,38
06-07-2020,14:45,62298,49,313
06-07-2020,14:45,62301,22,1947
06-07-2020,14:45,62305,16,240
06-07-2020,14:45,62353,7,329
06-07-2020,14:45,62428,7,129
06-07-2020,14:45,62441,7,172
06-07-2020,14:45,62448,37,419
06-07-2020,14:45,62454,8,184
06-07-2020,14:45,62471,17,362
06-07-2020,14:45,62474,6,42
06-07-2020,14:45,62521,110,1377
06-07-2020,14:45,62522,36,449
06-07-2020,14:45,62526,45,1351
06-07-2020,14:45,62560,7,92
06-07-2020,14:45,62565,14,394
06-07-2020,14:45,62568,26,653
06-07-2020,14:45,62618,64,648
06-07-2020,14:45,62629,14,909
06-07-2020,14:45,62650,32,1310
06-07-2020,14:45,62656,10,1317
06-07-2020,14:45,62664,11,273
06-07-2020,14:45,62675,11,415
06-07-2020,14:45,62681,12,225
06-07-2020,14:45,62684,71,750
06-07-2020,14:45,62692,7,132
06-07-2020,14:45,62702,72,3305
06-07-2020,14:45,62703,63,2511
06-07-2020,14:45,62704,50,3039
06-07-2020,14:45,62707,19,765
06-07-2020,14:45,62711,27,1370
06-07-2020,14:45,62712,6,710
06-07-2020,14:45,62801,65,1329
06-07-2020,14:45,62832,16,427
06-07-2020,14:45,62837,7,411
06-07-2020,14:45,62863,11,284
06-07-2020,14:45,62864,83,1025
06-07-2020,14:45,62882,14,143
06-07-2020,14:45,62901,153,1616
06-07-2020,14:45,62902,17,226
06-07-2020,14:45,62906,79,769
06-07-2020,14:45,62907,20,105
06-07-2020,14:45,62912,8,62
06-07-2020,14:45,62918,14,457
06-07-2020,14:45,62920,65,343
06-07-2020,14:45,62948,14,524
06-07-2020,14:45,62951,6,198
06-07-2020,14:45,62952,10,171
06-07-2020,14:45,62959,32,1377
06-07-2020,14:45,62966,95,1062
06-07-2020,14:45,62992,51,160
06-06-2020,14:45,60002,102,982
06-06-2020,14:45,60004,320,4683
06-06-2020,14:45,60005,178,1823
06-06-2020,14:45,60007,321,1906
06-06-2020,14:45,60008,315,2624
06-06-2020,14:45,60010,111,1587
06-06-2020,14:45,60012,77,456
06-06-2020,14:45,60013,91,833
06-06-2020,14:45,60014,248,2204
06-06-2020,14:45,60015,175,1430
06-06-2020,14:45,60016,1003,5167
06-06-2020,14:45,60018,598,2807
06-06-2020,14:45,60020,36,589
06-06-2020,14:45,60021,22,197
06-06-2020,14:45,60022,25,381
06-06-2020,14:45,60025,346,2868
06-06-2020,14:45,60026,133,961
06-06-2020,14:45,60029,8,64
06-06-2020,14:45,60030,173,1843
06-06-2020,14:45,60031,323,2410
06-06-2020,14:45,60033,177,853
06-06-2020,14:45,60035,249,2088
06-06-2020,14:45,60040,174,468
06-06-2020,14:45,60041,42,451
06-06-2020,14:45,60042,32,331
06-06-2020,14:45,60043,18,157
06-06-2020,14:45,60044,95,751
06-06-2020,14:45,60045,112,1107
06-06-2020,14:45,60046,197,1522
06-06-2020,14:45,60047,345,2075
06-06-2020,14:45,60048,141,1243
06-06-2020,14:45,60050,214,1681
06-06-2020,14:45,60051,109,1115
06-06-2020,14:45,60053,268,1748
06-06-2020,14:45,60056,590,3452
06-06-2020,14:45,60060,418,2071
06-06-2020,14:45,60061,165,1625
06-06-2020,14:45,60062,301,2978
06-06-2020,14:45,60064,602,1665
06-06-2020,14:45,60067,197,2308
06-06-2020,14:45,60068,295,2262
06-06-2020,14:45,60069,80,625
06-06-2020,14:45,60070,242,1243
06-06-2020,14:45,60071,10,154
06-06-2020,14:45,60073,955,4363
06-06-2020,14:45,60074,425,2397
06-06-2020,14:45,60076,477,2845
06-06-2020,14:45,60077,385,2352
06-06-2020,14:45,60079,11,49
06-06-2020,14:45,60081,38,379
06-06-2020,14:45,60083,96,685
06-06-2020,14:45,60084,168,799
06-06-2020,14:45,60085,2323,7698
06-06-2020,14:45,60087,631,2865
06-06-2020,14:45,60088,53,309
06-06-2020,14:45,60089,260,2085
06-06-2020,14:45,60090,753,3336
06-06-2020,14:45,60091,149,1459
06-06-2020,14:45,60093,161,1264
06-06-2020,14:45,60096,35,342
06-06-2020,14:45,60097,39,492
06-06-2020,14:45,60098,294,1830
06-06-2020,14:45,60099,557,2590
06-06-2020,14:45,60101,765,3272
06-06-2020,14:45,60102,148,1424
06-06-2020,14:45,60103,258,2305
06-06-2020,14:45,60104,398,2090
06-06-2020,14:45,60106,491,2126
06-06-2020,14:45,60107,600,3172
06-06-2020,14:45,60108,271,2283
06-06-2020,14:45,60109,10,298
06-06-2020,14:45,60110,665,2577
06-06-2020,14:45,60112,26,260
06-06-2020,14:45,60115,253,2689
06-06-2020,14:45,60118,71,747
06-06-2020,14:45,60119,36,504
06-06-2020,14:45,60120,1263,4755
06-06-2020,14:45,60123,763,4060
06-06-2020,14:45,60124,105,1141
06-06-2020,14:45,60126,244,2711
06-06-2020,14:45,60130,141,1728
06-06-2020,14:45,60131,340,1687
06-06-2020,14:45,60133,707,3261
06-06-2020,14:45,60134,150,1286
06-06-2020,14:45,60135,32,395
06-06-2020,14:45,60136,52,370
06-06-2020,14:45,60137,142,1887
06-06-2020,14:45,60139,611,2886
06-06-2020,14:45,60140,87,884
06-06-2020,14:45,60141,22,527
06-06-2020,14:45,60142,95,1340
06-06-2020,14:45,60143,177,917
06-06-2020,14:45,60145,6,94
06-06-2020,14:45,60146,8,132
06-06-2020,14:45,60148,344,3029
06-06-2020,14:45,60151,17,216
06-06-2020,14:45,60152,73,557
06-06-2020,14:45,60153,490,2511
06-06-2020,14:45,60154,200,1633
06-06-2020,14:45,60155,167,781
06-06-2020,14:45,60156,147,1210
06-06-2020,14:45,60157,14,130
06-06-2020,14:45,60160,708,2787
06-06-2020,14:45,60162,150,1053
06-06-2020,14:45,60163,89,483
06-06-2020,14:45,60164,504,3116
06-06-2020,14:45,60165,171,563
06-06-2020,14:45,60169,362,2233
06-06-2020,14:45,60171,115,809
06-06-2020,14:45,60172,219,1417
06-06-2020,14:45,60173,98,593
06-06-2020,14:45,60174,154,2006
06-06-2020,14:45,60175,82,1086
06-06-2020,14:45,60176,140,799
06-06-2020,14:45,60177,244,1351
06-06-2020,14:45,60178,50,1010
06-06-2020,14:45,60181,248,1764
06-06-2020,14:45,60184,6,111
06-06-2020,14:45,60185,716,3178
06-06-2020,14:45,60187,118,1580
06-06-2020,14:45,60188,466,2837
06-06-2020,14:45,60189,106,1386
06-06-2020,14:45,60190,43,675
06-06-2020,14:45,60191,209,1065
06-06-2020,14:45,60192,51,608
06-06-2020,14:45,60193,239,2176
06-06-2020,14:45,60194,152,1382
06-06-2020,14:45,60195,15,179
06-06-2020,14:45,60201,319,2963
06-06-2020,14:45,60202,418,2607
06-06-2020,14:45,60203,29,282
06-06-2020,14:45,60301,25,221
06-06-2020,14:45,60302,208,2452
06-06-2020,14:45,60304,74,1024
06-06-2020,14:45,60305,50,626
06-06-2020,14:45,60401,38,577
06-06-2020,14:45,60402,1364,6745
06-06-2020,14:45,60403,198,1555
06-06-2020,14:45,60404,111,1342
06-06-2020,14:45,60406,474,2845
06-06-2020,14:45,60408,18,238
06-06-2020,14:45,60409,568,3864
06-06-2020,14:45,60410,52,677
06-06-2020,14:45,60411,873,6121
06-06-2020,14:45,60415,185,988
06-06-2020,14:45,60416,10,281
06-06-2020,14:45,60417,145,1274
06-06-2020,14:45,60418,108,543
06-06-2020,14:45,60419,389,2664
06-06-2020,14:45,60420,7,152
06-06-2020,14:45,60421,12,175
06-06-2020,14:45,60422,80,881
06-06-2020,14:45,60423,135,1523
06-06-2020,14:45,60425,170,1324
06-06-2020,14:45,60426,455,3054
06-06-2020,14:45,60428,202,1498
06-06-2020,14:45,60429,224,2139
06-06-2020,14:45,60430,272,1975
06-06-2020,14:45,60431,213,2093
06-06-2020,14:45,60432,420,1962
06-06-2020,14:45,60433,285,1617
06-06-2020,14:45,60434,162,228
06-06-2020,14:45,60435,655,4823
06-06-2020,14:45,60436,234,1808
06-06-2020,14:45,60438,376,2503
06-06-2020,14:45,60439,90,1195
06-06-2020,14:45,60440,843,5507
06-06-2020,14:45,60441,196,1818
06-06-2020,14:45,60442,41,479
06-06-2020,14:45,60443,344,2350
06-06-2020,14:45,60445,150,1458
06-06-2020,14:45,60446,501,3502
06-06-2020,14:45,60447,57,690
06-06-2020,14:45,60448,127,1092
06-06-2020,14:45,60449,69,689
06-06-2020,14:45,60450,34,666
06-06-2020,14:45,60451,114,1500
06-06-2020,14:45,60452,230,1905
06-06-2020,14:45,60453,743,4437
06-06-2020,14:45,60455,290,1519
06-06-2020,14:45,60456,50,332
06-06-2020,14:45,60457,116,798
06-06-2020,14:45,60458,135,1012
06-06-2020,14:45,60459,396,2342
06-06-2020,14:45,60461,58,527
06-06-2020,14:45,60462,320,2500
06-06-2020,14:45,60463,244,1117
06-06-2020,14:45,60464,45,510
06-06-2020,14:45,60465,233,1149
06-06-2020,14:45,60466,474,2879
06-06-2020,14:45,60467,165,1293
06-06-2020,14:45,60468,33,308
06-06-2020,14:45,60469,80,579
06-06-2020,14:45,60471,211,1408
06-06-2020,14:45,60472,69,570
06-06-2020,14:45,60473,380,2867
06-06-2020,14:45,60475,72,710
06-06-2020,14:45,60476,17,188
06-06-2020,14:45,60477,240,2305
06-06-2020,14:45,60478,311,2434
06-06-2020,14:45,60480,34,373
06-06-2020,14:45,60481,28,520
06-06-2020,14:45,60482,101,642
06-06-2020,14:45,60484,110,672
06-06-2020,14:45,60487,137,1366
06-06-2020,14:45,60490,136,1459
06-06-2020,14:45,60491,140,1017
06-06-2020,14:45,60501,274,1158
06-06-2020,14:45,60502,95,1115
06-06-2020,14:45,60503,63,703
06-06-2020,14:45,60504,323,2324
06-06-2020,14:45,60505,1913,7318
06-06-2020,14:45,60506,1027,5729
06-06-2020,14:45,60510,91,1508
06-06-2020,14:45,60513,163,1760
06-06-2020,14:45,60514,45,596
06-06-2020,14:45,60515,96,1290
06-06-2020,14:45,60516,112,1424
06-06-2020,14:45,60517,214,2060
06-06-2020,14:45,60520,9,131
06-06-2020,14:45,60521,182,1215
06-06-2020,14:45,60523,103,765
06-06-2020,14:45,60525,276,2793
06-06-2020,14:45,60526,79,1401
06-06-2020,14:45,60527,231,2348
06-06-2020,14:45,60532,122,1745
06-06-2020,14:45,60534,171,1011
06-06-2020,14:45,60538,301,1957
06-06-2020,14:45,60540,129,2080
06-06-2020,14:45,60541,9,111
06-06-2020,14:45,60542,165,1280
06-06-2020,14:45,60543,257,2156
06-06-2020,14:45,60544,174,1988
06-06-2020,14:45,60545,150,1025
06-06-2020,14:45,60546,165,2096
06-06-2020,14:45,60548,76,697
06-06-2020,14:45,60551,23,128
06-06-2020,14:45,60552,7,183
06-06-2020,14:45,60554,42,622
06-06-2020,14:45,60555,125,923
06-06-2020,14:45,60558,46,721
06-06-2020,14:45,60559,314,1850
06-06-2020,14:45,60560,102,1200
06-06-2020,14:45,60561,115,1413
06-06-2020,14:45,60563,180,2172
06-06-2020,14:45,60564,154,1902
06-06-2020,14:45,60565,183,1755
06-06-2020,14:45,60585,94,1206
06-06-2020,14:45,60586,343,3105
06-06-2020,14:45,60601,70,846
06-06-2020,14:45,60602,15,179
06-06-2020,14:45,60603,8,91
06-06-2020,14:45,60604,21,141
06-06-2020,14:45,60605,185,1852
06-06-2020,14:45,60606,47,728
06-06-2020,14:45,60607,433,2231
06-06-2020,14:45,60608,1695,7302
06-06-2020,14:45,60609,1746,6833
06-06-2020,14:45,60610,257,2832
06-06-2020,14:45,60611,154,2967
06-06-2020,14:45,60612,695,4337
06-06-2020,14:45,60613,372,2909
06-06-2020,14:45,60614,496,4711
06-06-2020,14:45,60615,376,3654
06-06-2020,14:45,60616,442,4363
06-06-2020,14:45,60617,1101,8185
06-06-2020,14:45,60618,1250,7230
06-06-2020,14:45,60619,892,8252
06-06-2020,14:45,60620,1089,7791
06-06-2020,14:45,60621,527,3270
06-06-2020,14:45,60622,615,4007
06-06-2020,14:45,60623,3262,9898
06-06-2020,14:45,60624,844,4056
06-06-2020,14:45,60625,1361,6411
06-06-2020,14:45,60626,981,5012
06-06-2020,14:45,60628,1036,6760
06-06-2020,14:45,60629,3179,11649
06-06-2020,14:45,60630,785,4568
06-06-2020,14:45,60631,289,3248
06-06-2020,14:45,60632,3018,9461
06-06-2020,14:45,60633,259,1856
06-06-2020,14:45,60634,1403,8800
06-06-2020,14:45,60636,708,3371
06-06-2020,14:45,60637,616,5219
06-06-2020,14:45,60638,1073,5831
06-06-2020,14:45,60639,3239,11669
06-06-2020,14:45,60640,776,5343
06-06-2020,14:45,60641,1462,7134
06-06-2020,14:45,60642,152,1420
06-06-2020,14:45,60643,697,5443
06-06-2020,14:45,60644,1246,5911
06-06-2020,14:45,60645,1039,4819
06-06-2020,14:45,60646,368,2707
06-06-2020,14:45,60647,1299,6712
06-06-2020,14:45,60649,750,5323
06-06-2020,14:45,60651,1685,6891
06-06-2020,14:45,60652,898,4354
06-06-2020,14:45,60653,517,4095
06-06-2020,14:45,60654,137,1198
06-06-2020,14:45,60655,265,3017
06-06-2020,14:45,60656,273,2459
06-06-2020,14:45,60657,332,4210
06-06-2020,14:45,60659,727,3135
06-06-2020,14:45,60660,420,2679
06-06-2020,14:45,60661,41,544
06-06-2020,14:45,60680,6,85
06-06-2020,14:45,60706,335,2865
06-06-2020,14:45,60707,751,4525
06-06-2020,14:45,60712,155,986
06-06-2020,14:45,60714,778,3358
06-06-2020,14:45,60803,256,1687
06-06-2020,14:45,60804,2807,10025
06-06-2020,14:45,60805,220,1526
06-06-2020,14:45,60827,358,2417
06-06-2020,14:45,60901,553,3695
06-06-2020,14:45,60911,9,89
06-06-2020,14:45,60912,6,37
06-06-2020,14:45,60913,6,71
06-06-2020,14:45,60914,166,1933
06-06-2020,14:45,60915,64,925
06-06-2020,14:45,60919,6,29
06-06-2020,14:45,60922,12,165
06-06-2020,14:45,60927,47,267
06-06-2020,14:45,60928,7,37
06-06-2020,14:45,60930,6,27
06-06-2020,14:45,60938,6,80
06-06-2020,14:45,60940,7,160
06-06-2020,14:45,60941,6,96
06-06-2020,14:45,60942,6,281
06-06-2020,14:45,60950,96,1155
06-06-2020,14:45,60954,31,612
06-06-2020,14:45,60955,13,92
06-06-2020,14:45,60957,7,270
06-06-2020,14:45,60958,21,149
06-06-2020,14:45,60964,32,323
06-06-2020,14:45,60970,12,394
06-06-2020,14:45,61008,413,2632
06-06-2020,14:45,61010,14,257
06-06-2020,14:45,61011,10,106
06-06-2020,14:45,61012,17,109
06-06-2020,14:45,61016,32,346
06-06-2020,14:45,61019,6,101
06-06-2020,14:45,61020,15,183
06-06-2020,14:45,61021,83,1109
06-06-2020,14:45,61032,187,2158
06-06-2020,14:45,61036,12,280
06-06-2020,14:45,61054,7,179
06-06-2020,14:45,61061,10,221
06-06-2020,14:45,61063,8,177
06-06-2020,14:45,61064,10,122
06-06-2020,14:45,61065,55,595
06-06-2020,14:45,61068,141,1270
06-06-2020,14:45,61071,36,335
06-06-2020,14:45,61072,35,452
06-06-2020,14:45,61073,62,894
06-06-2020,14:45,61080,48,433
06-06-2020,14:45,61081,77,590
06-06-2020,14:45,61084,9,97
06-06-2020,14:45,61088,11,276
06-06-2020,14:45,61101,286,2179
06-06-2020,14:45,61102,240,1812
06-06-2020,14:45,61103,261,2438
06-06-2020,14:45,61104,272,1601
06-06-2020,14:45,61107,229,2598
06-06-2020,14:45,61108,383,2654
06-06-2020,14:45,61109,267,2243
06-06-2020,14:45,61111,102,1517
06-06-2020,14:45,61114,94,1225
06-06-2020,14:45,61115,111,1337
06-06-2020,14:45,61201,206,1782
06-06-2020,14:45,61235,8,81
06-06-2020,14:45,61239,8,53
06-06-2020,14:45,61240,11,211
06-06-2020,14:45,61241,16,296
06-06-2020,14:45,61244,179,1512
06-06-2020,14:45,61252,24,151
06-06-2020,14:45,61254,8,424
06-06-2020,14:45,61256,6,78
06-06-2020,14:45,61264,23,431
06-06-2020,14:45,61265,216,2142
06-06-2020,14:45,61270,7,171
06-06-2020,14:45,61275,10,135
06-06-2020,14:45,61282,42,388
06-06-2020,14:45,61314,6,28
06-06-2020,14:45,61341,39,495
06-06-2020,14:45,61342,17,236
06-06-2020,14:45,61350,21,661
06-06-2020,14:45,61354,6,399
06-06-2020,14:45,61356,6,448
06-06-2020,14:45,61401,90,1569
06-06-2020,14:45,61410,6,102
06-06-2020,14:45,61443,18,438
06-06-2020,14:45,61455,79,944
06-06-2020,14:45,61462,112,662
06-06-2020,14:45,61469,7,112
06-06-2020,14:45,61525,11,382
06-06-2020,14:45,61548,8,412
06-06-2020,14:45,61550,7,836
06-06-2020,14:45,61554,26,2220
06-06-2020,14:45,61571,9,1060
06-06-2020,14:45,61603,41,1188
06-06-2020,14:45,61604,56,1968
06-06-2020,14:45,61605,38,967
06-06-2020,14:45,61606,6,274
06-06-2020,14:45,61610,7,258
06-06-2020,14:45,61611,21,1296
06-06-2020,14:45,61614,103,1906
06-06-2020,14:45,61615,31,1403
06-06-2020,14:45,61701,49,2249
06-06-2020,14:45,61704,83,1806
06-06-2020,14:45,61705,15,729
06-06-2020,14:45,61739,6,148
06-06-2020,14:45,61761,55,2099
06-06-2020,14:45,61764,19,634
06-06-2020,14:45,61801,45,1532
06-06-2020,14:45,61802,114,1926
06-06-2020,14:45,61820,110,1740
06-06-2020,14:45,61821,125,2708
06-06-2020,14:45,61822,55,1825
06-06-2020,14:45,61832,24,1231
06-06-2020,14:45,61853,15,938
06-06-2020,14:45,61856,6,399
06-06-2020,14:45,61866,166,1724
06-06-2020,14:45,61874,20,772
06-06-2020,14:45,61910,6,248
06-06-2020,14:45,61920,92,1345
06-06-2020,14:45,61938,38,1263
06-06-2020,14:45,61951,7,254
06-06-2020,14:45,61953,13,325
06-06-2020,14:45,62002,103,935
06-06-2020,14:45,62010,19,200
06-06-2020,14:45,62012,10,196
06-06-2020,14:45,62018,8,90
06-06-2020,14:45,62024,9,179
06-06-2020,14:45,62025,114,809
06-06-2020,14:45,62034,74,455
06-06-2020,14:45,62035,26,321
06-06-2020,14:45,62040,88,1017
06-06-2020,14:45,62049,6,474
06-06-2020,14:45,62052,14,147
06-06-2020,14:45,62056,14,431
06-06-2020,14:45,62059,7,26
06-06-2020,14:45,62060,23,113
06-06-2020,14:45,62062,11,546
06-06-2020,14:45,62069,9,121
06-06-2020,14:45,62088,7,380
06-06-2020,14:45,62090,11,32
06-06-2020,14:45,62095,25,208
06-06-2020,14:45,62201,25,173
06-06-2020,14:45,62203,47,339
06-06-2020,14:45,62204,50,311
06-06-2020,14:45,62205,58,421
06-06-2020,14:45,62206,122,667
06-06-2020,14:45,62207,81,333
06-06-2020,14:45,62208,84,605
06-06-2020,14:45,62220,147,635
06-06-2020,14:45,62221,121,788
06-06-2020,14:45,62223,57,482
06-06-2020,14:45,62226,160,1023
06-06-2020,14:45,62230,12,284
06-06-2020,14:45,62231,82,424
06-06-2020,14:45,62232,28,540
06-06-2020,14:45,62233,98,496
06-06-2020,14:45,62234,86,853
06-06-2020,14:45,62236,43,183
06-06-2020,14:45,62237,6,240
06-06-2020,14:45,62238,6,43
06-06-2020,14:45,62239,15,91
06-06-2020,14:45,62241,6,44
06-06-2020,14:45,62242,6,39
06-06-2020,14:45,62243,8,87
06-06-2020,14:45,62246,7,244
06-06-2020,14:45,62249,14,409
06-06-2020,14:45,62254,52,350
06-06-2020,14:45,62257,12,106
06-06-2020,14:45,62258,15,288
06-06-2020,14:45,62260,12,95
06-06-2020,14:45,62264,47,89
06-06-2020,14:45,62265,33,508
06-06-2020,14:45,62269,80,722
06-06-2020,14:45,62272,50,160
06-06-2020,14:45,62274,10,187
06-06-2020,14:45,62278,15,179
06-06-2020,14:45,62285,15,81
06-06-2020,14:45,62286,51,390
06-06-2020,14:45,62288,33,227
06-06-2020,14:45,62293,8,172
06-06-2020,14:45,62294,20,305
06-06-2020,14:45,62295,9,38
06-06-2020,14:45,62298,48,307
06-06-2020,14:45,62301,22,1941
06-06-2020,14:45,62305,16,232
06-06-2020,14:45,62353,7,329
06-06-2020,14:45,62428,7,123
06-06-2020,14:45,62441,7,167
06-06-2020,14:45,62448,37,400
06-06-2020,14:45,62454,8,183
06-06-2020,14:45,62471,17,303
06-06-2020,14:45,62474,6,40
06-06-2020,14:45,62521,111,1361
06-06-2020,14:45,62522,35,439
06-06-2020,14:45,62526,45,1337
06-06-2020,14:45,62560,7,90
06-06-2020,14:45,62565,14,384
06-06-2020,14:45,62568,26,650
06-06-2020,14:45,62618,64,639
06-06-2020,14:45,62629,14,896
06-06-2020,14:45,62650,32,1277
06-06-2020,14:45,62656,10,1303
06-06-2020,14:45,62664,11,270
06-06-2020,14:45,62675,11,412
06-06-2020,14:45,62681,12,218
06-06-2020,14:45,62684,71,744
06-06-2020,14:45,62692,6,124
06-06-2020,14:45,62702,72,3240
06-06-2020,14:45,62703,63,2473
06-06-2020,14:45,62704,49,2965
06-06-2020,14:45,62707,19,754
06-06-2020,14:45,62711,27,1359
06-06-2020,14:45,62712,6,695
06-06-2020,14:45,62801,65,1321
06-06-2020,14:45,62832,16,425
06-06-2020,14:45,62837,7,409
06-06-2020,14:45,62863,11,275
06-06-2020,14:45,62864,83,1019
06-06-2020,14:45,62882,14,142
06-06-2020,14:45,62901,152,1585
06-06-2020,14:45,62902,17,212
06-06-2020,14:45,62906,79,760
06-06-2020,14:45,62907,20,101
06-06-2020,14:45,62912,8,62
06-06-2020,14:45,62918,14,447
06-06-2020,14:45,62920,65,339
06-06-2020,14:45,62948,14,511
06-06-2020,14:45,62951,6,197
06-06-2020,14:45,62952,10,170
06-06-2020,14:45,62959,32,1241
06-06-2020,14:45,62966,95,1043
06-06-2020,14:45,62992,49,152
06-05-2020,14:45,60002,101,968
06-05-2020,14:45,60004,316,4468
06-05-2020,14:45,60005,175,1752
06-05-2020,14:45,60007,311,1787
06-05-2020,14:45,60008,311,2544
06-05-2020,14:45,60010,111,1539
06-05-2020,14:45,60012,75,446
06-05-2020,14:45,60013,90,813
06-05-2020,14:45,60014,232,2148
06-05-2020,14:45,60015,174,1395
06-05-2020,14:45,60016,992,5035
06-05-2020,14:45,60018,592,2732
06-05-2020,14:45,60020,36,579
06-05-2020,14:45,60021,22,187
06-05-2020,14:45,60022,25,373
06-05-2020,14:45,60025,346,2826
06-05-2020,14:45,60026,133,948
06-05-2020,14:45,60029,8,64
06-05-2020,14:45,60030,173,1815
06-05-2020,14:45,60031,321,2377
06-05-2020,14:45,60033,175,810
06-05-2020,14:45,60035,246,2046
06-05-2020,14:45,60040,173,463
06-05-2020,14:45,60041,42,444
06-05-2020,14:45,60042,32,324
06-05-2020,14:45,60043,18,156
06-05-2020,14:45,60044,95,732
06-05-2020,14:45,60045,112,1085
06-05-2020,14:45,60046,198,1503
06-05-2020,14:45,60047,340,1925
06-05-2020,14:45,60048,126,1196
06-05-2020,14:45,60050,214,1647
06-05-2020,14:45,60051,108,1089
06-05-2020,14:45,60053,267,1676
06-05-2020,14:45,60056,586,3367
06-05-2020,14:45,60060,417,2041
06-05-2020,14:45,60061,163,1598
06-05-2020,14:45,60062,301,2936
06-05-2020,14:45,60064,596,1652
06-05-2020,14:45,60067,195,2245
06-05-2020,14:45,60068,293,2166
06-05-2020,14:45,60069,79,590
06-05-2020,14:45,60070,238,1218
06-05-2020,14:45,60071,10,151
06-05-2020,14:45,60073,951,4298
06-05-2020,14:45,60074,413,2307
06-05-2020,14:45,60076,476,2807
06-05-2020,14:45,60077,385,2311
06-05-2020,14:45,60079,11,47
06-05-2020,14:45,60081,38,372
06-05-2020,14:45,60083,95,679
06-05-2020,14:45,60084,167,784
06-05-2020,14:45,60085,2316,7633
06-05-2020,14:45,60087,628,2846
06-05-2020,14:45,60088,50,305
06-05-2020,14:45,60089,256,2038
06-05-2020,14:45,60090,749,3249
06-05-2020,14:45,60091,147,1434
06-05-2020,14:45,60093,160,1236
06-05-2020,14:45,60096,35,340
06-05-2020,14:45,60097,39,487
06-05-2020,14:45,60098,291,1785
06-05-2020,14:45,60099,555,2557
06-05-2020,14:45,60101,760,3225
06-05-2020,14:45,60102,147,1361
06-05-2020,14:45,60103,254,2174
06-05-2020,14:45,60104,399,2058
06-05-2020,14:45,60106,486,2083
06-05-2020,14:45,60107,598,3060
06-05-2020,14:45,60108,263,2232
06-05-2020,14:45,60109,10,298
06-05-2020,14:45,60110,660,2513
06-05-2020,14:45,60112,23,251
06-05-2020,14:45,60115,252,2579
06-05-2020,14:45,60118,71,730
06-05-2020,14:45,60119,36,495
06-05-2020,14:45,60120,1251,4664
06-05-2020,14:45,60123,758,3969
06-05-2020,14:45,60124,104,1116
06-05-2020,14:45,60126,243,2630
06-05-2020,14:45,60130,140,1693
06-05-2020,14:45,60131,338,1666
06-05-2020,14:45,60133,702,3188
06-05-2020,14:45,60134,150,1263
06-05-2020,14:45,60135,32,383
06-05-2020,14:45,60136,51,365
06-05-2020,14:45,60137,141,1853
06-05-2020,14:45,60139,605,2818
06-05-2020,14:45,60140,85,860
06-05-2020,14:45,60141,22,515
06-05-2020,14:45,60142,91,1314
06-05-2020,14:45,60143,172,894
06-05-2020,14:45,60145,6,88
06-05-2020,14:45,60146,8,129
06-05-2020,14:45,60148,342,2875
06-05-2020,14:45,60151,17,211
06-05-2020,14:45,60152,73,549
06-05-2020,14:45,60153,489,2461
06-05-2020,14:45,60154,200,1607
06-05-2020,14:45,60155,167,771
06-05-2020,14:45,60156,147,1179
06-05-2020,14:45,60157,14,129
06-05-2020,14:45,60160,705,2745
06-05-2020,14:45,60162,150,1027
06-05-2020,14:45,60163,89,474
06-05-2020,14:45,60164,500,3065
06-05-2020,14:45,60165,171,552
06-05-2020,14:45,60169,361,2162
06-05-2020,14:45,60171,116,795
06-05-2020,14:45,60172,219,1369
06-05-2020,14:45,60173,97,571
06-05-2020,14:45,60174,153,1961
06-05-2020,14:45,60175,82,1066
06-05-2020,14:45,60176,140,777
06-05-2020,14:45,60177,243,1332
06-05-2020,14:45,60178,50,971
06-05-2020,14:45,60181,247,1736
06-05-2020,14:45,60184,6,111
06-05-2020,14:45,60185,714,3138
06-05-2020,14:45,60187,115,1548
06-05-2020,14:45,60188,462,2788
06-05-2020,14:45,60189,106,1361
06-05-2020,14:45,60190,43,661
06-05-2020,14:45,60191,205,1037
06-05-2020,14:45,60192,51,600
06-05-2020,14:45,60193,237,2052
06-05-2020,14:45,60194,147,1331
06-05-2020,14:45,60195,15,173
06-05-2020,14:45,60201,317,2902
06-05-2020,14:45,60202,414,2563
06-05-2020,14:45,60203,24,277
06-05-2020,14:45,60301,25,219
06-05-2020,14:45,60302,207,2386
06-05-2020,14:45,60304,73,1000
06-05-2020,14:45,60305,49,614
06-05-2020,14:45,60401,38,560
06-05-2020,14:45,60402,1352,6587
06-05-2020,14:45,60403,197,1493
06-05-2020,14:45,60404,110,1298
06-05-2020,14:45,60406,473,2811
06-05-2020,14:45,60408,17,223
06-05-2020,14:45,60409,565,3803
06-05-2020,14:45,60410,52,657
06-05-2020,14:45,60411,866,5997
06-05-2020,14:45,60415,185,974
06-05-2020,14:45,60416,9,265
06-05-2020,14:45,60417,143,1247
06-05-2020,14:45,60418,108,539
06-05-2020,14:45,60419,385,2622
06-05-2020,14:45,60420,7,148
06-05-2020,14:45,60421,12,170
06-05-2020,14:45,60422,79,865
06-05-2020,14:45,60423,133,1486
06-05-2020,14:45,60425,168,1287
06-05-2020,14:45,60426,451,3001
06-05-2020,14:45,60428,199,1484
06-05-2020,14:45,60429,224,2121
06-05-2020,14:45,60430,269,1938
06-05-2020,14:45,60431,210,2017
06-05-2020,14:45,60432,416,1872
06-05-2020,14:45,60433,282,1438
06-05-2020,14:45,60434,162,226
06-05-2020,14:45,60435,651,4632
06-05-2020,14:45,60436,231,1739
06-05-2020,14:45,60438,375,2453
06-05-2020,14:45,60439,88,1174
06-05-2020,14:45,60440,837,5394
06-05-2020,14:45,60441,193,1780
06-05-2020,14:45,60442,41,465
06-05-2020,14:45,60443,344,2313
06-05-2020,14:45,60445,149,1439
06-05-2020,14:45,60446,492,3420
06-05-2020,14:45,60447,56,662
06-05-2020,14:45,60448,126,1065
06-05-2020,14:45,60449,69,680
06-05-2020,14:45,60450,34,649
06-05-2020,14:45,60451,113,1454
06-05-2020,14:45,60452,227,1878
06-05-2020,14:45,60453,738,4267
06-05-2020,14:45,60455,289,1499
06-05-2020,14:45,60456,49,326
06-05-2020,14:45,60457,116,784
06-05-2020,14:45,60458,132,996
06-05-2020,14:45,60459,394,2318
06-05-2020,14:45,60461,58,520
06-05-2020,14:45,60462,315,2452
06-05-2020,14:45,60463,242,1073
06-05-2020,14:45,60464,45,504
06-05-2020,14:45,60465,232,1141
06-05-2020,14:45,60466,467,2802
06-05-2020,14:45,60467,160,1273
06-05-2020,14:45,60468,33,295
06-05-2020,14:45,60469,80,571
06-05-2020,14:45,60471,211,1381
06-05-2020,14:45,60472,67,563
06-05-2020,14:45,60473,379,2793
06-05-2020,14:45,60475,72,690
06-05-2020,14:45,60476,17,183
06-05-2020,14:45,60477,237,2261
06-05-2020,14:45,60478,308,2409
06-05-2020,14:45,60480,34,367
06-05-2020,14:45,60481,22,466
06-05-2020,14:45,60482,98,634
06-05-2020,14:45,60484,110,664
06-05-2020,14:45,60487,136,1338
06-05-2020,14:45,60490,135,1431
06-05-2020,14:45,60491,139,996
06-05-2020,14:45,60501,274,1136
06-05-2020,14:45,60502,94,1102
06-05-2020,14:45,60503,63,682
06-05-2020,14:45,60504,323,2282
06-05-2020,14:45,60505,1896,7153
06-05-2020,14:45,60506,1016,5597
06-05-2020,14:45,60510,91,1458
06-05-2020,14:45,60513,162,1732
06-05-2020,14:45,60514,44,579
06-05-2020,14:45,60515,96,1270
06-05-2020,14:45,60516,112,1395
06-05-2020,14:45,60517,212,2034
06-05-2020,14:45,60520,9,127
06-05-2020,14:45,60521,182,1181
06-05-2020,14:45,60523,103,752
06-05-2020,14:45,60525,275,2735
06-05-2020,14:45,60526,79,1351
06-05-2020,14:45,60527,232,2323
06-05-2020,14:45,60532,121,1722
06-05-2020,14:45,60534,169,993
06-05-2020,14:45,60538,297,1916
06-05-2020,14:45,60540,129,2045
06-05-2020,14:45,60541,9,111
06-05-2020,14:45,60542,163,1243
06-05-2020,14:45,60543,256,2104
06-05-2020,14:45,60544,173,1956
06-05-2020,14:45,60545,151,1003
06-05-2020,14:45,60546,164,2059
06-05-2020,14:45,60548,76,676
06-05-2020,14:45,60551,23,126
06-05-2020,14:45,60552,7,177
06-05-2020,14:45,60554,42,607
06-05-2020,14:45,60555,125,913
06-05-2020,14:45,60558,46,704
06-05-2020,14:45,60559,313,1818
06-05-2020,14:45,60560,102,1179
06-05-2020,14:45,60561,114,1397
06-05-2020,14:45,60563,179,2095
06-05-2020,14:45,60564,153,1867
06-05-2020,14:45,60565,183,1716
06-05-2020,14:45,60585,94,1150
06-05-2020,14:45,60586,340,3009
06-05-2020,14:45,60601,70,838
06-05-2020,14:45,60602,15,176
06-05-2020,14:45,60603,8,89
06-05-2020,14:45,60604,21,138
06-05-2020,14:45,60605,185,1825
06-05-2020,14:45,60606,46,719
06-05-2020,14:45,60607,432,2202
06-05-2020,14:45,60608,1680,7214
06-05-2020,14:45,60609,1726,6689
06-05-2020,14:45,60610,252,2782
06-05-2020,14:45,60611,149,2917
06-05-2020,14:45,60612,687,4298
06-05-2020,14:45,60613,367,2844
06-05-2020,14:45,60614,493,4640
06-05-2020,14:45,60615,373,3588
06-05-2020,14:45,60616,436,4299
06-05-2020,14:45,60617,1096,8101
06-05-2020,14:45,60618,1242,7086
06-05-2020,14:45,60619,888,8143
06-05-2020,14:45,60620,1082,7679
06-05-2020,14:45,60621,524,3244
06-05-2020,14:45,60622,614,3903
06-05-2020,14:45,60623,3242,9798
06-05-2020,14:45,60624,840,4007
06-05-2020,14:45,60625,1347,6292
06-05-2020,14:45,60626,972,4871
06-05-2020,14:45,60628,1007,6669
06-05-2020,14:45,60629,3163,11517
06-05-2020,14:45,60630,782,4483
06-05-2020,14:45,60631,285,3176
06-05-2020,14:45,60632,2996,9348
06-05-2020,14:45,60633,259,1839
06-05-2020,14:45,60634,1396,8618
06-05-2020,14:45,60636,699,3317
06-05-2020,14:45,60637,614,5149
06-05-2020,14:45,60638,1063,5765
06-05-2020,14:45,60639,3219,11473
06-05-2020,14:45,60640,771,5229
06-05-2020,14:45,60641,1443,6974
06-05-2020,14:45,60642,150,1397
06-05-2020,14:45,60643,692,5383
06-05-2020,14:45,60644,1233,5811
06-05-2020,14:45,60645,1035,4741
06-05-2020,14:45,60646,366,2661
06-05-2020,14:45,60647,1292,6573
06-05-2020,14:45,60649,744,5248
06-05-2020,14:45,60651,1675,6808
06-05-2020,14:45,60652,895,4295
06-05-2020,14:45,60653,517,4036
06-05-2020,14:45,60654,137,1175
06-05-2020,14:45,60655,265,2998
06-05-2020,14:45,60656,269,2403
06-05-2020,14:45,60657,331,4138
06-05-2020,14:45,60659,722,3071
06-05-2020,14:45,60660,413,2605
06-05-2020,14:45,60661,40,536
06-05-2020,14:45,60680,6,83
06-05-2020,14:45,60706,332,2779
06-05-2020,14:45,60707,746,4443
06-05-2020,14:45,60712,153,967
06-05-2020,14:45,60714,773,3267
06-05-2020,14:45,60803,254,1664
06-05-2020,14:45,60804,2791,9905
06-05-2020,14:45,60805,220,1509
06-05-2020,14:45,60827,356,2384
06-05-2020,14:45,60901,547,3573
06-05-2020,14:45,60911,9,88
06-05-2020,14:45,60912,6,37
06-05-2020,14:45,60913,6,68
06-05-2020,14:45,60914,165,1850
06-05-2020,14:45,60915,63,843
06-05-2020,14:45,60919,6,29
06-05-2020,14:45,60922,12,158
06-05-2020,14:45,60927,47,254
06-05-2020,14:45,60928,7,37
06-05-2020,14:45,60930,6,27
06-05-2020,14:45,60938,6,78
06-05-2020,14:45,60940,7,156
06-05-2020,14:45,60941,6,90
06-05-2020,14:45,60942,6,275
06-05-2020,14:45,60950,95,1118
06-05-2020,14:45,60954,31,600
06-05-2020,14:45,60955,13,87
06-05-2020,14:45,60957,7,262
06-05-2020,14:45,60958,21,141
06-05-2020,14:45,60964,31,305
06-05-2020,14:45,60970,12,383
06-05-2020,14:45,61008,414,2561
06-05-2020,14:45,61010,14,243
06-05-2020,14:45,61011,10,106
06-05-2020,14:45,61012,17,109
06-05-2020,14:45,61016,32,344
06-05-2020,14:45,61019,6,101
06-05-2020,14:45,61020,15,179
06-05-2020,14:45,61021,74,1086
06-05-2020,14:45,61032,185,2133
06-05-2020,14:45,61036,11,280
06-05-2020,14:45,61054,8,178
06-05-2020,14:45,61061,11,215
06-05-2020,14:45,61063,8,176
06-05-2020,14:45,61064,10,121
06-05-2020,14:45,61065,52,566
06-05-2020,14:45,61068,142,1250
06-05-2020,14:45,61071,34,335
06-05-2020,14:45,61072,35,440
06-05-2020,14:45,61073,62,864
06-05-2020,14:45,61080,48,417
06-05-2020,14:45,61081,75,588
06-05-2020,14:45,61084,9,96
06-05-2020,14:45,61088,11,269
06-05-2020,14:45,61101,282,2145
06-05-2020,14:45,61102,237,1786
06-05-2020,14:45,61103,259,2394
06-05-2020,14:45,61104,272,1564
06-05-2020,14:45,61107,226,2556
06-05-2020,14:45,61108,366,2599
06-05-2020,14:45,61109,265,2189
06-05-2020,14:45,61111,102,1479
06-05-2020,14:45,61114,95,1207
06-05-2020,14:45,61115,111,1313
06-05-2020,14:45,61201,205,1740
06-05-2020,14:45,61235,8,81
06-05-2020,14:45,61239,8,53
06-05-2020,14:45,61240,11,209
06-05-2020,14:45,61241,16,290
06-05-2020,14:45,61244,176,1471
06-05-2020,14:45,61252,24,147
06-05-2020,14:45,61254,8,415
06-05-2020,14:45,61256,6,78
06-05-2020,14:45,61264,23,421
06-05-2020,14:45,61265,212,2086
06-05-2020,14:45,61270,7,168
06-05-2020,14:45,61275,10,131
06-05-2020,14:45,61282,42,377
06-05-2020,14:45,61314,6,28
06-05-2020,14:45,61341,39,491
06-05-2020,14:45,61342,17,230
06-05-2020,14:45,61350,21,643
06-05-2020,14:45,61354,6,390
06-05-2020,14:45,61356,6,440
06-05-2020,14:45,61401,89,1549
06-05-2020,14:45,61410,6,100
06-05-2020,14:45,61443,18,430
06-05-2020,14:45,61455,78,942
06-05-2020,14:45,61462,110,659
06-05-2020,14:45,61469,7,109
06-05-2020,14:45,61525,11,370
06-05-2020,14:45,61548,8,405
06-05-2020,14:45,61550,6,805
06-05-2020,14:45,61554,26,2167
06-05-2020,14:45,61571,9,1046
06-05-2020,14:45,61603,40,1160
06-05-2020,14:45,61604,55,1913
06-05-2020,14:45,61605,35,948
06-05-2020,14:45,61606,6,268
06-05-2020,14:45,61610,7,254
06-05-2020,14:45,61611,22,1277
06-05-2020,14:45,61614,97,1878
06-05-2020,14:45,61615,31,1387
06-05-2020,14:45,61701,49,2218
06-05-2020,14:45,61704,84,1782
06-05-2020,14:45,61705,15,715
06-05-2020,14:45,61739,6,146
06-05-2020,14:45,61761,55,2069
06-05-2020,14:45,61764,19,632
06-05-2020,14:45,61801,45,1461
06-05-2020,14:45,61802,114,1853
06-05-2020,14:45,61820,110,1679
06-05-2020,14:45,61821,124,2621
06-05-2020,14:45,61822,54,1761
06-05-2020,14:45,61832,24,1202
06-05-2020,14:45,61853,15,904
06-05-2020,14:45,61856,6,394
06-05-2020,14:45,61866,166,1695
06-05-2020,14:45,61874,20,739
06-05-2020,14:45,61910,6,246
06-05-2020,14:45,61920,91,1313
06-05-2020,14:45,61938,38,1226
06-05-2020,14:45,61951,7,250
06-05-2020,14:45,61953,13,316
06-05-2020,14:45,62002,102,915
06-05-2020,14:45,62010,15,194
06-05-2020,14:45,62012,10,188
06-05-2020,14:45,62018,8,87
06-05-2020,14:45,62024,10,163
06-05-2020,14:45,62025,114,800
06-05-2020,14:45,62034,74,445
06-05-2020,14:45,62035,25,313
06-05-2020,14:45,62040,89,836
06-05-2020,14:45,62049,6,470
06-05-2020,14:45,62052,14,144
06-05-2020,14:45,62056,14,430
06-05-2020,14:45,62059,7,25
06-05-2020,14:45,62060,23,111
06-05-2020,14:45,62062,11,540
06-05-2020,14:45,62069,9,120
06-05-2020,14:45,62088,7,377
06-05-2020,14:45,62090,11,30
06-05-2020,14:45,62095,25,206
06-05-2020,14:45,62201,22,164
06-05-2020,14:45,62203,47,325
06-05-2020,14:45,62204,50,303
06-05-2020,14:45,62205,56,407
06-05-2020,14:45,62206,118,630
06-05-2020,14:45,62207,78,316
06-05-2020,14:45,62208,83,510
06-05-2020,14:45,62220,147,592
06-05-2020,14:45,62221,116,770
06-05-2020,14:45,62223,55,458
06-05-2020,14:45,62226,154,997
06-05-2020,14:45,62230,11,281
06-05-2020,14:45,62231,80,415
06-05-2020,14:45,62232,27,331
06-05-2020,14:45,62233,98,486
06-05-2020,14:45,62234,82,823
06-05-2020,14:45,62236,43,182
06-05-2020,14:45,62237,6,239
06-05-2020,14:45,62238,6,43
06-05-2020,14:45,62239,15,87
06-05-2020,14:45,62241,6,44
06-05-2020,14:45,62242,6,38
06-05-2020,14:45,62243,8,84
06-05-2020,14:45,62246,7,240
06-05-2020,14:45,62249,14,404
06-05-2020,14:45,62254,52,348
06-05-2020,14:45,62257,12,106
06-05-2020,14:45,62258,15,279
06-05-2020,14:45,62260,11,91
06-05-2020,14:45,62264,47,83
06-05-2020,14:45,62265,33,486
06-05-2020,14:45,62269,79,707
06-05-2020,14:45,62272,50,158
06-05-2020,14:45,62274,10,185
06-05-2020,14:45,62278,15,179
06-05-2020,14:45,62285,15,75
06-05-2020,14:45,62286,51,383
06-05-2020,14:45,62288,32,226
06-05-2020,14:45,62293,8,168
06-05-2020,14:45,62294,20,298
06-05-2020,14:45,62295,9,37
06-05-2020,14:45,62298,48,301
06-05-2020,14:45,62301,22,1938
06-05-2020,14:45,62305,15,231
06-05-2020,14:45,62353,7,329
06-05-2020,14:45,62428,7,123
06-05-2020,14:45,62441,7,158
06-05-2020,14:45,62448,37,398
06-05-2020,14:45,62454,8,182
06-05-2020,14:45,62471,17,260
06-05-2020,14:45,62474,6,40
06-05-2020,14:45,62521,110,1345
06-05-2020,14:45,62522,35,429
06-05-2020,14:45,62526,44,1322
06-05-2020,14:45,62560,7,90
06-05-2020,14:45,62565,14,381
06-05-2020,14:45,62568,26,638
06-05-2020,14:45,62618,66,635
06-05-2020,14:45,62629,14,884
06-05-2020,14:45,62650,31,1256
06-05-2020,14:45,62656,11,1287
06-05-2020,14:45,62664,11,268
06-05-2020,14:45,62675,11,397
06-05-2020,14:45,62681,12,215
06-05-2020,14:45,62684,71,738
06-05-2020,14:45,62702,72,3210
06-05-2020,14:45,62703,63,2430
06-05-2020,14:45,62704,48,2910
06-05-2020,14:45,62707,19,741
06-05-2020,14:45,62711,27,1347
06-05-2020,14:45,62712,6,670
06-05-2020,14:45,62801,65,1283
06-05-2020,14:45,62832,16,418
06-05-2020,14:45,62837,7,407
06-05-2020,14:45,62864,83,1006
06-05-2020,14:45,62882,11,138
06-05-2020,14:45,62901,151,1564
06-05-2020,14:45,62902,17,209
06-05-2020,14:45,62906,79,754
06-05-2020,14:45,62907,20,100
06-05-2020,14:45,62912,8,62
06-05-2020,14:45,62918,14,438
06-05-2020,14:45,62920,66,337
06-05-2020,14:45,62948,14,501
06-05-2020,14:45,62951,6,193
06-05-2020,14:45,62952,10,168
06-05-2020,14:45,62959,31,1091
06-05-2020,14:45,62966,96,1031
06-05-2020,14:45,62992,49,151
06-04-2020,14:45,60002,101,957
06-04-2020,14:45,60004,317,4327
06-04-2020,14:45,60005,173,1701
06-04-2020,14:45,60007,303,1745
06-04-2020,14:45,60008,305,2497
06-04-2020,14:45,60010,109,1509
06-04-2020,14:45,60012,75,439
06-04-2020,14:45,60013,90,791
06-04-2020,14:45,60014,230,2112
06-04-2020,14:45,60015,170,1376
06-04-2020,14:45,60016,985,4960
06-04-2020,14:45,60018,581,2685
06-04-2020,14:45,60020,36,565
06-04-2020,14:45,60021,22,185
06-04-2020,14:45,60022,25,370
06-04-2020,14:45,60025,346,2792
06-04-2020,14:45,60026,131,935
06-04-2020,14:45,60029,9,64
06-04-2020,14:45,60030,170,1792
06-04-2020,14:45,60031,320,2344
06-04-2020,14:45,60033,172,782
06-04-2020,14:45,60035,243,1997
06-04-2020,14:45,60040,173,455
06-04-2020,14:45,60041,42,434
06-04-2020,14:45,60042,32,321
06-04-2020,14:45,60043,18,155
06-04-2020,14:45,60044,94,722
06-04-2020,14:45,60045,110,1066
06-04-2020,14:45,60046,197,1483
06-04-2020,14:45,60047,336,1883
06-04-2020,14:45,60048,119,1178
06-04-2020,14:45,60050,212,1619
06-04-2020,14:45,60051,102,1073
06-04-2020,14:45,60053,265,1659
06-04-2020,14:45,60056,579,3312
06-04-2020,14:45,60060,415,2009
06-04-2020,14:45,60061,162,1575
06-04-2020,14:45,60062,299,2886
06-04-2020,14:45,60064,592,1637
06-04-2020,14:45,60067,194,2203
06-04-2020,14:45,60068,292,2122
06-04-2020,14:45,60069,78,570
06-04-2020,14:45,60070,233,1189
06-04-2020,14:45,60071,9,148
06-04-2020,14:45,60073,943,4062
06-04-2020,14:45,60074,408,2262
06-04-2020,14:45,60076,472,2769
06-04-2020,14:45,60077,385,2280
06-04-2020,14:45,60079,11,47
06-04-2020,14:45,60081,37,364
06-04-2020,14:45,60083,95,671
06-04-2020,14:45,60084,166,770
06-04-2020,14:45,60085,2309,7590
06-04-2020,14:45,60087,624,2823
06-04-2020,14:45,60088,49,297
06-04-2020,14:45,60089,254,2005
06-04-2020,14:45,60090,733,3197
06-04-2020,14:45,60091,146,1417
06-04-2020,14:45,60093,159,1213
06-04-2020,14:45,60096,35,338
06-04-2020,14:45,60097,39,479
06-04-2020,14:45,60098,289,1753
06-04-2020,14:45,60099,555,2530
06-04-2020,14:45,60101,752,3176
06-04-2020,14:45,60102,146,1338
06-04-2020,14:45,60103,250,2131
06-04-2020,14:45,60104,395,2026
06-04-2020,14:45,60106,482,2048
06-04-2020,14:45,60107,593,2989
06-04-2020,14:45,60108,261,2207
06-04-2020,14:45,60109,10,297
06-04-2020,14:45,60110,650,2467
06-04-2020,14:45,60112,22,249
06-04-2020,14:45,60115,249,2524
06-04-2020,14:45,60118,71,718
06-04-2020,14:45,60119,35,486
06-04-2020,14:45,60120,1242,4570
06-04-2020,14:45,60123,739,3908
06-04-2020,14:45,60124,102,1100
06-04-2020,14:45,60126,241,2561
06-04-2020,14:45,60130,138,1678
06-04-2020,14:45,60131,338,1652
06-04-2020,14:45,60133,697,3116
06-04-2020,14:45,60134,146,1242
06-04-2020,14:45,60135,31,375
06-04-2020,14:45,60136,51,361
06-04-2020,14:45,60137,140,1814
06-04-2020,14:45,60139,595,2768
06-04-2020,14:45,60140,84,848
06-04-2020,14:45,60141,22,515
06-04-2020,14:45,60142,90,1290
06-04-2020,14:45,60143,166,875
06-04-2020,14:45,60145,6,87
06-04-2020,14:45,60146,8,127
06-04-2020,14:45,60148,340,2811
06-04-2020,14:45,60151,17,208
06-04-2020,14:45,60152,72,543
06-04-2020,14:45,60153,486,2434
06-04-2020,14:45,60154,199,1592
06-04-2020,14:45,60155,166,766
06-04-2020,14:45,60156,146,1163
06-04-2020,14:45,60157,14,125
06-04-2020,14:45,60160,697,2724
06-04-2020,14:45,60162,147,1016
06-04-2020,14:45,60163,87,470
06-04-2020,14:45,60164,496,3043
06-04-2020,14:45,60165,170,550
06-04-2020,14:45,60169,357,2105
06-04-2020,14:45,60171,116,781
06-04-2020,14:45,60172,218,1348
06-04-2020,14:45,60173,93,552
06-04-2020,14:45,60174,153,1933
06-04-2020,14:45,60175,80,1046
06-04-2020,14:45,60176,139,771
06-04-2020,14:45,60177,242,1310
06-04-2020,14:45,60178,50,944
06-04-2020,14:45,60181,248,1707
06-04-2020,14:45,60184,6,108
06-04-2020,14:45,60185,712,3088
06-04-2020,14:45,60187,115,1518
06-04-2020,14:45,60188,457,2745
06-04-2020,14:45,60189,105,1337
06-04-2020,14:45,60190,42,646
06-04-2020,14:45,60191,205,1015
06-04-2020,14:45,60192,50,585
06-04-2020,14:45,60193,230,2006
06-04-2020,14:45,60194,146,1306
06-04-2020,14:45,60195,15,169
06-04-2020,14:45,60201,316,2862
06-04-2020,14:45,60202,413,2519
06-04-2020,14:45,60203,23,273
06-04-2020,14:45,60301,25,216
06-04-2020,14:45,60302,204,2331
06-04-2020,14:45,60304,73,985
06-04-2020,14:45,60305,49,605
06-04-2020,14:45,60401,38,552
06-04-2020,14:45,60402,1332,6524
06-04-2020,14:45,60403,195,1454
06-04-2020,14:45,60404,110,1270
06-04-2020,14:45,60406,474,2777
06-04-2020,14:45,60408,17,219
06-04-2020,14:45,60409,558,3733
06-04-2020,14:45,60410,52,646
06-04-2020,14:45,60411,857,5931
06-04-2020,14:45,60415,183,968
06-04-2020,14:45,60416,9,253
06-04-2020,14:45,60417,143,1225
06-04-2020,14:45,60418,108,535
06-04-2020,14:45,60419,380,2577
06-04-2020,14:45,60420,7,144
06-04-2020,14:45,60421,12,169
06-04-2020,14:45,60422,78,857
06-04-2020,14:45,60423,133,1468
06-04-2020,14:45,60425,160,1177
06-04-2020,14:45,60426,443,2952
06-04-2020,14:45,60428,200,1474
06-04-2020,14:45,60429,221,2103
06-04-2020,14:45,60430,266,1916
06-04-2020,14:45,60431,207,1979
06-04-2020,14:45,60432,414,1839
06-04-2020,14:45,60433,278,1406
06-04-2020,14:45,60434,162,222
06-04-2020,14:45,60435,643,4521
06-04-2020,14:45,60436,228,1715
06-04-2020,14:45,60438,374,2426
06-04-2020,14:45,60439,89,1153
06-04-2020,14:45,60440,828,5302
06-04-2020,14:45,60441,192,1753
06-04-2020,14:45,60442,41,457
06-04-2020,14:45,60443,338,2276
06-04-2020,14:45,60445,149,1419
06-04-2020,14:45,60446,491,3366
06-04-2020,14:45,60447,52,647
06-04-2020,14:45,60448,125,1049
06-04-2020,14:45,60449,69,668
06-04-2020,14:45,60450,34,633
06-04-2020,14:45,60451,106,1434
06-04-2020,14:45,60452,224,1859
06-04-2020,14:45,60453,722,4217
06-04-2020,14:45,60455,288,1477
06-04-2020,14:45,60456,46,318
06-04-2020,14:45,60457,115,777
06-04-2020,14:45,60458,131,981
06-04-2020,14:45,60459,389,2300
06-04-2020,14:45,60461,58,517
06-04-2020,14:45,60462,312,2413
06-04-2020,14:45,60463,236,1051
06-04-2020,14:45,60464,44,498
06-04-2020,14:45,60465,231,1133
06-04-2020,14:45,60466,467,2774
06-04-2020,14:45,60467,159,1260
06-04-2020,14:45,60468,32,289
06-04-2020,14:45,60469,79,567
06-04-2020,14:45,60471,210,1368
06-04-2020,14:45,60472,67,554
06-04-2020,14:45,60473,377,2751
06-04-2020,14:45,60475,72,684
06-04-2020,14:45,60476,17,179
06-04-2020,14:45,60477,236,2220
06-04-2020,14:45,60478,307,2397
06-04-2020,14:45,60480,34,361
06-04-2020,14:45,60481,22,456
06-04-2020,14:45,60482,95,625
06-04-2020,14:45,60484,109,662
06-04-2020,14:45,60487,134,1327
06-04-2020,14:45,60490,135,1408
06-04-2020,14:45,60491,137,979
06-04-2020,14:45,60501,272,1122
06-04-2020,14:45,60502,94,1077
06-04-2020,14:45,60503,61,662
06-04-2020,14:45,60504,321,2226
06-04-2020,14:45,60505,1876,6981
06-04-2020,14:45,60506,999,5487
06-04-2020,14:45,60510,90,1421
06-04-2020,14:45,60513,161,1717
06-04-2020,14:45,60514,44,567
06-04-2020,14:45,60515,96,1250
06-04-2020,14:45,60516,112,1368
06-04-2020,14:45,60517,210,1988
06-04-2020,14:45,60520,8,121
06-04-2020,14:45,60521,182,1163
06-04-2020,14:45,60523,103,744
06-04-2020,14:45,60525,271,2695
06-04-2020,14:45,60526,79,1338
06-04-2020,14:45,60527,231,2296
06-04-2020,14:45,60532,121,1676
06-04-2020,14:45,60534,168,974
06-04-2020,14:45,60538,292,1864
06-04-2020,14:45,60540,129,1994
06-04-2020,14:45,60541,9,107
06-04-2020,14:45,60542,159,1223
06-04-2020,14:45,60543,255,2056
06-04-2020,14:45,60544,171,1917
06-04-2020,14:45,60545,151,990
06-04-2020,14:45,60546,163,2050
06-04-2020,14:45,60548,76,656
06-04-2020,14:45,60551,23,120
06-04-2020,14:45,60552,7,175
06-04-2020,14:45,60554,40,588
06-04-2020,14:45,60555,124,899
06-04-2020,14:45,60558,45,696
06-04-2020,14:45,60559,310,1798
06-04-2020,14:45,60560,100,1147
06-04-2020,14:45,60561,113,1377
06-04-2020,14:45,60563,179,2043
06-04-2020,14:45,60564,152,1820
06-04-2020,14:45,60565,181,1674
06-04-2020,14:45,60585,90,1121
06-04-2020,14:45,60586,337,2943
06-04-2020,14:45,60601,70,824
06-04-2020,14:45,60602,15,174
06-04-2020,14:45,60603,8,85
06-04-2020,14:45,60604,21,136
06-04-2020,14:45,60605,182,1799
06-04-2020,14:45,60606,46,700
06-04-2020,14:45,60607,432,2178
06-04-2020,14:45,60608,1660,7119
06-04-2020,14:45,60609,1716,6591
06-04-2020,14:45,60610,251,2737
06-04-2020,14:45,60611,147,2799
06-04-2020,14:45,60612,674,4243
06-04-2020,14:45,60613,363,2811
06-04-2020,14:45,60614,491,4587
06-04-2020,14:45,60615,370,3516
06-04-2020,14:45,60616,433,4247
06-04-2020,14:45,60617,1088,7990
06-04-2020,14:45,60618,1231,6996
06-04-2020,14:45,60619,885,8021
06-04-2020,14:45,60620,1079,7563
06-04-2020,14:45,60621,521,3163
06-04-2020,14:45,60622,613,3854
06-04-2020,14:45,60623,3238,9673
06-04-2020,14:45,60624,832,3942
06-04-2020,14:45,60625,1343,6220
06-04-2020,14:45,60626,942,4814
06-04-2020,14:45,60628,1004,6563
06-04-2020,14:45,60629,3145,11357
06-04-2020,14:45,60630,774,4422
06-04-2020,14:45,60631,281,3139
06-04-2020,14:45,60632,2971,9209
06-04-2020,14:45,60633,257,1825
06-04-2020,14:45,60634,1381,8532
06-04-2020,14:45,60636,692,3254
06-04-2020,14:45,60637,610,5055
06-04-2020,14:45,60638,1061,5716
06-04-2020,14:45,60639,3193,11309
06-04-2020,14:45,60640,764,5154
06-04-2020,14:45,60641,1424,6882
06-04-2020,14:45,60642,148,1375
06-04-2020,14:45,60643,682,5313
06-04-2020,14:45,60644,1220,5706
06-04-2020,14:45,60645,1029,4676
06-04-2020,14:45,60646,367,2627
06-04-2020,14:45,60647,1286,6484
06-04-2020,14:45,60649,741,5185
06-04-2020,14:45,60651,1668,6709
06-04-2020,14:45,60652,885,4233
06-04-2020,14:45,60653,513,3976
06-04-2020,14:45,60654,137,1160
06-04-2020,14:45,60655,264,2974
06-04-2020,14:45,60656,269,2379
06-04-2020,14:45,60657,330,4091
06-04-2020,14:45,60659,718,3025
06-04-2020,14:45,60660,409,2549
06-04-2020,14:45,60661,40,527
06-04-2020,14:45,60706,333,2756
06-04-2020,14:45,60707,741,4402
06-04-2020,14:45,60712,152,957
06-04-2020,14:45,60714,757,3238
06-04-2020,14:45,60803,250,1639
06-04-2020,14:45,60804,2775,9804
06-04-2020,14:45,60805,220,1493
06-04-2020,14:45,60827,353,2337
06-04-2020,14:45,60901,541,3471
06-04-2020,14:45,60911,9,85
06-04-2020,14:45,60912,6,36
06-04-2020,14:45,60913,6,67
06-04-2020,14:45,60914,161,1775
06-04-2020,14:45,60915,61,811
06-04-2020,14:45,60919,6,27
06-04-2020,14:45,60922,12,152
06-04-2020,14:45,60927,47,239
06-04-2020,14:45,60928,7,36
06-04-2020,14:45,60930,6,24
06-04-2020,14:45,60938,6,72
06-04-2020,14:45,60940,7,154
06-04-2020,14:45,60941,6,89
06-04-2020,14:45,60942,6,273
06-04-2020,14:45,60950,92,1081
06-04-2020,14:45,60954,31,585
06-04-2020,14:45,60955,12,84
06-04-2020,14:45,60957,7,256
06-04-2020,14:45,60958,21,135
06-04-2020,14:45,60964,32,299
06-04-2020,14:45,60970,12,371
06-04-2020,14:45,61008,409,2529
06-04-2020,14:45,61010,13,241
06-04-2020,14:45,61011,10,104
06-04-2020,14:45,61012,17,106
06-04-2020,14:45,61016,32,342
06-04-2020,14:45,61020,15,178
06-04-2020,14:45,61021,74,1072
06-04-2020,14:45,61032,183,2072
06-04-2020,14:45,61036,11,279
06-04-2020,14:45,61054,8,174
06-04-2020,14:45,61061,11,215
06-04-2020,14:45,61063,8,165
06-04-2020,14:45,61064,10,121
06-04-2020,14:45,61065,47,555
06-04-2020,14:45,61068,142,1236
06-04-2020,14:45,61071,33,309
06-04-2020,14:45,61072,34,434
06-04-2020,14:45,61073,59,856
06-04-2020,14:45,61080,46,412
06-04-2020,14:45,61081,74,566
06-04-2020,14:45,61084,9,90
06-04-2020,14:45,61088,11,265
06-04-2020,14:45,61101,280,2114
06-04-2020,14:45,61102,234,1734
06-04-2020,14:45,61103,248,2357
06-04-2020,14:45,61104,265,1541
06-04-2020,14:45,61107,216,2504
06-04-2020,14:45,61108,346,2555
06-04-2020,14:45,61109,253,2113
06-04-2020,14:45,61111,100,1457
06-04-2020,14:45,61114,94,1187
06-04-2020,14:45,61115,106,1297
06-04-2020,14:45,61201,203,1649
06-04-2020,14:45,61235,8,78
06-04-2020,14:45,61239,8,51
06-04-2020,14:45,61240,11,204
06-04-2020,14:45,61241,16,280
06-04-2020,14:45,61244,174,1429
06-04-2020,14:45,61252,24,145
06-04-2020,14:45,61254,8,408
06-04-2020,14:45,61256,6,74
06-04-2020,14:45,61264,23,415
06-04-2020,14:45,61265,208,2033
06-04-2020,14:45,61270,7,160
06-04-2020,14:45,61275,10,127
06-04-2020,14:45,61282,41,371
06-04-2020,14:45,61341,39,490
06-04-2020,14:45,61342,17,224
06-04-2020,14:45,61350,21,621
06-04-2020,14:45,61354,6,368
06-04-2020,14:45,61356,6,426
06-04-2020,14:45,61401,89,1515
06-04-2020,14:45,61410,6,98
06-04-2020,14:45,61443,18,422
06-04-2020,14:45,61455,79,925
06-04-2020,14:45,61462,108,651
06-04-2020,14:45,61469,7,109
06-04-2020,14:45,61525,10,369
06-04-2020,14:45,61548,8,397
06-04-2020,14:45,61550,6,787
06-04-2020,14:45,61554,26,2096
06-04-2020,14:45,61571,9,1027
06-04-2020,14:45,61603,37,1133
06-04-2020,14:45,61604,51,1884
06-04-2020,14:45,61605,34,928
06-04-2020,14:45,61606,6,262
06-04-2020,14:45,61610,7,247
06-04-2020,14:45,61611,20,1254
06-04-2020,14:45,61614,91,1854
06-04-2020,14:45,61615,32,1359
06-04-2020,14:45,61701,48,2196
06-04-2020,14:45,61704,84,1753
06-04-2020,14:45,61705,15,708
06-04-2020,14:45,61739,6,141
06-04-2020,14:45,61761,53,2029
06-04-2020,14:45,61764,19,624
06-04-2020,14:45,61801,45,1429
06-04-2020,14:45,61802,111,1818
06-04-2020,14:45,61820,109,1633
06-04-2020,14:45,61821,123,2556
06-04-2020,14:45,61822,54,1733
06-04-2020,14:45,61832,23,1174
06-04-2020,14:45,61853,15,891
06-04-2020,14:45,61856,6,386
06-04-2020,14:45,61866,165,1677
06-04-2020,14:45,61874,20,702
06-04-2020,14:45,61910,6,242
06-04-2020,14:45,61920,91,1301
06-04-2020,14:45,61938,29,1201
06-04-2020,14:45,61951,7,244
06-04-2020,14:45,61953,13,312
06-04-2020,14:45,62002,102,897
06-04-2020,14:45,62010,15,188
06-04-2020,14:45,62012,10,186
06-04-2020,14:45,62018,8,85
06-04-2020,14:45,62024,9,157
06-04-2020,14:45,62025,114,779
06-04-2020,14:45,62034,72,372
06-04-2020,14:45,62035,25,307
06-04-2020,14:45,62040,84,796
06-04-2020,14:45,62049,6,462
06-04-2020,14:45,62052,14,139
06-04-2020,14:45,62056,14,422
06-04-2020,14:45,62059,7,25
06-04-2020,14:45,62060,23,110
06-04-2020,14:45,62062,10,522
06-04-2020,14:45,62069,9,117
06-04-2020,14:45,62088,7,372
06-04-2020,14:45,62090,11,29
06-04-2020,14:45,62095,25,200
06-04-2020,14:45,62201,19,154
06-04-2020,14:45,62203,44,308
06-04-2020,14:45,62204,49,286
06-04-2020,14:45,62205,52,388
06-04-2020,14:45,62206,114,593
06-04-2020,14:45,62207,77,308
06-04-2020,14:45,62208,82,494
06-04-2020,14:45,62220,146,570
06-04-2020,14:45,62221,112,744
06-04-2020,14:45,62223,54,441
06-04-2020,14:45,62226,149,969
06-04-2020,14:45,62230,11,267
06-04-2020,14:45,62231,80,406
06-04-2020,14:45,62232,27,322
06-04-2020,14:45,62233,98,478
06-04-2020,14:45,62234,78,788
06-04-2020,14:45,62236,42,172
06-04-2020,14:45,62237,6,234
06-04-2020,14:45,62238,6,40
06-04-2020,14:45,62239,15,84
06-04-2020,14:45,62241,6,44
06-04-2020,14:45,62242,6,37
06-04-2020,14:45,62243,8,82
06-04-2020,14:45,62246,7,232
06-04-2020,14:45,62249,14,393
06-04-2020,14:45,62254,48,327
06-04-2020,14:45,62257,12,101
06-04-2020,14:45,62258,15,269
06-04-2020,14:45,62260,10,86
06-04-2020,14:45,62264,42,80
06-04-2020,14:45,62265,33,421
06-04-2020,14:45,62269,77,677
06-04-2020,14:45,62272,50,155
06-04-2020,14:45,62274,10,180
06-04-2020,14:45,62278,16,176
06-04-2020,14:45,62285,14,75
06-04-2020,14:45,62286,50,313
06-04-2020,14:45,62288,32,222
06-04-2020,14:45,62293,8,152
06-04-2020,14:45,62294,20,288
06-04-2020,14:45,62295,9,37
06-04-2020,14:45,62298,47,294
06-04-2020,14:45,62301,22,1926
06-04-2020,14:45,62305,15,223
06-04-2020,14:45,62353,7,326
06-04-2020,14:45,62428,7,123
06-04-2020,14:45,62441,7,152
06-04-2020,14:45,62448,37,388
06-04-2020,14:45,62454,8,173
06-04-2020,14:45,62471,17,254
06-04-2020,14:45,62474,6,40
06-04-2020,14:45,62521,110,1327
06-04-2020,14:45,62522,34,415
06-04-2020,14:45,62526,44,1299
06-04-2020,14:45,62560,7,89
06-04-2020,14:45,62565,14,379
06-04-2020,14:45,62568,26,632
06-04-2020,14:45,62618,65,628
06-04-2020,14:45,62629,14,869
06-04-2020,14:45,62650,31,1222
06-04-2020,14:45,62656,11,1261
06-04-2020,14:45,62664,11,263
06-04-2020,14:45,62675,9,373
06-04-2020,14:45,62681,12,211
06-04-2020,14:45,62684,71,687
06-04-2020,14:45,62702,72,3113
06-04-2020,14:45,62703,63,2351
06-04-2020,14:45,62704,47,2837
06-04-2020,14:45,62707,19,637
06-04-2020,14:45,62711,27,1279
06-04-2020,14:45,62712,6,646
06-04-2020,14:45,62801,64,1221
06-04-2020,14:45,62832,16,415
06-04-2020,14:45,62837,7,399
06-04-2020,14:45,62864,83,969
06-04-2020,14:45,62882,11,138
06-04-2020,14:45,62901,148,1465
06-04-2020,14:45,62902,17,201
06-04-2020,14:45,62906,80,685
06-04-2020,14:45,62907,20,97
06-04-2020,14:45,62912,8,61
06-04-2020,14:45,62918,14,422
06-04-2020,14:45,62920,65,320
06-04-2020,14:45,62948,14,488
06-04-2020,14:45,62951,6,185
06-04-2020,14:45,62952,10,156
06-04-2020,14:45,62959,31,1071
06-04-2020,14:45,62966,95,1002
06-04-2020,14:45,62992,49,149
06-03-2020,14:45,60002,101,929
06-03-2020,14:45,60004,316,4218
06-03-2020,14:45,60005,173,1631
06-03-2020,14:45,60007,296,1695
06-03-2020,14:45,60008,301,2449
06-03-2020,14:45,60010,107,1450
06-03-2020,14:45,60012,72,422
06-03-2020,14:45,60013,89,763
06-03-2020,14:45,60014,226,2052
06-03-2020,14:45,60015,171,1351
06-03-2020,14:45,60016,983,4856
06-03-2020,14:45,60018,574,2596
06-03-2020,14:45,60020,36,530
06-03-2020,14:45,60021,22,176
06-03-2020,14:45,60022,25,362
06-03-2020,14:45,60025,343,2741
06-03-2020,14:45,60026,131,917
06-03-2020,14:45,60029,9,62
06-03-2020,14:45,60030,169,1743
06-03-2020,14:45,60031,318,2296
06-03-2020,14:45,60033,165,760
06-03-2020,14:45,60035,239,1953
06-03-2020,14:45,60040,172,440
06-03-2020,14:45,60041,42,421
06-03-2020,14:45,60042,32,316
06-03-2020,14:45,60043,18,154
06-03-2020,14:45,60044,91,682
06-03-2020,14:45,60045,110,1047
06-03-2020,14:45,60046,194,1456
06-03-2020,14:45,60047,331,1836
06-03-2020,14:45,60048,115,1131
06-03-2020,14:45,60050,207,1575
06-03-2020,14:45,60051,101,1039
06-03-2020,14:45,60053,264,1630
06-03-2020,14:45,60056,576,3199
06-03-2020,14:45,60060,411,1966
06-03-2020,14:45,60061,155,1340
06-03-2020,14:45,60062,298,2827
06-03-2020,14:45,60064,592,1611
06-03-2020,14:45,60067,193,2151
06-03-2020,14:45,60068,290,2080
06-03-2020,14:45,60069,78,559
06-03-2020,14:45,60070,231,1164
06-03-2020,14:45,60071,8,145
06-03-2020,14:45,60073,936,3904
06-03-2020,14:45,60074,404,2190
06-03-2020,14:45,60076,462,2721
06-03-2020,14:45,60077,382,2249
06-03-2020,14:45,60079,11,46
06-03-2020,14:45,60081,37,351
06-03-2020,14:45,60083,95,658
06-03-2020,14:45,60084,166,750
06-03-2020,14:45,60085,2291,7475
06-03-2020,14:45,60087,621,2790
06-03-2020,14:45,60088,55,295
06-03-2020,14:45,60089,250,1934
06-03-2020,14:45,60090,726,3125
06-03-2020,14:45,60091,144,1383
06-03-2020,14:45,60093,157,1178
06-03-2020,14:45,60096,34,332
06-03-2020,14:45,60097,38,470
06-03-2020,14:45,60098,289,1721
06-03-2020,14:45,60099,548,2507
06-03-2020,14:45,60101,747,3125
06-03-2020,14:45,60102,142,1218
06-03-2020,14:45,60103,248,2086
06-03-2020,14:45,60104,394,1823
06-03-2020,14:45,60106,474,1999
06-03-2020,14:45,60107,592,2920
06-03-2020,14:45,60108,259,2165
06-03-2020,14:45,60109,10,295
06-03-2020,14:45,60110,644,2401
06-03-2020,14:45,60112,21,240
06-03-2020,14:45,60115,243,2408
06-03-2020,14:45,60118,71,707
06-03-2020,14:45,60119,35,473
06-03-2020,14:45,60120,1224,4481
06-03-2020,14:45,60123,731,3813
06-03-2020,14:45,60124,101,1066
06-03-2020,14:45,60126,242,2497
06-03-2020,14:45,60130,136,1616
06-03-2020,14:45,60131,338,1634
06-03-2020,14:45,60133,692,3062
06-03-2020,14:45,60134,145,1219
06-03-2020,14:45,60135,31,369
06-03-2020,14:45,60136,50,351
06-03-2020,14:45,60137,139,1782
06-03-2020,14:45,60139,594,2724
06-03-2020,14:45,60140,84,828
06-03-2020,14:45,60141,21,490
06-03-2020,14:45,60142,87,1249
06-03-2020,14:45,60143,167,855
06-03-2020,14:45,60145,6,86
06-03-2020,14:45,60146,8,125
06-03-2020,14:45,60148,337,2741
06-03-2020,14:45,60151,16,203
06-03-2020,14:45,60152,70,528
06-03-2020,14:45,60153,485,2404
06-03-2020,14:45,60154,199,1558
06-03-2020,14:45,60155,166,745
06-03-2020,14:45,60156,143,1123
06-03-2020,14:45,60157,14,122
06-03-2020,14:45,60160,693,2673
06-03-2020,14:45,60162,146,993
06-03-2020,14:45,60163,86,465
06-03-2020,14:45,60164,494,3006
06-03-2020,14:45,60165,170,544
06-03-2020,14:45,60169,353,1859
06-03-2020,14:45,60171,114,765
06-03-2020,14:45,60172,216,1303
06-03-2020,14:45,60173,91,536
06-03-2020,14:45,60174,152,1888
06-03-2020,14:45,60175,77,1026
06-03-2020,14:45,60176,137,756
06-03-2020,14:45,60177,242,1285
06-03-2020,14:45,60178,50,914
06-03-2020,14:45,60181,245,1667
06-03-2020,14:45,60184,6,105
06-03-2020,14:45,60185,711,3045
06-03-2020,14:45,60187,115,1490
06-03-2020,14:45,60188,452,2699
06-03-2020,14:45,60189,105,1309
06-03-2020,14:45,60190,42,639
06-03-2020,14:45,60191,204,989
06-03-2020,14:45,60192,50,572
06-03-2020,14:45,60193,230,1954
06-03-2020,14:45,60194,140,1264
06-03-2020,14:45,60195,15,165
06-03-2020,14:45,60201,317,2713
06-03-2020,14:45,60202,413,2476
06-03-2020,14:45,60203,22,268
06-03-2020,14:45,60301,25,214
06-03-2020,14:45,60302,204,2303
06-03-2020,14:45,60304,73,962
06-03-2020,14:45,60305,49,592
06-03-2020,14:45,60401,38,537
06-03-2020,14:45,60402,1328,6414
06-03-2020,14:45,60403,192,1413
06-03-2020,14:45,60404,109,1235
06-03-2020,14:45,60406,472,2749
06-03-2020,14:45,60408,17,214
06-03-2020,14:45,60409,557,3676
06-03-2020,14:45,60410,52,635
06-03-2020,14:45,60411,852,5832
06-03-2020,14:45,60415,181,944
06-03-2020,14:45,60416,9,248
06-03-2020,14:45,60417,139,1189
06-03-2020,14:45,60418,106,522
06-03-2020,14:45,60419,376,2546
06-03-2020,14:45,60420,7,139
06-03-2020,14:45,60421,12,167
06-03-2020,14:45,60422,78,842
06-03-2020,14:45,60423,132,1432
06-03-2020,14:45,60425,159,1128
06-03-2020,14:45,60426,439,2908
06-03-2020,14:45,60428,198,1454
06-03-2020,14:45,60429,219,2078
06-03-2020,14:45,60430,266,1867
06-03-2020,14:45,60431,204,1913
06-03-2020,14:45,60432,414,1807
06-03-2020,14:45,60433,278,1383
06-03-2020,14:45,60434,162,220
06-03-2020,14:45,60435,639,4423
06-03-2020,14:45,60436,228,1684
06-03-2020,14:45,60438,373,2384
06-03-2020,14:45,60439,89,1115
06-03-2020,14:45,60440,827,5190
06-03-2020,14:45,60441,191,1704
06-03-2020,14:45,60442,41,448
06-03-2020,14:45,60443,337,2249
06-03-2020,14:45,60445,148,1400
06-03-2020,14:45,60446,489,3289
06-03-2020,14:45,60447,50,628
06-03-2020,14:45,60448,126,1028
06-03-2020,14:45,60449,69,656
06-03-2020,14:45,60450,32,624
06-03-2020,14:45,60451,105,1395
06-03-2020,14:45,60452,225,1824
06-03-2020,14:45,60453,717,4117
06-03-2020,14:45,60455,285,1448
06-03-2020,14:45,60456,45,313
06-03-2020,14:45,60457,115,766
06-03-2020,14:45,60458,131,969
06-03-2020,14:45,60459,387,2270
06-03-2020,14:45,60461,56,507
06-03-2020,14:45,60462,311,2357
06-03-2020,14:45,60463,235,1032
06-03-2020,14:45,60464,44,481
06-03-2020,14:45,60465,230,1107
06-03-2020,14:45,60466,465,2742
06-03-2020,14:45,60467,158,1235
06-03-2020,14:45,60468,32,281
06-03-2020,14:45,60469,79,558
06-03-2020,14:45,60471,209,1353
06-03-2020,14:45,60472,67,550
06-03-2020,14:45,60473,376,2689
06-03-2020,14:45,60475,72,672
06-03-2020,14:45,60476,17,174
06-03-2020,14:45,60477,233,2172
06-03-2020,14:45,60478,306,2369
06-03-2020,14:45,60480,34,348
06-03-2020,14:45,60481,22,445
06-03-2020,14:45,60482,95,619
06-03-2020,14:45,60484,109,656
06-03-2020,14:45,60487,134,1301
06-03-2020,14:45,60490,133,1372
06-03-2020,14:45,60491,135,952
06-03-2020,14:45,60501,267,1100
06-03-2020,14:45,60502,93,1049
06-03-2020,14:45,60503,60,648
06-03-2020,14:45,60504,320,2162
06-03-2020,14:45,60505,1865,6841
06-03-2020,14:45,60506,990,5355
06-03-2020,14:45,60510,90,1394
06-03-2020,14:45,60513,161,1657
06-03-2020,14:45,60514,44,558
06-03-2020,14:45,60515,96,1216
06-03-2020,14:45,60516,110,1327
06-03-2020,14:45,60517,210,1947
06-03-2020,14:45,60520,8,119
06-03-2020,14:45,60521,181,1133
06-03-2020,14:45,60523,103,718
06-03-2020,14:45,60525,271,2613
06-03-2020,14:45,60526,79,1314
06-03-2020,14:45,60527,230,2232
06-03-2020,14:45,60532,120,1640
06-03-2020,14:45,60534,164,949
06-03-2020,14:45,60538,291,1815
06-03-2020,14:45,60540,128,1934
06-03-2020,14:45,60541,9,103
06-03-2020,14:45,60542,158,1200
06-03-2020,14:45,60543,253,1990
06-03-2020,14:45,60544,169,1824
06-03-2020,14:45,60545,149,964
06-03-2020,14:45,60546,160,2019
06-03-2020,14:45,60548,74,642
06-03-2020,14:45,60551,23,117
06-03-2020,14:45,60552,7,167
06-03-2020,14:45,60554,38,562
06-03-2020,14:45,60555,124,885
06-03-2020,14:45,60558,45,664
06-03-2020,14:45,60559,308,1766
06-03-2020,14:45,60560,99,1127
06-03-2020,14:45,60561,113,1334
06-03-2020,14:45,60563,178,2007
06-03-2020,14:45,60564,148,1765
06-03-2020,14:45,60565,181,1629
06-03-2020,14:45,60585,90,1072
06-03-2020,14:45,60586,336,2854
06-03-2020,14:45,60601,70,813
06-03-2020,14:45,60602,15,172
06-03-2020,14:45,60603,8,84
06-03-2020,14:45,60604,21,134
06-03-2020,14:45,60605,181,1753
06-03-2020,14:45,60606,47,690
06-03-2020,14:45,60607,433,2153
06-03-2020,14:45,60608,1654,7048
06-03-2020,14:45,60609,1706,6455
06-03-2020,14:45,60610,250,2670
06-03-2020,14:45,60611,146,2750
06-03-2020,14:45,60612,673,4192
06-03-2020,14:45,60613,361,2766
06-03-2020,14:45,60614,491,4487
06-03-2020,14:45,60615,369,3466
06-03-2020,14:45,60616,435,4199
06-03-2020,14:45,60617,1082,7889
06-03-2020,14:45,60618,1221,6849
06-03-2020,14:45,60619,878,7928
06-03-2020,14:45,60620,1075,7481
06-03-2020,14:45,60621,518,3129
06-03-2020,14:45,60622,609,3780
06-03-2020,14:45,60623,3207,9592
06-03-2020,14:45,60624,827,3885
06-03-2020,14:45,60625,1335,6065
06-03-2020,14:45,60626,933,4703
06-03-2020,14:45,60628,1000,6465
06-03-2020,14:45,60629,3123,11241
06-03-2020,14:45,60630,772,4341
06-03-2020,14:45,60631,280,3103
06-03-2020,14:45,60632,2948,9123
06-03-2020,14:45,60633,257,1803
06-03-2020,14:45,60634,1369,8412
06-03-2020,14:45,60636,687,3216
06-03-2020,14:45,60637,606,4990
06-03-2020,14:45,60638,1061,5641
06-03-2020,14:45,60639,3174,11180
06-03-2020,14:45,60640,760,5073
06-03-2020,14:45,60641,1415,6772
06-03-2020,14:45,60642,148,1356
06-03-2020,14:45,60643,679,5260
06-03-2020,14:45,60644,1174,5633
06-03-2020,14:45,60645,1028,4608
06-03-2020,14:45,60646,366,2583
06-03-2020,14:45,60647,1275,6377
06-03-2020,14:45,60649,740,5134
06-03-2020,14:45,60651,1665,6627
06-03-2020,14:45,60652,885,4196
06-03-2020,14:45,60653,509,3909
06-03-2020,14:45,60654,138,1138
06-03-2020,14:45,60655,264,2940
06-03-2020,14:45,60656,268,2335
06-03-2020,14:45,60657,327,4019
06-03-2020,14:45,60659,715,2969
06-03-2020,14:45,60660,405,2502
06-03-2020,14:45,60661,40,517
06-03-2020,14:45,60706,329,2721
06-03-2020,14:45,60707,739,4352
06-03-2020,14:45,60712,153,936
06-03-2020,14:45,60714,755,3192
06-03-2020,14:45,60803,243,1598
06-03-2020,14:45,60804,2762,9675
06-03-2020,14:45,60805,218,1459
06-03-2020,14:45,60827,351,2307
06-03-2020,14:45,60901,532,3331
06-03-2020,14:45,60911,9,73
06-03-2020,14:45,60912,6,36
06-03-2020,14:45,60913,6,65
06-03-2020,14:45,60914,158,1676
06-03-2020,14:45,60915,60,783
06-03-2020,14:45,60919,6,27
06-03-2020,14:45,60922,12,149
06-03-2020,14:45,60927,47,213
06-03-2020,14:45,60928,7,33
06-03-2020,14:45,60930,6,22
06-03-2020,14:45,60938,6,70
06-03-2020,14:45,60940,7,149
06-03-2020,14:45,60941,6,84
06-03-2020,14:45,60950,89,890
06-03-2020,14:45,60954,31,563
06-03-2020,14:45,60955,12,80
06-03-2020,14:45,60957,7,246
06-03-2020,14:45,60958,21,131
06-03-2020,14:45,60964,32,285
06-03-2020,14:45,60970,12,306
06-03-2020,14:45,61008,404,2500
06-03-2020,14:45,61010,12,238
06-03-2020,14:45,61011,10,102
06-03-2020,14:45,61012,17,104
06-03-2020,14:45,61016,33,333
06-03-2020,14:45,61020,13,173
06-03-2020,14:45,61021,72,1031
06-03-2020,14:45,61032,184,2030
06-03-2020,14:45,61036,11,278
06-03-2020,14:45,61054,7,172
06-03-2020,14:45,61061,10,213
06-03-2020,14:45,61063,7,161
06-03-2020,14:45,61064,10,117
06-03-2020,14:45,61065,45,536
06-03-2020,14:45,61068,138,1216
06-03-2020,14:45,61071,32,297
06-03-2020,14:45,61072,33,430
06-03-2020,14:45,61073,59,832
06-03-2020,14:45,61080,46,401
06-03-2020,14:45,61081,72,561
06-03-2020,14:45,61084,9,90
06-03-2020,14:45,61088,11,259
06-03-2020,14:45,61101,276,2063
06-03-2020,14:45,61102,232,1693
06-03-2020,14:45,61103,244,2315
06-03-2020,14:45,61104,256,1508
06-03-2020,14:45,61107,212,2456
06-03-2020,14:45,61108,332,2389
06-03-2020,14:45,61109,249,2071
06-03-2020,14:45,61111,99,1429
06-03-2020,14:45,61114,93,1160
06-03-2020,14:45,61115,105,1256
06-03-2020,14:45,61201,202,1543
06-03-2020,14:45,61235,8,73
06-03-2020,14:45,61239,8,48
06-03-2020,14:45,61240,11,191
06-03-2020,14:45,61241,16,270
06-03-2020,14:45,61244,173,1390
06-03-2020,14:45,61252,23,143
06-03-2020,14:45,61254,8,400
06-03-2020,14:45,61256,6,74
06-03-2020,14:45,61264,23,397
06-03-2020,14:45,61265,207,1991
06-03-2020,14:45,61270,7,156
06-03-2020,14:45,61275,10,121
06-03-2020,14:45,61282,41,357
06-03-2020,14:45,61341,39,483
06-03-2020,14:45,61342,17,220
06-03-2020,14:45,61350,20,595
06-03-2020,14:45,61354,6,356
06-03-2020,14:45,61356,6,414
06-03-2020,14:45,61401,89,1475
06-03-2020,14:45,61410,6,94
06-03-2020,14:45,61443,18,413
06-03-2020,14:45,61455,79,909
06-03-2020,14:45,61462,108,636
06-03-2020,14:45,61469,7,107
06-03-2020,14:45,61525,9,353
06-03-2020,14:45,61548,8,380
06-03-2020,14:45,61550,6,767
06-03-2020,14:45,61554,26,2039
06-03-2020,14:45,61571,8,936
06-03-2020,14:45,61603,36,1099
06-03-2020,14:45,61604,48,1824
06-03-2020,14:45,61605,31,904
06-03-2020,14:45,61606,6,251
06-03-2020,14:45,61610,7,235
06-03-2020,14:45,61611,21,1170
06-03-2020,14:45,61614,90,1758
06-03-2020,14:45,61615,30,1249
06-03-2020,14:45,61701,47,2146
06-03-2020,14:45,61704,85,1721
06-03-2020,14:45,61705,15,697
06-03-2020,14:45,61739,6,135
06-03-2020,14:45,61761,53,1983
06-03-2020,14:45,61764,19,603
06-03-2020,14:45,61801,45,1401
06-03-2020,14:45,61802,110,1794
06-03-2020,14:45,61820,108,1611
06-03-2020,14:45,61821,123,2514
06-03-2020,14:45,61822,54,1708
06-03-2020,14:45,61832,23,1140
06-03-2020,14:45,61853,13,865
06-03-2020,14:45,61856,6,376
06-03-2020,14:45,61866,160,1655
06-03-2020,14:45,61874,20,696
06-03-2020,14:45,61910,6,236
06-03-2020,14:45,61920,91,1276
06-03-2020,14:45,61938,28,1169
06-03-2020,14:45,61951,7,240
06-03-2020,14:45,61953,13,308
06-03-2020,14:45,62002,102,877
06-03-2020,14:45,62010,15,185
06-03-2020,14:45,62012,10,182
06-03-2020,14:45,62018,8,82
06-03-2020,14:45,62024,9,147
06-03-2020,14:45,62025,114,768
06-03-2020,14:45,62034,70,326
06-03-2020,14:45,62035,24,297
06-03-2020,14:45,62040,81,777
06-03-2020,14:45,62049,6,454
06-03-2020,14:45,62052,14,135
06-03-2020,14:45,62056,13,415
06-03-2020,14:45,62059,7,23
06-03-2020,14:45,62060,22,109
06-03-2020,14:45,62062,9,516
06-03-2020,14:45,62069,9,113
06-03-2020,14:45,62088,7,362
06-03-2020,14:45,62090,11,28
06-03-2020,14:45,62095,25,192
06-03-2020,14:45,62201,19,151
06-03-2020,14:45,62203,44,299
06-03-2020,14:45,62204,48,282
06-03-2020,14:45,62205,50,385
06-03-2020,14:45,62206,113,572
06-03-2020,14:45,62207,80,299
06-03-2020,14:45,62208,81,484
06-03-2020,14:45,62220,143,502
06-03-2020,14:45,62221,111,718
06-03-2020,14:45,62223,52,431
06-03-2020,14:45,62226,145,935
06-03-2020,14:45,62230,11,264
06-03-2020,14:45,62231,79,395
06-03-2020,14:45,62232,27,316
06-03-2020,14:45,62233,98,473
06-03-2020,14:45,62234,74,746
06-03-2020,14:45,62236,42,170
06-03-2020,14:45,62237,6,228
06-03-2020,14:45,62238,6,39
06-03-2020,14:45,62239,15,84
06-03-2020,14:45,62241,6,44
06-03-2020,14:45,62242,6,36
06-03-2020,14:45,62243,8,76
06-03-2020,14:45,62246,7,224
06-03-2020,14:45,62249,14,378
06-03-2020,14:45,62254,48,325
06-03-2020,14:45,62257,12,100
06-03-2020,14:45,62258,18,261
06-03-2020,14:45,62260,9,84
06-03-2020,14:45,62264,41,74
06-03-2020,14:45,62265,33,419
06-03-2020,14:45,62269,74,655
06-03-2020,14:45,62272,50,154
06-03-2020,14:45,62274,10,171
06-03-2020,14:45,62278,16,170
06-03-2020,14:45,62285,14,70
06-03-2020,14:45,62286,48,309
06-03-2020,14:45,62288,32,221
06-03-2020,14:45,62293,8,147
06-03-2020,14:45,62294,19,276
06-03-2020,14:45,62295,9,35
06-03-2020,14:45,62298,46,282
06-03-2020,14:45,62301,22,1918
06-03-2020,14:45,62305,15,219
06-03-2020,14:45,62353,7,324
06-03-2020,14:45,62428,7,118
06-03-2020,14:45,62441,7,145
06-03-2020,14:45,62448,37,380
06-03-2020,14:45,62454,8,167
06-03-2020,14:45,62471,17,247
06-03-2020,14:45,62474,6,39
06-03-2020,14:45,62521,109,1286
06-03-2020,14:45,62522,33,387
06-03-2020,14:45,62526,42,1242
06-03-2020,14:45,62560,7,88
06-03-2020,14:45,62565,14,365
06-03-2020,14:45,62568,26,613
06-03-2020,14:45,62618,65,619
06-03-2020,14:45,62629,13,841
06-03-2020,14:45,62650,30,1186
06-03-2020,14:45,62656,11,1227
06-03-2020,14:45,62664,11,168
06-03-2020,14:45,62675,9,360
06-03-2020,14:45,62681,12,206
06-03-2020,14:45,62684,71,678
06-03-2020,14:45,62702,71,2874
06-03-2020,14:45,62703,62,2239
06-03-2020,14:45,62704,47,2737
06-03-2020,14:45,62707,19,625
06-03-2020,14:45,62711,26,1255
06-03-2020,14:45,62712,6,619
06-03-2020,14:45,62801,64,1130
06-03-2020,14:45,62832,16,410
06-03-2020,14:45,62837,7,386
06-03-2020,14:45,62864,83,945
06-03-2020,14:45,62882,11,131
06-03-2020,14:45,62901,146,1372
06-03-2020,14:45,62902,17,196
06-03-2020,14:45,62906,77,672
06-03-2020,14:45,62907,20,95
06-03-2020,14:45,62912,8,59
06-03-2020,14:45,62918,13,406
06-03-2020,14:45,62920,65,314
06-03-2020,14:45,62948,12,468
06-03-2020,14:45,62951,6,179
06-03-2020,14:45,62952,10,148
06-03-2020,14:45,62959,31,1029
06-03-2020,14:45,62966,94,970
06-03-2020,14:45,62992,49,146
06-02-2020,14:45,60002,101,910
06-02-2020,14:45,60004,315,4172
06-02-2020,14:45,60005,169,1607
06-02-2020,14:45,60007,292,1666
06-02-2020,14:45,60008,299,2420
06-02-2020,14:45,60010,105,1422
06-02-2020,14:45,60012,71,407
06-02-2020,14:45,60013,87,747
06-02-2020,14:45,60014,220,2015
06-02-2020,14:45,60015,171,1318
06-02-2020,14:45,60016,982,4696
06-02-2020,14:45,60018,567,2409
06-02-2020,14:45,60020,36,518
06-02-2020,14:45,60021,22,174
06-02-2020,14:45,60022,25,351
06-02-2020,14:45,60025,341,2544
06-02-2020,14:45,60026,130,895
06-02-2020,14:45,60029,9,62
06-02-2020,14:45,60030,167,1710
06-02-2020,14:45,60031,316,2252
06-02-2020,14:45,60033,162,746
06-02-2020,14:45,60035,236,1893
06-02-2020,14:45,60040,167,432
06-02-2020,14:45,60041,42,415
06-02-2020,14:45,60042,32,308
06-02-2020,14:45,60043,18,151
06-02-2020,14:45,60044,92,668
06-02-2020,14:45,60045,110,1018
06-02-2020,14:45,60046,194,1412
06-02-2020,14:45,60047,329,1777
06-02-2020,14:45,60048,115,1080
06-02-2020,14:45,60050,205,1552
06-02-2020,14:45,60051,101,1018
06-02-2020,14:45,60053,264,1606
06-02-2020,14:45,60056,573,3157
06-02-2020,14:45,60060,409,1915
06-02-2020,14:45,60061,154,1319
06-02-2020,14:45,60062,291,2758
06-02-2020,14:45,60064,585,1587
06-02-2020,14:45,60067,192,2113
06-02-2020,14:45,60068,290,2048
06-02-2020,14:45,60069,76,534
06-02-2020,14:45,60070,233,1145
06-02-2020,14:45,60071,8,142
06-02-2020,14:45,60073,921,3807
06-02-2020,14:45,60074,397,2160
06-02-2020,14:45,60076,461,2686
06-02-2020,14:45,60077,380,2219
06-02-2020,14:45,60079,10,46
06-02-2020,14:45,60081,37,341
06-02-2020,14:45,60083,94,633
06-02-2020,14:45,60084,164,739
06-02-2020,14:45,60085,2281,7351
06-02-2020,14:45,60087,616,2731
06-02-2020,14:45,60088,54,250
06-02-2020,14:45,60089,249,1898
06-02-2020,14:45,60090,719,3071
06-02-2020,14:45,60091,142,1359
06-02-2020,14:45,60093,152,1150
06-02-2020,14:45,60096,33,325
06-02-2020,14:45,60097,38,462
06-02-2020,14:45,60098,287,1692
06-02-2020,14:45,60099,543,2455
06-02-2020,14:45,60101,742,3068
06-02-2020,14:45,60102,141,1199
06-02-2020,14:45,60103,247,2050
06-02-2020,14:45,60104,390,1785
06-02-2020,14:45,60106,470,1961
06-02-2020,14:45,60107,589,2841
06-02-2020,14:45,60108,256,2127
06-02-2020,14:45,60109,10,295
06-02-2020,14:45,60110,638,2353
06-02-2020,14:45,60112,21,231
06-02-2020,14:45,60115,235,2201
06-02-2020,14:45,60118,69,694
06-02-2020,14:45,60119,34,465
06-02-2020,14:45,60120,1216,4416
06-02-2020,14:45,60123,725,3729
06-02-2020,14:45,60124,100,1024
06-02-2020,14:45,60126,240,2420
06-02-2020,14:45,60130,136,1578
06-02-2020,14:45,60131,333,1602
06-02-2020,14:45,60133,686,3012
06-02-2020,14:45,60134,143,1194
06-02-2020,14:45,60135,29,359
06-02-2020,14:45,60136,51,343
06-02-2020,14:45,60137,138,1747
06-02-2020,14:45,60139,586,2673
06-02-2020,14:45,60140,84,799
06-02-2020,14:45,60141,21,465
06-02-2020,14:45,60142,84,1216
06-02-2020,14:45,60143,167,839
06-02-2020,14:45,60145,6,85
06-02-2020,14:45,60146,8,115
06-02-2020,14:45,60148,334,2652
06-02-2020,14:45,60151,16,197
06-02-2020,14:45,60152,69,520
06-02-2020,14:45,60153,481,2347
06-02-2020,14:45,60154,195,1537
06-02-2020,14:45,60155,166,731
06-02-2020,14:45,60156,142,1098
06-02-2020,14:45,60157,14,119
06-02-2020,14:45,60160,679,2614
06-02-2020,14:45,60162,145,970
06-02-2020,14:45,60163,86,458
06-02-2020,14:45,60164,487,2963
06-02-2020,14:45,60165,172,536
06-02-2020,14:45,60169,350,1823
06-02-2020,14:45,60171,114,756
06-02-2020,14:45,60172,214,1283
06-02-2020,14:45,60173,88,524
06-02-2020,14:45,60174,152,1858
06-02-2020,14:45,60175,75,1002
06-02-2020,14:45,60176,137,747
06-02-2020,14:45,60177,240,1261
06-02-2020,14:45,60178,46,862
06-02-2020,14:45,60181,243,1635
06-02-2020,14:45,60184,6,103
06-02-2020,14:45,60185,708,2990
06-02-2020,14:45,60187,113,1459
06-02-2020,14:45,60188,448,2637
06-02-2020,14:45,60189,103,1275
06-02-2020,14:45,60190,43,630
06-02-2020,14:45,60191,202,963
06-02-2020,14:45,60192,48,558
06-02-2020,14:45,60193,229,1868
06-02-2020,14:45,60194,137,1250
06-02-2020,14:45,60195,16,161
06-02-2020,14:45,60201,316,2671
06-02-2020,14:45,60202,412,2439
06-02-2020,14:45,60203,22,264
06-02-2020,14:45,60301,24,210
06-02-2020,14:45,60302,205,2245
06-02-2020,14:45,60304,72,944
06-02-2020,14:45,60305,49,586
06-02-2020,14:45,60401,38,529
06-02-2020,14:45,60402,1317,6256
06-02-2020,14:45,60403,189,1362
06-02-2020,14:45,60404,108,1199
06-02-2020,14:45,60406,470,2715
06-02-2020,14:45,60408,17,211
06-02-2020,14:45,60409,555,3628
06-02-2020,14:45,60410,51,620
06-02-2020,14:45,60411,850,5776
06-02-2020,14:45,60415,179,916
06-02-2020,14:45,60416,9,239
06-02-2020,14:45,60417,139,1170
06-02-2020,14:45,60418,103,517
06-02-2020,14:45,60419,371,2483
06-02-2020,14:45,60420,7,137
06-02-2020,14:45,60421,12,165
06-02-2020,14:45,60422,77,828
06-02-2020,14:45,60423,131,1405
06-02-2020,14:45,60425,157,1117
06-02-2020,14:45,60426,433,2862
06-02-2020,14:45,60428,196,1438
06-02-2020,14:45,60429,218,2058
06-02-2020,14:45,60430,264,1827
06-02-2020,14:45,60431,202,1876
06-02-2020,14:45,60432,405,1772
06-02-2020,14:45,60433,277,1359
06-02-2020,14:45,60434,162,219
06-02-2020,14:45,60435,631,4325
06-02-2020,14:45,60436,230,1563
06-02-2020,14:45,60438,370,2363
06-02-2020,14:45,60439,85,1088
06-02-2020,14:45,60440,823,5099
06-02-2020,14:45,60441,189,1666
06-02-2020,14:45,60442,39,437
06-02-2020,14:45,60443,336,2228
06-02-2020,14:45,60445,146,1364
06-02-2020,14:45,60446,485,3231
06-02-2020,14:45,60447,49,614
06-02-2020,14:45,60448,125,1011
06-02-2020,14:45,60449,69,649
06-02-2020,14:45,60450,32,583
06-02-2020,14:45,60451,103,1371
06-02-2020,14:45,60452,222,1788
06-02-2020,14:45,60453,704,4040
06-02-2020,14:45,60455,283,1431
06-02-2020,14:45,60456,45,309
06-02-2020,14:45,60457,114,743
06-02-2020,14:45,60458,131,953
06-02-2020,14:45,60459,388,2230
06-02-2020,14:45,60461,56,500
06-02-2020,14:45,60462,305,2256
06-02-2020,14:45,60463,234,998
06-02-2020,14:45,60464,43,467
06-02-2020,14:45,60465,230,1074
06-02-2020,14:45,60466,465,2718
06-02-2020,14:45,60467,155,1207
06-02-2020,14:45,60468,32,275
06-02-2020,14:45,60469,78,554
06-02-2020,14:45,60471,207,1337
06-02-2020,14:45,60472,66,545
06-02-2020,14:45,60473,375,2649
06-02-2020,14:45,60475,71,657
06-02-2020,14:45,60476,17,171
06-02-2020,14:45,60477,230,2122
06-02-2020,14:45,60478,304,2349
06-02-2020,14:45,60480,33,343
06-02-2020,14:45,60481,22,436
06-02-2020,14:45,60482,94,605
06-02-2020,14:45,60484,109,647
06-02-2020,14:45,60487,133,1283
06-02-2020,14:45,60490,133,1336
06-02-2020,14:45,60491,133,936
06-02-2020,14:45,60501,267,1070
06-02-2020,14:45,60502,93,1036
06-02-2020,14:45,60503,58,623
06-02-2020,14:45,60504,317,2114
06-02-2020,14:45,60505,1847,6724
06-02-2020,14:45,60506,983,5253
06-02-2020,14:45,60510,89,1359
06-02-2020,14:45,60513,158,1631
06-02-2020,14:45,60514,44,554
06-02-2020,14:45,60515,97,1191
06-02-2020,14:45,60516,110,1298
06-02-2020,14:45,60517,205,1899
06-02-2020,14:45,60520,8,119
06-02-2020,14:45,60521,182,1112
06-02-2020,14:45,60523,101,703
06-02-2020,14:45,60525,269,2559
06-02-2020,14:45,60526,79,1297
06-02-2020,14:45,60527,227,2168
06-02-2020,14:45,60532,117,1592
06-02-2020,14:45,60534,163,935
06-02-2020,14:45,60538,289,1784
06-02-2020,14:45,60540,126,1875
06-02-2020,14:45,60541,9,101
06-02-2020,14:45,60542,159,1167
06-02-2020,14:45,60543,252,1926
06-02-2020,14:45,60544,168,1737
06-02-2020,14:45,60545,148,944
06-02-2020,14:45,60546,158,1862
06-02-2020,14:45,60548,73,626
06-02-2020,14:45,60551,23,113
06-02-2020,14:45,60552,7,161
06-02-2020,14:45,60554,38,553
06-02-2020,14:45,60555,123,863
06-02-2020,14:45,60558,45,659
06-02-2020,14:45,60559,307,1724
06-02-2020,14:45,60560,96,1085
06-02-2020,14:45,60561,112,1307
06-02-2020,14:45,60563,178,1961
06-02-2020,14:45,60564,146,1709
06-02-2020,14:45,60565,179,1585
06-02-2020,14:45,60585,89,1040
06-02-2020,14:45,60586,333,2789
06-02-2020,14:45,60601,70,798
06-02-2020,14:45,60602,15,167
06-02-2020,14:45,60603,8,78
06-02-2020,14:45,60604,21,131
06-02-2020,14:45,60605,177,1718
06-02-2020,14:45,60606,48,663
06-02-2020,14:45,60607,432,2106
06-02-2020,14:45,60608,1645,6607
06-02-2020,14:45,60609,1695,6130
06-02-2020,14:45,60610,250,2609
06-02-2020,14:45,60611,145,2702
06-02-2020,14:45,60612,667,4111
06-02-2020,14:45,60613,359,2696
06-02-2020,14:45,60614,476,4425
06-02-2020,14:45,60615,367,3401
06-02-2020,14:45,60616,431,4103
06-02-2020,14:45,60617,1081,7770
06-02-2020,14:45,60618,1214,6693
06-02-2020,14:45,60619,867,7822
06-02-2020,14:45,60620,1069,7386
06-02-2020,14:45,60621,517,3034
06-02-2020,14:45,60622,607,3716
06-02-2020,14:45,60623,3187,8925
06-02-2020,14:45,60624,824,3760
06-02-2020,14:45,60625,1325,5934
06-02-2020,14:45,60626,932,4598
06-02-2020,14:45,60628,997,6326
06-02-2020,14:45,60629,3099,10715
06-02-2020,14:45,60630,767,4277
06-02-2020,14:45,60631,278,3045
06-02-2020,14:45,60632,2928,8606
06-02-2020,14:45,60633,256,1787
06-02-2020,14:45,60634,1365,8257
06-02-2020,14:45,60636,685,3137
06-02-2020,14:45,60637,606,4907
06-02-2020,14:45,60638,1056,5465
06-02-2020,14:45,60639,3163,10336
06-02-2020,14:45,60640,756,4908
06-02-2020,14:45,60641,1402,6555
06-02-2020,14:45,60642,146,1327
06-02-2020,14:45,60643,679,5184
06-02-2020,14:45,60644,1166,5411
06-02-2020,14:45,60645,1022,4536
06-02-2020,14:45,60646,365,2546
06-02-2020,14:45,60647,1272,6171
06-02-2020,14:45,60649,729,5071
06-02-2020,14:45,60651,1658,6371
06-02-2020,14:45,60652,879,4090
06-02-2020,14:45,60653,506,3828
06-02-2020,14:45,60654,137,1118
06-02-2020,14:45,60655,263,2892
06-02-2020,14:45,60656,265,2310
06-02-2020,14:45,60657,326,3963
06-02-2020,14:45,60659,710,2930
06-02-2020,14:45,60660,405,2442
06-02-2020,14:45,60661,40,509
06-02-2020,14:45,60706,326,2695
06-02-2020,14:45,60707,737,4265
06-02-2020,14:45,60712,149,923
06-02-2020,14:45,60714,749,3133
06-02-2020,14:45,60803,241,1570
06-02-2020,14:45,60804,2735,9459
06-02-2020,14:45,60805,213,1430
06-02-2020,14:45,60827,350,2282
06-02-2020,14:45,60901,523,3257
06-02-2020,14:45,60911,9,70
06-02-2020,14:45,60912,6,36
06-02-2020,14:45,60913,6,63
06-02-2020,14:45,60914,151,1597
06-02-2020,14:45,60915,59,762
06-02-2020,14:45,60919,6,26
06-02-2020,14:45,60922,11,144
06-02-2020,14:45,60927,47,211
06-02-2020,14:45,60928,7,31
06-02-2020,14:45,60930,6,22
06-02-2020,14:45,60938,6,68
06-02-2020,14:45,60940,7,145
06-02-2020,14:45,60941,6,83
06-02-2020,14:45,60950,81,873
06-02-2020,14:45,60954,29,553
06-02-2020,14:45,60955,12,78
06-02-2020,14:45,60957,7,240
06-02-2020,14:45,60958,21,129
06-02-2020,14:45,60964,32,279
06-02-2020,14:45,60970,12,302
06-02-2020,14:45,61008,397,2280
06-02-2020,14:45,61010,12,234
06-02-2020,14:45,61011,10,100
06-02-2020,14:45,61012,17,102
06-02-2020,14:45,61016,33,323
06-02-2020,14:45,61020,13,170
06-02-2020,14:45,61021,72,1025
06-02-2020,14:45,61032,184,1997
06-02-2020,14:45,61036,11,276
06-02-2020,14:45,61054,7,168
06-02-2020,14:45,61061,10,210
06-02-2020,14:45,61063,7,156
06-02-2020,14:45,61064,10,114
06-02-2020,14:45,61065,47,528
06-02-2020,14:45,61068,139,1198
06-02-2020,14:45,61071,31,289
06-02-2020,14:45,61072,32,420
06-02-2020,14:45,61073,56,808
06-02-2020,14:45,61080,46,395
06-02-2020,14:45,61081,71,549
06-02-2020,14:45,61084,9,88
06-02-2020,14:45,61088,11,256
06-02-2020,14:45,61101,273,2016
06-02-2020,14:45,61102,228,1649
06-02-2020,14:45,61103,243,2266
06-02-2020,14:45,61104,251,1484
06-02-2020,14:45,61107,209,2414
06-02-2020,14:45,61108,325,2319
06-02-2020,14:45,61109,241,2035
06-02-2020,14:45,61111,97,1399
06-02-2020,14:45,61114,92,1132
06-02-2020,14:45,61115,100,1230
06-02-2020,14:45,61201,199,1497
06-02-2020,14:45,61235,8,73
06-02-2020,14:45,61239,8,47
06-02-2020,14:45,61240,11,188
06-02-2020,14:45,61241,15,261
06-02-2020,14:45,61244,170,1379
06-02-2020,14:45,61252,23,141
06-02-2020,14:45,61254,8,387
06-02-2020,14:45,61256,6,70
06-02-2020,14:45,61264,23,388
06-02-2020,14:45,61265,206,1948
06-02-2020,14:45,61270,7,151
06-02-2020,14:45,61275,10,119
06-02-2020,14:45,61282,40,351
06-02-2020,14:45,61341,39,480
06-02-2020,14:45,61342,17,217
06-02-2020,14:45,61350,20,586
06-02-2020,14:45,61354,6,348
06-02-2020,14:45,61356,6,411
06-02-2020,14:45,61401,89,1421
06-02-2020,14:45,61410,6,93
06-02-2020,14:45,61443,18,404
06-02-2020,14:45,61455,77,885
06-02-2020,14:45,61462,107,621
06-02-2020,14:45,61469,7,106
06-02-2020,14:45,61525,9,342
06-02-2020,14:45,61548,8,369
06-02-2020,14:45,61550,6,742
06-02-2020,14:45,61554,25,1945
06-02-2020,14:45,61571,6,869
06-02-2020,14:45,61603,35,1054
06-02-2020,14:45,61604,44,1779
06-02-2020,14:45,61605,29,879
06-02-2020,14:45,61606,6,245
06-02-2020,14:45,61610,7,226
06-02-2020,14:45,61611,20,1088
06-02-2020,14:45,61614,87,1619
06-02-2020,14:45,61615,29,1226
06-02-2020,14:45,61701,47,2084
06-02-2020,14:45,61704,84,1670
06-02-2020,14:45,61705,15,683
06-02-2020,14:45,61761,51,1932
06-02-2020,14:45,61764,18,591
06-02-2020,14:45,61801,45,1370
06-02-2020,14:45,61802,108,1768
06-02-2020,14:45,61820,108,1582
06-02-2020,14:45,61821,123,2396
06-02-2020,14:45,61822,54,1671
06-02-2020,14:45,61832,23,1108
06-02-2020,14:45,61853,13,850
06-02-2020,14:45,61856,6,366
06-02-2020,14:45,61866,159,1633
06-02-2020,14:45,61874,15,661
06-02-2020,14:45,61910,6,226
06-02-2020,14:45,61920,91,1240
06-02-2020,14:45,61938,27,1120
06-02-2020,14:45,61951,7,228
06-02-2020,14:45,61953,13,299
06-02-2020,14:45,62002,99,776
06-02-2020,14:45,62010,15,183
06-02-2020,14:45,62012,10,181
06-02-2020,14:45,62018,8,81
06-02-2020,14:45,62024,9,147
06-02-2020,14:45,62025,114,745
06-02-2020,14:45,62034,68,319
06-02-2020,14:45,62035,24,284
06-02-2020,14:45,62040,81,768
06-02-2020,14:45,62049,6,448
06-02-2020,14:45,62052,14,133
06-02-2020,14:45,62056,13,410
06-02-2020,14:45,62059,7,23
06-02-2020,14:45,62060,22,108
06-02-2020,14:45,62062,9,508
06-02-2020,14:45,62069,9,112
06-02-2020,14:45,62088,7,357
06-02-2020,14:45,62090,11,28
06-02-2020,14:45,62095,26,191
06-02-2020,14:45,62201,18,150
06-02-2020,14:45,62203,44,295
06-02-2020,14:45,62204,47,278
06-02-2020,14:45,62205,49,376
06-02-2020,14:45,62206,113,540
06-02-2020,14:45,62207,80,298
06-02-2020,14:45,62208,79,468
06-02-2020,14:45,62220,143,488
06-02-2020,14:45,62221,111,691
06-02-2020,14:45,62223,51,422
06-02-2020,14:45,62226,145,915
06-02-2020,14:45,62230,12,183
06-02-2020,14:45,62231,78,367
06-02-2020,14:45,62232,27,313
06-02-2020,14:45,62233,98,467
06-02-2020,14:45,62234,73,722
06-02-2020,14:45,62236,42,168
06-02-2020,14:45,62237,6,226
06-02-2020,14:45,62238,6,38
06-02-2020,14:45,62239,15,80
06-02-2020,14:45,62241,6,43
06-02-2020,14:45,62242,6,36
06-02-2020,14:45,62243,8,73
06-02-2020,14:45,62246,7,216
06-02-2020,14:45,62249,13,370
06-02-2020,14:45,62254,42,319
06-02-2020,14:45,62257,11,97
06-02-2020,14:45,62258,17,254
06-02-2020,14:45,62260,7,80
06-02-2020,14:45,62264,40,73
06-02-2020,14:45,62265,33,416
06-02-2020,14:45,62269,74,643
06-02-2020,14:45,62272,49,151
06-02-2020,14:45,62274,10,167
06-02-2020,14:45,62278,15,168
06-02-2020,14:45,62285,14,69
06-02-2020,14:45,62286,48,301
06-02-2020,14:45,62288,32,211
06-02-2020,14:45,62293,8,144
06-02-2020,14:45,62294,19,264
06-02-2020,14:45,62295,9,35
06-02-2020,14:45,62298,46,279
06-02-2020,14:45,62301,22,1916
06-02-2020,14:45,62305,15,217
06-02-2020,14:45,62353,7,322
06-02-2020,14:45,62428,7,113
06-02-2020,14:45,62441,7,143
06-02-2020,14:45,62448,37,371
06-02-2020,14:45,62454,8,166
06-02-2020,14:45,62471,17,244
06-02-2020,14:45,62474,6,38
06-02-2020,14:45,62521,108,1259
06-02-2020,14:45,62522,33,371
06-02-2020,14:45,62526,42,1209
06-02-2020,14:45,62560,7,86
06-02-2020,14:45,62565,14,360
06-02-2020,14:45,62568,26,590
06-02-2020,14:45,62618,65,603
06-02-2020,14:45,62629,13,816
06-02-2020,14:45,62650,29,1139
06-02-2020,14:45,62656,11,990
06-02-2020,14:45,62664,11,162
06-02-2020,14:45,62675,9,351
06-02-2020,14:45,62681,12,202
06-02-2020,14:45,62684,71,662
06-02-2020,14:45,62702,71,2816
06-02-2020,14:45,62703,62,2185
06-02-2020,14:45,62704,47,2674
06-02-2020,14:45,62707,19,610
06-02-2020,14:45,62711,26,1225
06-02-2020,14:45,62801,63,1124
06-02-2020,14:45,62832,16,404
06-02-2020,14:45,62837,7,379
06-02-2020,14:45,62864,83,943
06-02-2020,14:45,62882,11,131
06-02-2020,14:45,62901,146,1325
06-02-2020,14:45,62902,17,182
06-02-2020,14:45,62906,71,630
06-02-2020,14:45,62907,17,91
06-02-2020,14:45,62912,8,56
06-02-2020,14:45,62918,13,397
06-02-2020,14:45,62920,65,307
06-02-2020,14:45,62948,12,461
06-02-2020,14:45,62952,7,140
06-02-2020,14:45,62959,31,1008
06-02-2020,14:45,62966,93,927
06-02-2020,14:45,62992,49,146
06-01-2020,14:45,60002,100,900
06-01-2020,14:45,60004,313,4076
06-01-2020,14:45,60005,165,1560
06-01-2020,14:45,60007,289,1642
06-01-2020,14:45,60008,297,2355
06-01-2020,14:45,60010,104,1381
06-01-2020,14:45,60012,71,399
06-01-2020,14:45,60013,85,723
06-01-2020,14:45,60014,218,1888
06-01-2020,14:45,60015,170,1286
06-01-2020,14:45,60016,975,4623
06-01-2020,14:45,60018,559,2366
06-01-2020,14:45,60020,36,514
06-01-2020,14:45,60021,22,169
06-01-2020,14:45,60022,25,349
06-01-2020,14:45,60025,339,2518
06-01-2020,14:45,60026,130,881
06-01-2020,14:45,60029,9,62
06-01-2020,14:45,60030,165,1673
06-01-2020,14:45,60031,316,2232
06-01-2020,14:45,60033,161,714
06-01-2020,14:45,60035,234,1864
06-01-2020,14:45,60040,153,428
06-01-2020,14:45,60041,42,410
06-01-2020,14:45,60042,33,301
06-01-2020,14:45,60043,18,148
06-01-2020,14:45,60044,89,659
06-01-2020,14:45,60045,109,994
06-01-2020,14:45,60046,193,1382
06-01-2020,14:45,60047,320,1719
06-01-2020,14:45,60048,113,1065
06-01-2020,14:45,60050,204,1527
06-01-2020,14:45,60051,94,984
06-01-2020,14:45,60053,260,1575
06-01-2020,14:45,60056,566,3092
06-01-2020,14:45,60060,407,1887
06-01-2020,14:45,60061,153,1308
06-01-2020,14:45,60062,286,2537
06-01-2020,14:45,60064,580,1574
06-01-2020,14:45,60067,191,2060
06-01-2020,14:45,60068,286,1981
06-01-2020,14:45,60069,75,526
06-01-2020,14:45,60070,233,1133
06-01-2020,14:45,60071,8,137
06-01-2020,14:45,60073,918,3763
06-01-2020,14:45,60074,396,2097
06-01-2020,14:45,60076,462,2648
06-01-2020,14:45,60077,379,2186
06-01-2020,14:45,60079,9,45
06-01-2020,14:45,60081,36,332
06-01-2020,14:45,60083,94,627
06-01-2020,14:45,60084,162,726
06-01-2020,14:45,60085,2268,7288
06-01-2020,14:45,60087,613,2715
06-01-2020,14:45,60088,54,213
06-01-2020,14:45,60089,245,1853
06-01-2020,14:45,60090,709,3014
06-01-2020,14:45,60091,142,1342
06-01-2020,14:45,60093,151,1137
06-01-2020,14:45,60096,33,324
06-01-2020,14:45,60097,37,451
06-01-2020,14:45,60098,284,1650
06-01-2020,14:45,60099,541,2441
06-01-2020,14:45,60101,738,3020
06-01-2020,14:45,60102,139,1174
06-01-2020,14:45,60103,245,2024
06-01-2020,14:45,60104,390,1764
06-01-2020,14:45,60106,469,1930
06-01-2020,14:45,60107,580,2791
06-01-2020,14:45,60108,253,2099
06-01-2020,14:45,60109,10,295
06-01-2020,14:45,60110,630,2317
06-01-2020,14:45,60112,21,229
06-01-2020,14:45,60115,233,2164
06-01-2020,14:45,60118,69,680
06-01-2020,14:45,60119,35,460
06-01-2020,14:45,60120,1196,4331
06-01-2020,14:45,60123,715,3666
06-01-2020,14:45,60124,100,969
06-01-2020,14:45,60126,238,2367
06-01-2020,14:45,60130,133,1550
06-01-2020,14:45,60131,332,1573
06-01-2020,14:45,60133,681,2962
06-01-2020,14:45,60134,143,1172
06-01-2020,14:45,60135,28,352
06-01-2020,14:45,60136,51,339
06-01-2020,14:45,60137,138,1725
06-01-2020,14:45,60139,579,2623
06-01-2020,14:45,60140,82,777
06-01-2020,14:45,60141,21,462
06-01-2020,14:45,60142,83,1190
06-01-2020,14:45,60143,165,829
06-01-2020,14:45,60145,6,85
06-01-2020,14:45,60146,8,115
06-01-2020,14:45,60148,329,2601
06-01-2020,14:45,60151,16,191
06-01-2020,14:45,60152,69,507
06-01-2020,14:45,60153,471,2314
06-01-2020,14:45,60154,195,1511
06-01-2020,14:45,60155,165,722
06-01-2020,14:45,60156,138,1077
06-01-2020,14:45,60157,14,118
06-01-2020,14:45,60160,664,2572
06-01-2020,14:45,60162,143,960
06-01-2020,14:45,60163,85,450
06-01-2020,14:45,60164,485,2869
06-01-2020,14:45,60165,172,527
06-01-2020,14:45,60169,348,1801
06-01-2020,14:45,60171,113,747
06-01-2020,14:45,60172,215,1269
06-01-2020,14:45,60173,88,508
06-01-2020,14:45,60174,150,1840
06-01-2020,14:45,60175,74,977
06-01-2020,14:45,60176,135,739
06-01-2020,14:45,60177,238,1242
06-01-2020,14:45,60178,45,826
06-01-2020,14:45,60181,236,1601
06-01-2020,14:45,60184,6,103
06-01-2020,14:45,60185,704,2937
06-01-2020,14:45,60187,113,1438
06-01-2020,14:45,60188,447,2609
06-01-2020,14:45,60189,103,1255
06-01-2020,14:45,60190,41,622
06-01-2020,14:45,60191,200,949
06-01-2020,14:45,60192,48,551
06-01-2020,14:45,60193,227,1840
06-01-2020,14:45,60194,135,1231
06-01-2020,14:45,60195,16,161
06-01-2020,14:45,60201,316,2637
06-01-2020,14:45,60202,409,2407
06-01-2020,14:45,60203,23,260
06-01-2020,14:45,60301,23,203
06-01-2020,14:45,60302,203,2210
06-01-2020,14:45,60304,72,926
06-01-2020,14:45,60305,49,577
06-01-2020,14:45,60401,38,524
06-01-2020,14:45,60402,1287,6109
06-01-2020,14:45,60403,188,1349
06-01-2020,14:45,60404,108,1189
06-01-2020,14:45,60406,464,2693
06-01-2020,14:45,60408,17,207
06-01-2020,14:45,60409,544,3584
06-01-2020,14:45,60410,49,616
06-01-2020,14:45,60411,844,5711
06-01-2020,14:45,60415,179,903
06-01-2020,14:45,60416,9,236
06-01-2020,14:45,60417,138,1157
06-01-2020,14:45,60418,99,511
06-01-2020,14:45,60419,362,2426
06-01-2020,14:45,60420,7,133
06-01-2020,14:45,60421,12,164
06-01-2020,14:45,60422,77,826
06-01-2020,14:45,60423,128,1384
06-01-2020,14:45,60425,156,1108
06-01-2020,14:45,60426,431,2836
06-01-2020,14:45,60428,195,1427
06-01-2020,14:45,60429,216,2045
06-01-2020,14:45,60430,264,1808
06-01-2020,14:45,60431,202,1857
06-01-2020,14:45,60432,398,1746
06-01-2020,14:45,60433,276,1345
06-01-2020,14:45,60434,162,219
06-01-2020,14:45,60435,629,4293
06-01-2020,14:45,60436,229,1542
06-01-2020,14:45,60438,365,2326
06-01-2020,14:45,60439,85,1072
06-01-2020,14:45,60440,815,5014
06-01-2020,14:45,60441,189,1642
06-01-2020,14:45,60442,39,434
06-01-2020,14:45,60443,335,2206
06-01-2020,14:45,60445,145,1351
06-01-2020,14:45,60446,483,3181
06-01-2020,14:45,60447,49,612
06-01-2020,14:45,60448,123,999
06-01-2020,14:45,60449,69,641
06-01-2020,14:45,60450,32,581
06-01-2020,14:45,60451,101,1345
06-01-2020,14:45,60452,220,1761
06-01-2020,14:45,60453,704,3991
06-01-2020,14:45,60455,282,1416
06-01-2020,14:45,60456,45,306
06-01-2020,14:45,60457,113,721
06-01-2020,14:45,60458,130,939
06-01-2020,14:45,60459,382,2192
06-01-2020,14:45,60461,56,498
06-01-2020,14:45,60462,302,2232
06-01-2020,14:45,60463,232,987
06-01-2020,14:45,60464,43,459
06-01-2020,14:45,60465,229,1061
06-01-2020,14:45,60466,464,2696
06-01-2020,14:45,60467,155,1185
06-01-2020,14:45,60468,31,272
06-01-2020,14:45,60469,77,550
06-01-2020,14:45,60471,204,1323
06-01-2020,14:45,60472,66,539
06-01-2020,14:45,60473,372,2591
06-01-2020,14:45,60475,70,656
06-01-2020,14:45,60476,17,170
06-01-2020,14:45,60477,225,2093
06-01-2020,14:45,60478,303,2332
06-01-2020,14:45,60480,33,335
06-01-2020,14:45,60481,22,432
06-01-2020,14:45,60482,92,595
06-01-2020,14:45,60484,109,641
06-01-2020,14:45,60487,132,1273
06-01-2020,14:45,60490,133,1311
06-01-2020,14:45,60491,133,918
06-01-2020,14:45,60501,266,1055
06-01-2020,14:45,60502,93,1019
06-01-2020,14:45,60503,58,609
06-01-2020,14:45,60504,313,2081
06-01-2020,14:45,60505,1827,6577
06-01-2020,14:45,60506,976,5171
06-01-2020,14:45,60510,89,1336
06-01-2020,14:45,60513,157,1608
06-01-2020,14:45,60514,43,539
06-01-2020,14:45,60515,95,1170
06-01-2020,14:45,60516,110,1278
06-01-2020,14:45,60517,204,1867
06-01-2020,14:45,60520,9,119
06-01-2020,14:45,60521,182,1092
06-01-2020,14:45,60523,99,689
06-01-2020,14:45,60525,269,2506
06-01-2020,14:45,60526,79,1286
06-01-2020,14:45,60527,224,2134
06-01-2020,14:45,60532,117,1558
06-01-2020,14:45,60534,162,925
06-01-2020,14:45,60538,287,1737
06-01-2020,14:45,60540,125,1846
06-01-2020,14:45,60541,9,100
06-01-2020,14:45,60542,158,1153
06-01-2020,14:45,60543,248,1882
06-01-2020,14:45,60544,166,1696
06-01-2020,14:45,60545,144,933
06-01-2020,14:45,60546,156,1837
06-01-2020,14:45,60548,73,611
06-01-2020,14:45,60551,23,111
06-01-2020,14:45,60552,7,158
06-01-2020,14:45,60554,38,544
06-01-2020,14:45,60555,122,849
06-01-2020,14:45,60558,44,638
06-01-2020,14:45,60559,303,1700
06-01-2020,14:45,60560,92,1057
06-01-2020,14:45,60561,112,1275
06-01-2020,14:45,60563,177,1934
06-01-2020,14:45,60564,143,1666
06-01-2020,14:45,60565,178,1547
06-01-2020,14:45,60585,87,1023
06-01-2020,14:45,60586,329,2759
06-01-2020,14:45,60601,70,789
06-01-2020,14:45,60602,15,160
06-01-2020,14:45,60603,8,75
06-01-2020,14:45,60604,21,127
06-01-2020,14:45,60605,175,1691
06-01-2020,14:45,60606,51,637
06-01-2020,14:45,60607,432,2078
06-01-2020,14:45,60608,1577,6516
06-01-2020,14:45,60609,1649,6036
06-01-2020,14:45,60610,247,2576
06-01-2020,14:45,60611,145,2665
06-01-2020,14:45,60612,659,4067
06-01-2020,14:45,60613,357,2632
06-01-2020,14:45,60614,472,4343
06-01-2020,14:45,60615,366,3358
06-01-2020,14:45,60616,425,4046
06-01-2020,14:45,60617,1070,7695
06-01-2020,14:45,60618,1190,6536
06-01-2020,14:45,60619,863,7738
06-01-2020,14:45,60620,1062,7303
06-01-2020,14:45,60621,512,2999
06-01-2020,14:45,60622,601,3651
06-01-2020,14:45,60623,3076,8810
06-01-2020,14:45,60624,815,3697
06-01-2020,14:45,60625,1306,5732
06-01-2020,14:45,60626,929,4551
06-01-2020,14:45,60628,989,6260
06-01-2020,14:45,60629,3000,10564
06-01-2020,14:45,60630,759,4201
06-01-2020,14:45,60631,275,3000
06-01-2020,14:45,60632,2835,8509
06-01-2020,14:45,60633,255,1777
06-01-2020,14:45,60634,1351,8113
06-01-2020,14:45,60636,672,3097
06-01-2020,14:45,60637,599,4848
06-01-2020,14:45,60638,1033,5406
06-01-2020,14:45,60639,3044,10176
06-01-2020,14:45,60640,752,4771
06-01-2020,14:45,60641,1370,6412
06-01-2020,14:45,60642,144,1291
06-01-2020,14:45,60643,675,5142
06-01-2020,14:45,60644,1138,5337
06-01-2020,14:45,60645,1019,4504
06-01-2020,14:45,60646,364,2514
06-01-2020,14:45,60647,1259,6082
06-01-2020,14:45,60649,723,5023
06-01-2020,14:45,60651,1618,6278
06-01-2020,14:45,60652,861,4030
06-01-2020,14:45,60653,502,3773
06-01-2020,14:45,60654,136,1105
06-01-2020,14:45,60655,260,2857
06-01-2020,14:45,60656,263,2273
06-01-2020,14:45,60657,323,3902
06-01-2020,14:45,60659,707,2891
06-01-2020,14:45,60660,403,2390
06-01-2020,14:45,60661,39,500
06-01-2020,14:45,60706,324,2666
06-01-2020,14:45,60707,733,4197
06-01-2020,14:45,60712,149,913
06-01-2020,14:45,60714,739,3096
06-01-2020,14:45,60803,238,1554
06-01-2020,14:45,60804,2687,9331
06-01-2020,14:45,60805,213,1411
06-01-2020,14:45,60827,348,2258
06-01-2020,14:45,60901,516,3225
06-01-2020,14:45,60911,9,67
06-01-2020,14:45,60912,6,36
06-01-2020,14:45,60913,6,63
06-01-2020,14:45,60914,148,1564
06-01-2020,14:45,60915,59,750
06-01-2020,14:45,60919,6,26
06-01-2020,14:45,60922,11,142
06-01-2020,14:45,60927,47,210
06-01-2020,14:45,60928,7,31
06-01-2020,14:45,60930,6,22
06-01-2020,14:45,60938,6,66
06-01-2020,14:45,60940,6,143
06-01-2020,14:45,60941,6,81
06-01-2020,14:45,60950,78,869
06-01-2020,14:45,60954,29,546
06-01-2020,14:45,60955,12,77
06-01-2020,14:45,60957,7,236
06-01-2020,14:45,60958,21,122
06-01-2020,14:45,60964,31,273
06-01-2020,14:45,60970,12,296
06-01-2020,14:45,61008,388,2239
06-01-2020,14:45,61010,12,227
06-01-2020,14:45,61011,9,97
06-01-2020,14:45,61012,17,100
06-01-2020,14:45,61016,33,315
06-01-2020,14:45,61020,13,168
06-01-2020,14:45,61021,72,1020
06-01-2020,14:45,61032,183,1973
06-01-2020,14:45,61036,11,271
06-01-2020,14:45,61054,7,162
06-01-2020,14:45,61061,10,209
06-01-2020,14:45,61063,7,147
06-01-2020,14:45,61064,10,113
06-01-2020,14:45,61065,44,504
06-01-2020,14:45,61068,136,1186
06-01-2020,14:45,61071,31,286
06-01-2020,14:45,61072,31,408
06-01-2020,14:45,61073,54,786
06-01-2020,14:45,61080,46,384
06-01-2020,14:45,61081,71,544
06-01-2020,14:45,61084,9,84
06-01-2020,14:45,61088,10,254
06-01-2020,14:45,61101,273,1972
06-01-2020,14:45,61102,227,1616
06-01-2020,14:45,61103,240,2201
06-01-2020,14:45,61104,249,1464
06-01-2020,14:45,61107,203,2357
06-01-2020,14:45,61108,321,2270
06-01-2020,14:45,61109,239,1996
06-01-2020,14:45,61111,96,1361
06-01-2020,14:45,61114,91,1115
06-01-2020,14:45,61115,100,1191
06-01-2020,14:45,61201,186,1401
06-01-2020,14:45,61235,8,73
06-01-2020,14:45,61239,8,46
06-01-2020,14:45,61240,11,184
06-01-2020,14:45,61241,15,251
06-01-2020,14:45,61244,166,1347
06-01-2020,14:45,61252,23,137
06-01-2020,14:45,61254,8,377
06-01-2020,14:45,61256,6,68
06-01-2020,14:45,61264,23,378
06-01-2020,14:45,61265,201,1895
06-01-2020,14:45,61270,7,150
06-01-2020,14:45,61275,10,114
06-01-2020,14:45,61282,40,343
06-01-2020,14:45,61341,40,471
06-01-2020,14:45,61342,17,211
06-01-2020,14:45,61350,20,562
06-01-2020,14:45,61356,6,404
06-01-2020,14:45,61401,89,1387
06-01-2020,14:45,61410,6,91
06-01-2020,14:45,61443,18,398
06-01-2020,14:45,61455,76,879
06-01-2020,14:45,61462,107,614
06-01-2020,14:45,61469,7,106
06-01-2020,14:45,61525,9,332
06-01-2020,14:45,61548,8,352
06-01-2020,14:45,61550,6,715
06-01-2020,14:45,61554,25,1885
06-01-2020,14:45,61571,6,841
06-01-2020,14:45,61603,33,1034
06-01-2020,14:45,61604,42,1741
06-01-2020,14:45,61605,25,860
06-01-2020,14:45,61606,6,237
06-01-2020,14:45,61610,6,221
06-01-2020,14:45,61611,20,993
06-01-2020,14:45,61614,71,1501
06-01-2020,14:45,61615,29,1189
06-01-2020,14:45,61701,47,2054
06-01-2020,14:45,61704,84,1644
06-01-2020,14:45,61705,15,675
06-01-2020,14:45,61761,50,1901
06-01-2020,14:45,61764,18,589
06-01-2020,14:45,61801,44,1326
06-01-2020,14:45,61802,105,1720
06-01-2020,14:45,61820,106,1544
06-01-2020,14:45,61821,122,2341
06-01-2020,14:45,61822,54,1616
06-01-2020,14:45,61832,22,1082
06-01-2020,14:45,61853,13,826
06-01-2020,14:45,61856,6,348
06-01-2020,14:45,61866,158,1616
06-01-2020,14:45,61874,15,644
06-01-2020,14:45,61910,6,225
06-01-2020,14:45,61920,91,1233
06-01-2020,14:45,61938,27,1112
06-01-2020,14:45,61951,7,223
06-01-2020,14:45,61953,13,288
06-01-2020,14:45,62002,95,765
06-01-2020,14:45,62010,15,181
06-01-2020,14:45,62012,9,181
06-01-2020,14:45,62018,8,81
06-01-2020,14:45,62024,9,143
06-01-2020,14:45,62025,114,742
06-01-2020,14:45,62034,68,316
06-01-2020,14:45,62035,24,282
06-01-2020,14:45,62040,79,759
06-01-2020,14:45,62049,6,446
06-01-2020,14:45,62052,14,133
06-01-2020,14:45,62056,13,407
06-01-2020,14:45,62059,7,23
06-01-2020,14:45,62060,23,108
06-01-2020,14:45,62062,9,508
06-01-2020,14:45,62069,9,112
06-01-2020,14:45,62088,7,357
06-01-2020,14:45,62090,11,28
06-01-2020,14:45,62095,26,189
06-01-2020,14:45,62201,17,146
06-01-2020,14:45,62203,43,288
06-01-2020,14:45,62204,45,277
06-01-2020,14:45,62205,47,374
06-01-2020,14:45,62206,109,526
06-01-2020,14:45,62207,76,294
06-01-2020,14:45,62208,78,468
06-01-2020,14:45,62220,139,486
06-01-2020,14:45,62221,107,683
06-01-2020,14:45,62223,48,422
06-01-2020,14:45,62226,140,912
06-01-2020,14:45,62230,12,181
06-01-2020,14:45,62231,76,367
06-01-2020,14:45,62232,26,311
06-01-2020,14:45,62233,98,463
06-01-2020,14:45,62234,71,715
06-01-2020,14:45,62236,42,167
06-01-2020,14:45,62237,6,223
06-01-2020,14:45,62238,6,38
06-01-2020,14:45,62239,15,79
06-01-2020,14:45,62241,6,43
06-01-2020,14:45,62243,8,71
06-01-2020,14:45,62246,7,216
06-01-2020,14:45,62249,13,370
06-01-2020,14:45,62254,35,311
06-01-2020,14:45,62257,11,96
06-01-2020,14:45,62258,17,252
06-01-2020,14:45,62260,7,80
06-01-2020,14:45,62264,39,73
06-01-2020,14:45,62265,33,416
06-01-2020,14:45,62269,73,639
06-01-2020,14:45,62272,49,151
06-01-2020,14:45,62274,10,163
06-01-2020,14:45,62278,15,167
06-01-2020,14:45,62285,14,68
06-01-2020,14:45,62286,47,301
06-01-2020,14:45,62288,32,211
06-01-2020,14:45,62293,8,144
06-01-2020,14:45,62294,18,263
06-01-2020,14:45,62295,9,35
06-01-2020,14:45,62298,46,278
06-01-2020,14:45,62301,22,1915
06-01-2020,14:45,62305,15,215
06-01-2020,14:45,62353,7,322
06-01-2020,14:45,62428,7,111
06-01-2020,14:45,62441,7,143
06-01-2020,14:45,62448,36,370
06-01-2020,14:45,62454,8,163
06-01-2020,14:45,62471,17,240
06-01-2020,14:45,62474,6,38
06-01-2020,14:45,62521,108,1240
06-01-2020,14:45,62522,33,368
06-01-2020,14:45,62526,42,1190
06-01-2020,14:45,62560,7,85
06-01-2020,14:45,62565,14,358
06-01-2020,14:45,62568,26,572
06-01-2020,14:45,62618,64,601
06-01-2020,14:45,62629,13,804
06-01-2020,14:45,62650,28,1120
06-01-2020,14:45,62656,11,967
06-01-2020,14:45,62664,11,160
06-01-2020,14:45,62675,9,344
06-01-2020,14:45,62681,12,201
06-01-2020,14:45,62684,71,655
06-01-2020,14:45,62702,71,2776
06-01-2020,14:45,62703,61,2161
06-01-2020,14:45,62704,46,2634
06-01-2020,14:45,62707,19,599
06-01-2020,14:45,62711,26,1203
06-01-2020,14:45,62801,63,1104
06-01-2020,14:45,62832,16,394
06-01-2020,14:45,62837,7,378
06-01-2020,14:45,62864,83,921
06-01-2020,14:45,62882,11,129
06-01-2020,14:45,62901,146,1305
06-01-2020,14:45,62902,17,178
06-01-2020,14:45,62906,70,613
06-01-2020,14:45,62907,17,88
06-01-2020,14:45,62912,8,56
06-01-2020,14:45,62918,13,388
06-01-2020,14:45,62920,64,299
06-01-2020,14:45,62948,11,456
06-01-2020,14:45,62952,7,135
06-01-2020,14:45,62959,31,981
06-01-2020,14:45,62966,93,911
06-01-2020,14:45,62992,50,145
05-31-2020,14:45,60002,99,878
05-31-2020,14:45,60004,310,3979
05-31-2020,14:45,60005,163,1519
05-31-2020,14:45,60007,285,1609
05-31-2020,14:45,60008,293,2225
05-31-2020,14:45,60010,103,1355
05-31-2020,14:45,60012,71,394
05-31-2020,14:45,60013,83,713
05-31-2020,14:45,60014,213,1841
05-31-2020,14:45,60015,170,1254
05-31-2020,14:45,60016,968,4555
05-31-2020,14:45,60018,551,2324
05-31-2020,14:45,60020,35,502
05-31-2020,14:45,60021,22,164
05-31-2020,14:45,60022,25,343
05-31-2020,14:45,60025,337,2468
05-31-2020,14:45,60026,129,846
05-31-2020,14:45,60029,9,61
05-31-2020,14:45,60030,162,1611
05-31-2020,14:45,60031,314,2144
05-31-2020,14:45,60033,160,699
05-31-2020,14:45,60035,233,1820
05-31-2020,14:45,60040,149,413
05-31-2020,14:45,60041,42,391
05-31-2020,14:45,60042,31,294
05-31-2020,14:45,60043,18,145
05-31-2020,14:45,60044,89,647
05-31-2020,14:45,60045,109,972
05-31-2020,14:45,60046,192,1334
05-31-2020,14:45,60047,315,1626
05-31-2020,14:45,60048,113,1036
05-31-2020,14:45,60050,200,1495
05-31-2020,14:45,60051,93,964
05-31-2020,14:45,60053,259,1549
05-31-2020,14:45,60056,560,3033
05-31-2020,14:45,60060,403,1844
05-31-2020,14:45,60061,153,1264
05-31-2020,14:45,60062,286,2480
05-31-2020,14:45,60064,576,1530
05-31-2020,14:45,60067,189,2008
05-31-2020,14:45,60068,285,1804
05-31-2020,14:45,60069,70,493
05-31-2020,14:45,60070,231,1090
05-31-2020,14:45,60071,8,135
05-31-2020,14:45,60073,901,3628
05-31-2020,14:45,60074,388,2037
05-31-2020,14:45,60076,461,2598
05-31-2020,14:45,60077,378,2120
05-31-2020,14:45,60079,9,45
05-31-2020,14:45,60081,36,324
05-31-2020,14:45,60083,92,603
05-31-2020,14:45,60084,162,705
05-31-2020,14:45,60085,2254,7137
05-31-2020,14:45,60087,607,2654
05-31-2020,14:45,60088,54,210
05-31-2020,14:45,60089,241,1809
05-31-2020,14:45,60090,706,2958
05-31-2020,14:45,60091,142,1310
05-31-2020,14:45,60093,150,1104
05-31-2020,14:45,60096,33,313
05-31-2020,14:45,60097,37,445
05-31-2020,14:45,60098,282,1630
05-31-2020,14:45,60099,538,2370
05-31-2020,14:45,60101,730,2962
05-31-2020,14:45,60102,138,1148
05-31-2020,14:45,60103,243,1975
05-31-2020,14:45,60104,390,1730
05-31-2020,14:45,60106,468,1895
05-31-2020,14:45,60107,572,2728
05-31-2020,14:45,60108,247,2056
05-31-2020,14:45,60109,10,295
05-31-2020,14:45,60110,626,2242
05-31-2020,14:45,60112,21,224
05-31-2020,14:45,60115,232,2124
05-31-2020,14:45,60118,68,656
05-31-2020,14:45,60119,35,454
05-31-2020,14:45,60120,1184,4245
05-31-2020,14:45,60123,703,3584
05-31-2020,14:45,60124,98,945
05-31-2020,14:45,60126,233,2269
05-31-2020,14:45,60130,132,1533
05-31-2020,14:45,60131,331,1542
05-31-2020,14:45,60133,672,2910
05-31-2020,14:45,60134,141,1138
05-31-2020,14:45,60135,28,344
05-31-2020,14:45,60136,50,330
05-31-2020,14:45,60137,137,1661
05-31-2020,14:45,60139,573,2562
05-31-2020,14:45,60140,83,759
05-31-2020,14:45,60141,20,456
05-31-2020,14:45,60142,83,1163
05-31-2020,14:45,60143,164,817
05-31-2020,14:45,60145,6,85
05-31-2020,14:45,60146,8,109
05-31-2020,14:45,60148,327,2520
05-31-2020,14:45,60151,16,186
05-31-2020,14:45,60152,68,491
05-31-2020,14:45,60153,465,2271
05-31-2020,14:45,60154,193,1468
05-31-2020,14:45,60155,164,713
05-31-2020,14:45,60156,137,1059
05-31-2020,14:45,60157,14,115
05-31-2020,14:45,60160,655,2517
05-31-2020,14:45,60162,142,938
05-31-2020,14:45,60163,84,442
05-31-2020,14:45,60164,481,2825
05-31-2020,14:45,60165,168,522
05-31-2020,14:45,60169,342,1748
05-31-2020,14:45,60171,113,739
05-31-2020,14:45,60172,211,1231
05-31-2020,14:45,60173,86,494
05-31-2020,14:45,60174,149,1823
05-31-2020,14:45,60175,72,960
05-31-2020,14:45,60176,134,719
05-31-2020,14:45,60177,238,1218
05-31-2020,14:45,60178,43,799
05-31-2020,14:45,60181,235,1569
05-31-2020,14:45,60184,6,102
05-31-2020,14:45,60185,703,2894
05-31-2020,14:45,60187,112,1413
05-31-2020,14:45,60188,442,2554
05-31-2020,14:45,60189,104,1214
05-31-2020,14:45,60190,41,615
05-31-2020,14:45,60191,198,927
05-31-2020,14:45,60192,48,538
05-31-2020,14:45,60193,221,1776
05-31-2020,14:45,60194,133,1206
05-31-2020,14:45,60195,15,156
05-31-2020,14:45,60201,314,2590
05-31-2020,14:45,60202,407,2366
05-31-2020,14:45,60203,23,251
05-31-2020,14:45,60301,23,200
05-31-2020,14:45,60302,203,2165
05-31-2020,14:45,60304,72,904
05-31-2020,14:45,60305,49,564
05-31-2020,14:45,60401,38,519
05-31-2020,14:45,60402,1272,5987
05-31-2020,14:45,60403,184,1325
05-31-2020,14:45,60404,105,1156
05-31-2020,14:45,60406,463,2641
05-31-2020,14:45,60408,17,203
05-31-2020,14:45,60409,543,3526
05-31-2020,14:45,60410,48,599
05-31-2020,14:45,60411,842,5608
05-31-2020,14:45,60415,178,888
05-31-2020,14:45,60416,9,228
05-31-2020,14:45,60417,136,1132
05-31-2020,14:45,60418,98,496
05-31-2020,14:45,60419,360,2380
05-31-2020,14:45,60420,7,127
05-31-2020,14:45,60421,12,159
05-31-2020,14:45,60422,77,819
05-31-2020,14:45,60423,126,1357
05-31-2020,14:45,60425,156,1092
05-31-2020,14:45,60426,430,2783
05-31-2020,14:45,60428,195,1410
05-31-2020,14:45,60429,214,2014
05-31-2020,14:45,60430,260,1778
05-31-2020,14:45,60431,198,1813
05-31-2020,14:45,60432,393,1711
05-31-2020,14:45,60433,273,1324
05-31-2020,14:45,60434,162,216
05-31-2020,14:45,60435,627,4197
05-31-2020,14:45,60436,224,1490
05-31-2020,14:45,60438,363,2274
05-31-2020,14:45,60439,85,1053
05-31-2020,14:45,60440,811,4912
05-31-2020,14:45,60441,188,1596
05-31-2020,14:45,60442,39,424
05-31-2020,14:45,60443,335,2172
05-31-2020,14:45,60445,145,1331
05-31-2020,14:45,60446,482,3115
05-31-2020,14:45,60447,49,597
05-31-2020,14:45,60448,123,968
05-31-2020,14:45,60449,68,625
05-31-2020,14:45,60450,31,568
05-31-2020,14:45,60451,101,1315
05-31-2020,14:45,60452,220,1726
05-31-2020,14:45,60453,699,3936
05-31-2020,14:45,60455,281,1388
05-31-2020,14:45,60456,45,303
05-31-2020,14:45,60457,113,709
05-31-2020,14:45,60458,128,921
05-31-2020,14:45,60459,378,2165
05-31-2020,14:45,60461,56,495
05-31-2020,14:45,60462,301,2183
05-31-2020,14:45,60463,232,962
05-31-2020,14:45,60464,43,452
05-31-2020,14:45,60465,226,1037
05-31-2020,14:45,60466,464,2670
05-31-2020,14:45,60467,154,1165
05-31-2020,14:45,60468,30,265
05-31-2020,14:45,60469,77,529
05-31-2020,14:45,60471,200,1300
05-31-2020,14:45,60472,66,534
05-31-2020,14:45,60473,368,2540
05-31-2020,14:45,60475,70,648
05-31-2020,14:45,60476,17,167
05-31-2020,14:45,60477,223,2053
05-31-2020,14:45,60478,303,2291
05-31-2020,14:45,60480,33,323
05-31-2020,14:45,60481,22,419
05-31-2020,14:45,60482,92,578
05-31-2020,14:45,60484,109,632
05-31-2020,14:45,60487,132,1248
05-31-2020,14:45,60490,133,1290
05-31-2020,14:45,60491,130,897
05-31-2020,14:45,60501,262,1027
05-31-2020,14:45,60502,91,995
05-31-2020,14:45,60503,58,596
05-31-2020,14:45,60504,311,2037
05-31-2020,14:45,60505,1806,6407
05-31-2020,14:45,60506,970,5088
05-31-2020,14:45,60510,89,1310
05-31-2020,14:45,60513,156,1561
05-31-2020,14:45,60514,43,527
05-31-2020,14:45,60515,92,1138
05-31-2020,14:45,60516,110,1246
05-31-2020,14:45,60517,204,1841
05-31-2020,14:45,60520,9,115
05-31-2020,14:45,60521,182,1066
05-31-2020,14:45,60523,99,674
05-31-2020,14:45,60525,264,2368
05-31-2020,14:45,60526,79,1253
05-31-2020,14:45,60527,223,2086
05-31-2020,14:45,60532,117,1534
05-31-2020,14:45,60534,161,906
05-31-2020,14:45,60538,282,1686
05-31-2020,14:45,60540,124,1795
05-31-2020,14:45,60541,9,95
05-31-2020,14:45,60542,158,1132
05-31-2020,14:45,60543,244,1765
05-31-2020,14:45,60544,165,1662
05-31-2020,14:45,60545,142,915
05-31-2020,14:45,60546,155,1793
05-31-2020,14:45,60548,73,602
05-31-2020,14:45,60551,23,108
05-31-2020,14:45,60552,7,155
05-31-2020,14:45,60554,38,541
05-31-2020,14:45,60555,122,835
05-31-2020,14:45,60558,44,617
05-31-2020,14:45,60559,301,1666
05-31-2020,14:45,60560,93,1035
05-31-2020,14:45,60561,111,1250
05-31-2020,14:45,60563,176,1891
05-31-2020,14:45,60564,142,1625
05-31-2020,14:45,60565,176,1505
05-31-2020,14:45,60585,86,992
05-31-2020,14:45,60586,328,2692
05-31-2020,14:45,60601,70,776
05-31-2020,14:45,60602,15,158
05-31-2020,14:45,60603,8,75
05-31-2020,14:45,60604,20,121
05-31-2020,14:45,60605,175,1651
05-31-2020,14:45,60606,49,626
05-31-2020,14:45,60607,430,2052
05-31-2020,14:45,60608,1573,6439
05-31-2020,14:45,60609,1631,5936
05-31-2020,14:45,60610,245,2512
05-31-2020,14:45,60611,144,2609
05-31-2020,14:45,60612,655,3997
05-31-2020,14:45,60613,357,2562
05-31-2020,14:45,60614,471,4262
05-31-2020,14:45,60615,362,3296
05-31-2020,14:45,60616,420,3973
05-31-2020,14:45,60617,1065,7570
05-31-2020,14:45,60618,1179,6363
05-31-2020,14:45,60619,855,7619
05-31-2020,14:45,60620,1051,7203
05-31-2020,14:45,60621,512,2968
05-31-2020,14:45,60622,596,3580
05-31-2020,14:45,60623,3053,8616
05-31-2020,14:45,60624,808,3646
05-31-2020,14:45,60625,1289,5619
05-31-2020,14:45,60626,921,4416
05-31-2020,14:45,60628,990,6148
05-31-2020,14:45,60629,2981,10368
05-31-2020,14:45,60630,749,4101
05-31-2020,14:45,60631,276,2920
05-31-2020,14:45,60632,2819,8354
05-31-2020,14:45,60633,254,1753
05-31-2020,14:45,60634,1343,7940
05-31-2020,14:45,60636,663,3021
05-31-2020,14:45,60637,592,4779
05-31-2020,14:45,60638,1028,5314
05-31-2020,14:45,60639,3029,10014
05-31-2020,14:45,60640,750,4684
05-31-2020,14:45,60641,1354,6251
05-31-2020,14:45,60642,144,1242
05-31-2020,14:45,60643,673,5040
05-31-2020,14:45,60644,1131,5267
05-31-2020,14:45,60645,1014,4424
05-31-2020,14:45,60646,360,2445
05-31-2020,14:45,60647,1253,5937
05-31-2020,14:45,60649,719,4961
05-31-2020,14:45,60651,1599,6141
05-31-2020,14:45,60652,855,3964
05-31-2020,14:45,60653,500,3729
05-31-2020,14:45,60654,136,1091
05-31-2020,14:45,60655,259,2761
05-31-2020,14:45,60656,262,2219
05-31-2020,14:45,60657,321,3823
05-31-2020,14:45,60659,699,2838
05-31-2020,14:45,60660,397,2275
05-31-2020,14:45,60661,39,484
05-31-2020,14:45,60706,320,2616
05-31-2020,14:45,60707,732,4137
05-31-2020,14:45,60712,149,895
05-31-2020,14:45,60714,736,3045
05-31-2020,14:45,60803,237,1531
05-31-2020,14:45,60804,2669,9149
05-31-2020,14:45,60805,212,1384
05-31-2020,14:45,60827,342,2226
05-31-2020,14:45,60901,514,3144
05-31-2020,14:45,60911,9,64
05-31-2020,14:45,60912,6,35
05-31-2020,14:45,60913,6,62
05-31-2020,14:45,60914,148,1518
05-31-2020,14:45,60915,59,729
05-31-2020,14:45,60919,6,25
05-31-2020,14:45,60922,11,138
05-31-2020,14:45,60927,47,201
05-31-2020,14:45,60928,7,29
05-31-2020,14:45,60930,6,20
05-31-2020,14:45,60938,6,62
05-31-2020,14:45,60940,6,140
05-31-2020,14:45,60941,6,72
05-31-2020,14:45,60950,74,851
05-31-2020,14:45,60954,29,534
05-31-2020,14:45,60955,12,76
05-31-2020,14:45,60957,7,230
05-31-2020,14:45,60958,21,120
05-31-2020,14:45,60964,31,267
05-31-2020,14:45,60970,12,291
05-31-2020,14:45,61008,379,2175
05-31-2020,14:45,61010,12,225
05-31-2020,14:45,61011,8,94
05-31-2020,14:45,61012,17,99
05-31-2020,14:45,61016,33,314
05-31-2020,14:45,61020,12,166
05-31-2020,14:45,61021,72,1008
05-31-2020,14:45,61032,180,1944
05-31-2020,14:45,61036,11,269
05-31-2020,14:45,61054,7,155
05-31-2020,14:45,61061,10,206
05-31-2020,14:45,61063,7,144
05-31-2020,14:45,61064,10,112
05-31-2020,14:45,61065,43,489
05-31-2020,14:45,61068,132,1150
05-31-2020,14:45,61071,31,283
05-31-2020,14:45,61072,31,406
05-31-2020,14:45,61073,53,779
05-31-2020,14:45,61080,46,381
05-31-2020,14:45,61081,69,539
05-31-2020,14:45,61084,9,79
05-31-2020,14:45,61088,10,251
05-31-2020,14:45,61101,271,1952
05-31-2020,14:45,61102,223,1602
05-31-2020,14:45,61103,232,2119
05-31-2020,14:45,61104,248,1444
05-31-2020,14:45,61107,199,2325
05-31-2020,14:45,61108,311,2205
05-31-2020,14:45,61109,235,1949
05-31-2020,14:45,61111,93,1343
05-31-2020,14:45,61114,91,1099
05-31-2020,14:45,61115,99,1179
05-31-2020,14:45,61201,186,1386
05-31-2020,14:45,61235,8,73
05-31-2020,14:45,61239,8,46
05-31-2020,14:45,61240,11,181
05-31-2020,14:45,61241,15,248
05-31-2020,14:45,61244,162,1333
05-31-2020,14:45,61252,23,135
05-31-2020,14:45,61254,8,367
05-31-2020,14:45,61256,6,68
05-31-2020,14:45,61264,23,372
05-31-2020,14:45,61265,201,1880
05-31-2020,14:45,61270,7,148
05-31-2020,14:45,61275,10,110
05-31-2020,14:45,61282,40,340
05-31-2020,14:45,61341,40,464
05-31-2020,14:45,61342,17,204
05-31-2020,14:45,61350,20,552
05-31-2020,14:45,61356,6,372
05-31-2020,14:45,61401,88,1375
05-31-2020,14:45,61410,6,91
05-31-2020,14:45,61443,18,388
05-31-2020,14:45,61455,75,864
05-31-2020,14:45,61462,107,612
05-31-2020,14:45,61469,7,106
05-31-2020,14:45,61525,8,327
05-31-2020,14:45,61548,8,337
05-31-2020,14:45,61550,6,656
05-31-2020,14:45,61554,25,1829
05-31-2020,14:45,61571,6,824
05-31-2020,14:45,61603,32,1011
05-31-2020,14:45,61604,41,1697
05-31-2020,14:45,61605,24,839
05-31-2020,14:45,61606,6,229
05-31-2020,14:45,61610,6,218
05-31-2020,14:45,61611,18,965
05-31-2020,14:45,61614,70,1472
05-31-2020,14:45,61615,29,1153
05-31-2020,14:45,61701,47,2013
05-31-2020,14:45,61704,84,1626
05-31-2020,14:45,61705,15,669
05-31-2020,14:45,61761,50,1879
05-31-2020,14:45,61764,18,577
05-31-2020,14:45,61801,44,1274
05-31-2020,14:45,61802,105,1681
05-31-2020,14:45,61820,106,1495
05-31-2020,14:45,61821,120,2251
05-31-2020,14:45,61822,54,1564
05-31-2020,14:45,61832,22,1035
05-31-2020,14:45,61853,13,803
05-31-2020,14:45,61856,6,334
05-31-2020,14:45,61866,155,1592
05-31-2020,14:45,61874,15,627
05-31-2020,14:45,61910,6,221
05-31-2020,14:45,61920,91,1212
05-31-2020,14:45,61938,27,1080
05-31-2020,14:45,61951,7,220
05-31-2020,14:45,61953,13,280
05-31-2020,14:45,62002,94,720
05-31-2020,14:45,62010,15,177
05-31-2020,14:45,62012,9,181
05-31-2020,14:45,62018,8,80
05-31-2020,14:45,62024,9,141
05-31-2020,14:45,62025,111,729
05-31-2020,14:45,62034,68,308
05-31-2020,14:45,62035,24,270
05-31-2020,14:45,62040,77,740
05-31-2020,14:45,62049,6,444
05-31-2020,14:45,62052,14,132
05-31-2020,14:45,62056,13,399
05-31-2020,14:45,62059,7,23
05-31-2020,14:45,62060,23,107
05-31-2020,14:45,62062,9,507
05-31-2020,14:45,62069,9,112
05-31-2020,14:45,62088,7,355
05-31-2020,14:45,62090,11,28
05-31-2020,14:45,62095,25,185
05-31-2020,14:45,62201,16,141
05-31-2020,14:45,62203,43,286
05-31-2020,14:45,62204,45,267
05-31-2020,14:45,62205,46,371
05-31-2020,14:45,62206,106,518
05-31-2020,14:45,62207,73,288
05-31-2020,14:45,62208,77,458
05-31-2020,14:45,62220,139,469
05-31-2020,14:45,62221,107,666
05-31-2020,14:45,62223,48,415
05-31-2020,14:45,62226,136,893
05-31-2020,14:45,62230,12,181
05-31-2020,14:45,62231,76,366
05-31-2020,14:45,62232,26,311
05-31-2020,14:45,62233,98,454
05-31-2020,14:45,62234,64,688
05-31-2020,14:45,62236,42,166
05-31-2020,14:45,62237,6,220
05-31-2020,14:45,62238,6,38
05-31-2020,14:45,62239,15,78
05-31-2020,14:45,62241,6,43
05-31-2020,14:45,62243,8,70
05-31-2020,14:45,62246,7,214
05-31-2020,14:45,62249,13,364
05-31-2020,14:45,62254,34,307
05-31-2020,14:45,62257,11,94
05-31-2020,14:45,62258,17,225
05-31-2020,14:45,62260,7,77
05-31-2020,14:45,62264,39,72
05-31-2020,14:45,62265,33,416
05-31-2020,14:45,62269,72,623
05-31-2020,14:45,62272,49,151
05-31-2020,14:45,62274,10,159
05-31-2020,14:45,62278,15,164
05-31-2020,14:45,62285,14,68
05-31-2020,14:45,62286,47,299
05-31-2020,14:45,62288,32,206
05-31-2020,14:45,62293,8,141
05-31-2020,14:45,62294,18,248
05-31-2020,14:45,62295,8,34
05-31-2020,14:45,62298,46,273
05-31-2020,14:45,62301,22,1910
05-31-2020,14:45,62305,15,213
05-31-2020,14:45,62353,7,322
05-31-2020,14:45,62428,7,106
05-31-2020,14:45,62441,7,135
05-31-2020,14:45,62448,36,365
05-31-2020,14:45,62454,8,160
05-31-2020,14:45,62471,17,235
05-31-2020,14:45,62474,6,35
05-31-2020,14:45,62521,108,1224
05-31-2020,14:45,62522,33,361
05-31-2020,14:45,62526,41,1170
05-31-2020,14:45,62560,7,83
05-31-2020,14:45,62565,14,352
05-31-2020,14:45,62568,26,557
05-31-2020,14:45,62618,64,598
05-31-2020,14:45,62629,13,791
05-31-2020,14:45,62650,28,1105
05-31-2020,14:45,62656,10,934
05-31-2020,14:45,62664,11,155
05-31-2020,14:45,62675,9,339
05-31-2020,14:45,62681,12,195
05-31-2020,14:45,62684,71,643
05-31-2020,14:45,62702,72,2724
05-31-2020,14:45,62703,62,2120
05-31-2020,14:45,62704,45,2584
05-31-2020,14:45,62707,19,588
05-31-2020,14:45,62711,26,1175
05-31-2020,14:45,62801,63,1094
05-31-2020,14:45,62832,16,383
05-31-2020,14:45,62837,7,374
05-31-2020,14:45,62864,83,910
05-31-2020,14:45,62882,11,129
05-31-2020,14:45,62901,144,1291
05-31-2020,14:45,62902,17,173
05-31-2020,14:45,62906,70,606
05-31-2020,14:45,62907,17,85
05-31-2020,14:45,62912,8,55
05-31-2020,14:45,62918,13,380
05-31-2020,14:45,62920,64,298
05-31-2020,14:45,62948,11,449
05-31-2020,14:45,62952,6,135
05-31-2020,14:45,62959,31,957
05-31-2020,14:45,62966,93,898
05-31-2020,14:45,62992,50,145
05-30-2020,14:45,60002,99,867
05-30-2020,14:45,60004,300,3878
05-30-2020,14:45,60005,162,1456
05-30-2020,14:45,60007,279,1564
05-30-2020,14:45,60008,290,2124
05-30-2020,14:45,60010,101,1323
05-30-2020,14:45,60012,71,386
05-30-2020,14:45,60013,82,694
05-30-2020,14:45,60014,207,1808
05-30-2020,14:45,60015,170,1235
05-30-2020,14:45,60016,964,4412
05-30-2020,14:45,60018,540,2253
05-30-2020,14:45,60020,35,491
05-30-2020,14:45,60021,22,160
05-30-2020,14:45,60022,25,337
05-30-2020,14:45,60025,337,2408
05-30-2020,14:45,60026,129,826
05-30-2020,14:45,60029,9,61
05-30-2020,14:45,60030,161,1570
05-30-2020,14:45,60031,313,2089
05-30-2020,14:45,60033,150,686
05-30-2020,14:45,60035,232,1784
05-30-2020,14:45,60040,148,398
05-30-2020,14:45,60041,41,386
05-30-2020,14:45,60042,31,282
05-30-2020,14:45,60043,18,145
05-30-2020,14:45,60044,89,639
05-30-2020,14:45,60045,108,953
05-30-2020,14:45,60046,188,1309
05-30-2020,14:45,60047,307,1552
05-30-2020,14:45,60048,111,1013
05-30-2020,14:45,60050,198,1452
05-30-2020,14:45,60051,92,934
05-30-2020,14:45,60053,257,1515
05-30-2020,14:45,60056,550,2947
05-30-2020,14:45,60060,397,1810
05-30-2020,14:45,60061,152,1224
05-30-2020,14:45,60062,284,2450
05-30-2020,14:45,60064,571,1499
05-30-2020,14:45,60067,183,1950
05-30-2020,14:45,60068,280,1762
05-30-2020,14:45,60069,68,473
05-30-2020,14:45,60070,228,1033
05-30-2020,14:45,60071,8,133
05-30-2020,14:45,60073,897,3550
05-30-2020,14:45,60074,378,1950
05-30-2020,14:45,60076,458,2558
05-30-2020,14:45,60077,375,2044
05-30-2020,14:45,60079,9,45
05-30-2020,14:45,60081,35,313
05-30-2020,14:45,60083,93,598
05-30-2020,14:45,60084,161,688
05-30-2020,14:45,60085,2243,7022
05-30-2020,14:45,60087,606,2598
05-30-2020,14:45,60088,52,207
05-30-2020,14:45,60089,238,1773
05-30-2020,14:45,60090,690,2886
05-30-2020,14:45,60091,139,1266
05-30-2020,14:45,60093,148,1079
05-30-2020,14:45,60096,33,308
05-30-2020,14:45,60097,37,432
05-30-2020,14:45,60098,278,1574
05-30-2020,14:45,60099,534,2331
05-30-2020,14:45,60101,723,2897
05-30-2020,14:45,60102,138,1135
05-30-2020,14:45,60103,240,1943
05-30-2020,14:45,60104,388,1697
05-30-2020,14:45,60106,463,1866
05-30-2020,14:45,60107,563,2674
05-30-2020,14:45,60108,246,2018
05-30-2020,14:45,60109,10,292
05-30-2020,14:45,60110,615,2203
05-30-2020,14:45,60112,21,219
05-30-2020,14:45,60115,216,2028
05-30-2020,14:45,60118,66,645
05-30-2020,14:45,60119,35,446
05-30-2020,14:45,60120,1172,4191
05-30-2020,14:45,60123,696,3497
05-30-2020,14:45,60124,98,930
05-30-2020,14:45,60126,230,2203
05-30-2020,14:45,60130,130,1512
05-30-2020,14:45,60131,327,1501
05-30-2020,14:45,60133,668,2858
05-30-2020,14:45,60134,140,1119
05-30-2020,14:45,60135,28,341
05-30-2020,14:45,60136,49,323
05-30-2020,14:45,60137,137,1641
05-30-2020,14:45,60139,564,2515
05-30-2020,14:45,60140,80,744
05-30-2020,14:45,60141,20,420
05-30-2020,14:45,60142,83,1140
05-30-2020,14:45,60143,161,808
05-30-2020,14:45,60145,6,84
05-30-2020,14:45,60146,8,108
05-30-2020,14:45,60148,324,2461
05-30-2020,14:45,60151,16,182
05-30-2020,14:45,60152,68,481
05-30-2020,14:45,60153,460,2220
05-30-2020,14:45,60154,192,1445
05-30-2020,14:45,60155,162,703
05-30-2020,14:45,60156,135,1041
05-30-2020,14:45,60157,14,111
05-30-2020,14:45,60160,640,2451
05-30-2020,14:45,60162,140,918
05-30-2020,14:45,60163,84,436
05-30-2020,14:45,60164,473,2744
05-30-2020,14:45,60165,166,511
05-30-2020,14:45,60169,339,1694
05-30-2020,14:45,60171,111,726
05-30-2020,14:45,60172,209,1203
05-30-2020,14:45,60173,86,476
05-30-2020,14:45,60174,148,1808
05-30-2020,14:45,60175,72,955
05-30-2020,14:45,60176,133,705
05-30-2020,14:45,60177,236,1201
05-30-2020,14:45,60178,42,793
05-30-2020,14:45,60181,233,1533
05-30-2020,14:45,60184,6,101
05-30-2020,14:45,60185,691,2859
05-30-2020,14:45,60187,109,1393
05-30-2020,14:45,60188,437,2521
05-30-2020,14:45,60189,101,1198
05-30-2020,14:45,60190,40,605
05-30-2020,14:45,60191,197,883
05-30-2020,14:45,60192,46,520
05-30-2020,14:45,60193,219,1705
05-30-2020,14:45,60194,128,1176
05-30-2020,14:45,60195,15,153
05-30-2020,14:45,60201,312,2556
05-30-2020,14:45,60202,405,2329
05-30-2020,14:45,60203,23,247
05-30-2020,14:45,60301,23,199
05-30-2020,14:45,60302,203,2132
05-30-2020,14:45,60304,74,884
05-30-2020,14:45,60305,49,559
05-30-2020,14:45,60401,38,513
05-30-2020,14:45,60402,1263,5871
05-30-2020,14:45,60403,182,1296
05-30-2020,14:45,60404,102,1134
05-30-2020,14:45,60406,458,2590
05-30-2020,14:45,60408,17,198
05-30-2020,14:45,60409,536,3466
05-30-2020,14:45,60410,48,588
05-30-2020,14:45,60411,839,5385
05-30-2020,14:45,60415,175,870
05-30-2020,14:45,60416,9,221
05-30-2020,14:45,60417,136,1113
05-30-2020,14:45,60418,97,489
05-30-2020,14:45,60419,358,2332
05-30-2020,14:45,60420,7,123
05-30-2020,14:45,60421,12,154
05-30-2020,14:45,60422,77,806
05-30-2020,14:45,60423,125,1340
05-30-2020,14:45,60425,156,1083
05-30-2020,14:45,60426,425,2735
05-30-2020,14:45,60428,193,1385
05-30-2020,14:45,60429,213,1985
05-30-2020,14:45,60430,259,1750
05-30-2020,14:45,60431,194,1775
05-30-2020,14:45,60432,390,1677
05-30-2020,14:45,60433,273,1299
05-30-2020,14:45,60434,162,216
05-30-2020,14:45,60435,618,4092
05-30-2020,14:45,60436,219,1459
05-30-2020,14:45,60438,354,2234
05-30-2020,14:45,60439,84,1037
05-30-2020,14:45,60440,807,4830
05-30-2020,14:45,60441,186,1566
05-30-2020,14:45,60442,39,415
05-30-2020,14:45,60443,334,2132
05-30-2020,14:45,60445,145,1302
05-30-2020,14:45,60446,478,3074
05-30-2020,14:45,60447,48,589
05-30-2020,14:45,60448,122,950
05-30-2020,14:45,60449,67,612
05-30-2020,14:45,60450,31,561
05-30-2020,14:45,60451,100,1297
05-30-2020,14:45,60452,216,1692
05-30-2020,14:45,60453,689,3871
05-30-2020,14:45,60455,279,1367
05-30-2020,14:45,60456,45,298
05-30-2020,14:45,60457,112,687
05-30-2020,14:45,60458,127,896
05-30-2020,14:45,60459,375,2145
05-30-2020,14:45,60461,56,488
05-30-2020,14:45,60462,292,2143
05-30-2020,14:45,60463,232,949
05-30-2020,14:45,60464,43,450
05-30-2020,14:45,60465,223,1012
05-30-2020,14:45,60466,464,2632
05-30-2020,14:45,60467,154,1154
05-30-2020,14:45,60468,30,258
05-30-2020,14:45,60469,76,524
05-30-2020,14:45,60471,199,1282
05-30-2020,14:45,60472,66,516
05-30-2020,14:45,60473,363,2470
05-30-2020,14:45,60475,70,632
05-30-2020,14:45,60476,17,166
05-30-2020,14:45,60477,220,1996
05-30-2020,14:45,60478,304,2266
05-30-2020,14:45,60480,32,311
05-30-2020,14:45,60481,22,410
05-30-2020,14:45,60482,85,566
05-30-2020,14:45,60484,108,620
05-30-2020,14:45,60487,128,1226
05-30-2020,14:45,60490,132,1270
05-30-2020,14:45,60491,123,882
05-30-2020,14:45,60501,258,1000
05-30-2020,14:45,60502,91,980
05-30-2020,14:45,60503,58,582
05-30-2020,14:45,60504,308,2002
05-30-2020,14:45,60505,1784,6262
05-30-2020,14:45,60506,956,5021
05-30-2020,14:45,60510,89,1291
05-30-2020,14:45,60513,153,1519
05-30-2020,14:45,60514,43,495
05-30-2020,14:45,60515,88,1085
05-30-2020,14:45,60516,110,1228
05-30-2020,14:45,60517,203,1806
05-30-2020,14:45,60520,9,115
05-30-2020,14:45,60521,182,1045
05-30-2020,14:45,60523,96,660
05-30-2020,14:45,60525,261,2277
05-30-2020,14:45,60526,80,1209
05-30-2020,14:45,60527,222,2044
05-30-2020,14:45,60532,116,1518
05-30-2020,14:45,60534,158,877
05-30-2020,14:45,60538,277,1665
05-30-2020,14:45,60540,122,1764
05-30-2020,14:45,60541,9,95
05-30-2020,14:45,60542,154,1118
05-30-2020,14:45,60543,238,1730
05-30-2020,14:45,60544,164,1623
05-30-2020,14:45,60545,137,905
05-30-2020,14:45,60546,155,1766
05-30-2020,14:45,60548,73,595
05-30-2020,14:45,60551,23,106
05-30-2020,14:45,60552,7,152
05-30-2020,14:45,60554,38,534
05-30-2020,14:45,60555,119,821
05-30-2020,14:45,60558,44,598
05-30-2020,14:45,60559,299,1637
05-30-2020,14:45,60560,90,1021
05-30-2020,14:45,60561,109,1224
05-30-2020,14:45,60563,175,1868
05-30-2020,14:45,60564,139,1588
05-30-2020,14:45,60565,174,1476
05-30-2020,14:45,60585,86,968
05-30-2020,14:45,60586,327,2631
05-30-2020,14:45,60601,70,760
05-30-2020,14:45,60602,14,156
05-30-2020,14:45,60603,8,73
05-30-2020,14:45,60604,19,117
05-30-2020,14:45,60605,171,1620
05-30-2020,14:45,60606,49,607
05-30-2020,14:45,60607,430,2018
05-30-2020,14:45,60608,1551,6300
05-30-2020,14:45,60609,1610,5803
05-30-2020,14:45,60610,243,2469
05-30-2020,14:45,60611,142,2531
05-30-2020,14:45,60612,655,3936
05-30-2020,14:45,60613,355,2478
05-30-2020,14:45,60614,471,4185
05-30-2020,14:45,60615,362,3205
05-30-2020,14:45,60616,414,3892
05-30-2020,14:45,60617,1057,7384
05-30-2020,14:45,60618,1173,6215
05-30-2020,14:45,60619,846,7475
05-30-2020,14:45,60620,1046,7060
05-30-2020,14:45,60621,511,2908
05-30-2020,14:45,60622,593,3512
05-30-2020,14:45,60623,3026,8438
05-30-2020,14:45,60624,798,3570
05-30-2020,14:45,60625,1284,5511
05-30-2020,14:45,60626,908,4279
05-30-2020,14:45,60628,977,6019
05-30-2020,14:45,60629,2956,10162
05-30-2020,14:45,60630,744,3987
05-30-2020,14:45,60631,272,2804
05-30-2020,14:45,60632,2786,8190
05-30-2020,14:45,60633,254,1738
05-30-2020,14:45,60634,1333,7710
05-30-2020,14:45,60636,657,2951
05-30-2020,14:45,60637,589,4676
05-30-2020,14:45,60638,1022,5201
05-30-2020,14:45,60639,2999,9795
05-30-2020,14:45,60640,742,4580
05-30-2020,14:45,60641,1343,6096
05-30-2020,14:45,60642,145,1217
05-30-2020,14:45,60643,666,4937
05-30-2020,14:45,60644,1082,5016
05-30-2020,14:45,60645,1002,4360
05-30-2020,14:45,60646,357,2394
05-30-2020,14:45,60647,1238,5806
05-30-2020,14:45,60649,716,4859
05-30-2020,14:45,60651,1576,6022
05-30-2020,14:45,60652,851,3887
05-30-2020,14:45,60653,493,3629
05-30-2020,14:45,60654,136,1063
05-30-2020,14:45,60655,259,2671
05-30-2020,14:45,60656,260,2151
05-30-2020,14:45,60657,318,3766
05-30-2020,14:45,60659,694,2782
05-30-2020,14:45,60660,393,2215
05-30-2020,14:45,60661,38,472
05-30-2020,14:45,60706,319,2562
05-30-2020,14:45,60707,724,4056
05-30-2020,14:45,60712,148,881
05-30-2020,14:45,60714,722,2888
05-30-2020,14:45,60803,235,1507
05-30-2020,14:45,60804,2646,8971
05-30-2020,14:45,60805,212,1356
05-30-2020,14:45,60827,340,2190
05-30-2020,14:45,60901,508,3039
05-30-2020,14:45,60911,9,64
05-30-2020,14:45,60912,6,33
05-30-2020,14:45,60913,6,62
05-30-2020,14:45,60914,147,1465
05-30-2020,14:45,60915,57,706
05-30-2020,14:45,60919,6,25
05-30-2020,14:45,60922,11,136
05-30-2020,14:45,60927,47,197
05-30-2020,14:45,60928,7,29
05-30-2020,14:45,60930,6,17
05-30-2020,14:45,60938,6,60
05-30-2020,14:45,60940,6,130
05-30-2020,14:45,60941,6,71
05-30-2020,14:45,60950,73,838
05-30-2020,14:45,60954,29,512
05-30-2020,14:45,60955,11,73
05-30-2020,14:45,60957,7,221
05-30-2020,14:45,60958,21,113
05-30-2020,14:45,60964,31,257
05-30-2020,14:45,60970,12,280
05-30-2020,14:45,61008,370,2111
05-30-2020,14:45,61010,11,219
05-30-2020,14:45,61011,8,94
05-30-2020,14:45,61012,17,97
05-30-2020,14:45,61016,33,307
05-30-2020,14:45,61020,11,162
05-30-2020,14:45,61021,72,1003
05-30-2020,14:45,61032,176,1905
05-30-2020,14:45,61036,11,269
05-30-2020,14:45,61054,7,155
05-30-2020,14:45,61061,10,205
05-30-2020,14:45,61063,7,140
05-30-2020,14:45,61064,10,110
05-30-2020,14:45,61065,41,477
05-30-2020,14:45,61068,131,1130
05-30-2020,14:45,61071,31,279
05-30-2020,14:45,61072,30,401
05-30-2020,14:45,61073,53,761
05-30-2020,14:45,61080,46,369
05-30-2020,14:45,61081,68,528
05-30-2020,14:45,61084,9,76
05-30-2020,14:45,61088,10,250
05-30-2020,14:45,61101,263,1915
05-30-2020,14:45,61102,220,1564
05-30-2020,14:45,61103,225,2071
05-30-2020,14:45,61104,244,1418
05-30-2020,14:45,61107,195,2267
05-30-2020,14:45,61108,305,2143
05-30-2020,14:45,61109,234,1903
05-30-2020,14:45,61111,89,1319
05-30-2020,14:45,61114,91,1081
05-30-2020,14:45,61115,97,1161
05-30-2020,14:45,61201,184,1356
05-30-2020,14:45,61235,8,71
05-30-2020,14:45,61239,8,45
05-30-2020,14:45,61240,11,171
05-30-2020,14:45,61241,15,243
05-30-2020,14:45,61244,160,1296
05-30-2020,14:45,61252,23,134
05-30-2020,14:45,61254,8,359
05-30-2020,14:45,61256,6,66
05-30-2020,14:45,61264,23,359
05-30-2020,14:45,61265,199,1814
05-30-2020,14:45,61270,7,146
05-30-2020,14:45,61275,9,109
05-30-2020,14:45,61282,40,325
05-30-2020,14:45,61341,40,434
05-30-2020,14:45,61342,15,187
05-30-2020,14:45,61350,19,546
05-30-2020,14:45,61356,6,298
05-30-2020,14:45,61401,86,1344
05-30-2020,14:45,61410,6,88
05-30-2020,14:45,61443,18,369
05-30-2020,14:45,61455,74,791
05-30-2020,14:45,61462,104,597
05-30-2020,14:45,61469,7,104
05-30-2020,14:45,61525,8,319
05-30-2020,14:45,61548,8,326
05-30-2020,14:45,61550,6,625
05-30-2020,14:45,61554,24,1783
05-30-2020,14:45,61571,6,804
05-30-2020,14:45,61603,31,986
05-30-2020,14:45,61604,35,1636
05-30-2020,14:45,61605,23,810
05-30-2020,14:45,61606,6,225
05-30-2020,14:45,61610,6,214
05-30-2020,14:45,61611,18,944
05-30-2020,14:45,61614,66,1430
05-30-2020,14:45,61615,29,1119
05-30-2020,14:45,61701,47,1993
05-30-2020,14:45,61704,82,1603
05-30-2020,14:45,61705,15,659
05-30-2020,14:45,61761,50,1858
05-30-2020,14:45,61764,18,395
05-30-2020,14:45,61801,43,1206
05-30-2020,14:45,61802,103,1619
05-30-2020,14:45,61820,105,1431
05-30-2020,14:45,61821,119,2127
05-30-2020,14:45,61822,48,1498
05-30-2020,14:45,61832,22,1028
05-30-2020,14:45,61853,13,772
05-30-2020,14:45,61856,6,317
05-30-2020,14:45,61866,153,1555
05-30-2020,14:45,61874,15,608
05-30-2020,14:45,61910,6,216
05-30-2020,14:45,61920,91,1193
05-30-2020,14:45,61938,26,1059
05-30-2020,14:45,61951,7,215
05-30-2020,14:45,61953,13,269
05-30-2020,14:45,62002,93,637
05-30-2020,14:45,62010,15,156
05-30-2020,14:45,62012,6,177
05-30-2020,14:45,62018,8,73
05-30-2020,14:45,62024,9,131
05-30-2020,14:45,62025,110,711
05-30-2020,14:45,62034,68,289
05-30-2020,14:45,62035,22,248
05-30-2020,14:45,62040,76,710
05-30-2020,14:45,62049,6,433
05-30-2020,14:45,62052,14,124
05-30-2020,14:45,62056,13,390
05-30-2020,14:45,62059,7,23
05-30-2020,14:45,62060,22,105
05-30-2020,14:45,62062,9,497
05-30-2020,14:45,62069,9,107
05-30-2020,14:45,62088,7,349
05-30-2020,14:45,62090,11,28
05-30-2020,14:45,62095,25,179
05-30-2020,14:45,62201,16,134
05-30-2020,14:45,62203,42,275
05-30-2020,14:45,62204,45,263
05-30-2020,14:45,62205,46,348
05-30-2020,14:45,62206,105,494
05-30-2020,14:45,62207,71,250
05-30-2020,14:45,62208,75,427
05-30-2020,14:45,62220,138,450
05-30-2020,14:45,62221,107,648
05-30-2020,14:45,62223,48,391
05-30-2020,14:45,62226,135,860
05-30-2020,14:45,62230,11,176
05-30-2020,14:45,62231,77,363
05-30-2020,14:45,62232,21,302
05-30-2020,14:45,62233,98,442
05-30-2020,14:45,62234,63,664
05-30-2020,14:45,62236,42,160
05-30-2020,14:45,62237,6,216
05-30-2020,14:45,62238,6,35
05-30-2020,14:45,62239,15,74
05-30-2020,14:45,62241,6,37
05-30-2020,14:45,62243,8,62
05-30-2020,14:45,62246,7,201
05-30-2020,14:45,62249,13,334
05-30-2020,14:45,62254,34,285
05-30-2020,14:45,62257,11,90
05-30-2020,14:45,62258,17,217
05-30-2020,14:45,62260,7,69
05-30-2020,14:45,62264,39,68
05-30-2020,14:45,62265,33,411
05-30-2020,14:45,62269,70,586
05-30-2020,14:45,62272,49,149
05-30-2020,14:45,62274,10,158
05-30-2020,14:45,62278,15,156
05-30-2020,14:45,62285,13,61
05-30-2020,14:45,62286,47,288
05-30-2020,14:45,62288,32,195
05-30-2020,14:45,62293,8,129
05-30-2020,14:45,62294,18,236
05-30-2020,14:45,62295,8,30
05-30-2020,14:45,62298,46,263
05-30-2020,14:45,62301,22,1903
05-30-2020,14:45,62305,15,211
05-30-2020,14:45,62353,7,321
05-30-2020,14:45,62428,7,105
05-30-2020,14:45,62441,7,127
05-30-2020,14:45,62448,36,362
05-30-2020,14:45,62454,8,159
05-30-2020,14:45,62471,17,229
05-30-2020,14:45,62474,6,35
05-30-2020,14:45,62521,109,1195
05-30-2020,14:45,62522,33,351
05-30-2020,14:45,62526,41,1117
05-30-2020,14:45,62560,7,81
05-30-2020,14:45,62565,14,349
05-30-2020,14:45,62568,26,552
05-30-2020,14:45,62618,64,587
05-30-2020,14:45,62629,13,779
05-30-2020,14:45,62650,28,1089
05-30-2020,14:45,62656,10,920
05-30-2020,14:45,62664,11,153
05-30-2020,14:45,62675,9,333
05-30-2020,14:45,62681,12,190
05-30-2020,14:45,62684,71,635
05-30-2020,14:45,62702,70,2670
05-30-2020,14:45,62703,62,2083
05-30-2020,14:45,62704,45,2535
05-30-2020,14:45,62707,19,574
05-30-2020,14:45,62711,26,1158
05-30-2020,14:45,62801,63,1054
05-30-2020,14:45,62832,16,370
05-30-2020,14:45,62837,7,358
05-30-2020,14:45,62864,83,881
05-30-2020,14:45,62882,11,118
05-30-2020,14:45,62901,142,1215
05-30-2020,14:45,62902,16,172
05-30-2020,14:45,62906,70,595
05-30-2020,14:45,62907,17,78
05-30-2020,14:45,62912,8,53
05-30-2020,14:45,62918,13,363
05-30-2020,14:45,62920,65,293
05-30-2020,14:45,62948,11,439
05-30-2020,14:45,62952,6,132
05-30-2020,14:45,62959,31,914
05-30-2020,14:45,62966,92,838
05-30-2020,14:45,62992,50,145
05-29-2020,14:45,60002,98,840
05-29-2020,14:45,60004,291,3780
05-29-2020,14:45,60005,158,1394
05-29-2020,14:45,60007,278,1548
05-29-2020,14:45,60008,287,2040
05-29-2020,14:45,60010,98,1292
05-29-2020,14:45,60012,71,380
05-29-2020,14:45,60013,80,673
05-29-2020,14:45,60014,205,1749
05-29-2020,14:45,60015,170,1203
05-29-2020,14:45,60016,951,4297
05-29-2020,14:45,60018,527,2200
05-29-2020,14:45,60020,35,473
05-29-2020,14:45,60021,22,153
05-29-2020,14:45,60022,25,329
05-29-2020,14:45,60025,334,2355
05-29-2020,14:45,60026,128,808
05-29-2020,14:45,60029,8,59
05-29-2020,14:45,60030,158,1517
05-29-2020,14:45,60031,305,1996
05-29-2020,14:45,60033,147,665
05-29-2020,14:45,60035,229,1724
05-29-2020,14:45,60040,141,382
05-29-2020,14:45,60041,40,373
05-29-2020,14:45,60042,27,273
05-29-2020,14:45,60043,19,143
05-29-2020,14:45,60044,86,619
05-29-2020,14:45,60045,108,931
05-29-2020,14:45,60046,184,1276
05-29-2020,14:45,60047,294,1481
05-29-2020,14:45,60048,107,967
05-29-2020,14:45,60050,193,1397
05-29-2020,14:45,60051,91,900
05-29-2020,14:45,60053,254,1484
05-29-2020,14:45,60056,546,2866
05-29-2020,14:45,60060,392,1720
05-29-2020,14:45,60061,151,1046
05-29-2020,14:45,60062,279,2404
05-29-2020,14:45,60064,565,1428
05-29-2020,14:45,60067,177,1891
05-29-2020,14:45,60068,276,1669
05-29-2020,14:45,60069,68,461
05-29-2020,14:45,60070,223,994
05-29-2020,14:45,60071,8,130
05-29-2020,14:45,60073,869,3359
05-29-2020,14:45,60074,371,1886
05-29-2020,14:45,60076,454,2492
05-29-2020,14:45,60077,370,1968
05-29-2020,14:45,60079,9,44
05-29-2020,14:45,60081,35,302
05-29-2020,14:45,60083,90,563
05-29-2020,14:45,60084,160,660
05-29-2020,14:45,60085,2209,6653
05-29-2020,14:45,60087,583,2471
05-29-2020,14:45,60088,51,195
05-29-2020,14:45,60089,233,1725
05-29-2020,14:45,60090,680,2816
05-29-2020,14:45,60091,135,1227
05-29-2020,14:45,60093,145,1062
05-29-2020,14:45,60096,33,295
05-29-2020,14:45,60097,37,410
05-29-2020,14:45,60098,273,1447
05-29-2020,14:45,60099,523,2188
05-29-2020,14:45,60101,717,2831
05-29-2020,14:45,60102,136,1095
05-29-2020,14:45,60103,238,1887
05-29-2020,14:45,60104,383,1664
05-29-2020,14:45,60106,463,1837
05-29-2020,14:45,60107,554,2582
05-29-2020,14:45,60108,245,1981
05-29-2020,14:45,60109,9,287
05-29-2020,14:45,60110,609,2122
05-29-2020,14:45,60112,20,214
05-29-2020,14:45,60115,211,1968
05-29-2020,14:45,60118,66,624
05-29-2020,14:45,60119,34,433
05-29-2020,14:45,60120,1150,4049
05-29-2020,14:45,60123,687,3277
05-29-2020,14:45,60124,97,918
05-29-2020,14:45,60126,231,2145
05-29-2020,14:45,60130,127,1480
05-29-2020,14:45,60131,326,1457
05-29-2020,14:45,60133,667,2795
05-29-2020,14:45,60134,140,1087
05-29-2020,14:45,60135,28,337
05-29-2020,14:45,60136,47,311
05-29-2020,14:45,60137,134,1418
05-29-2020,14:45,60139,560,2455
05-29-2020,14:45,60140,79,718
05-29-2020,14:45,60141,20,396
05-29-2020,14:45,60142,83,1109
05-29-2020,14:45,60143,159,796
05-29-2020,14:45,60145,6,83
05-29-2020,14:45,60146,8,102
05-29-2020,14:45,60148,317,2435
05-29-2020,14:45,60151,16,181
05-29-2020,14:45,60152,68,472
05-29-2020,14:45,60153,457,2165
05-29-2020,14:45,60154,194,1428
05-29-2020,14:45,60155,161,681
05-29-2020,14:45,60156,130,1013
05-29-2020,14:45,60157,14,108
05-29-2020,14:45,60160,631,2395
05-29-2020,14:45,60162,138,900
05-29-2020,14:45,60163,83,426
05-29-2020,14:45,60164,460,2698
05-29-2020,14:45,60165,163,496
05-29-2020,14:45,60169,336,1657
05-29-2020,14:45,60171,111,706
05-29-2020,14:45,60172,207,1174
05-29-2020,14:45,60173,84,455
05-29-2020,14:45,60174,149,1774
05-29-2020,14:45,60175,69,932
05-29-2020,14:45,60176,132,681
05-29-2020,14:45,60177,235,1183
05-29-2020,14:45,60178,43,772
05-29-2020,14:45,60181,228,1491
05-29-2020,14:45,60184,6,101
05-29-2020,14:45,60185,683,2800
05-29-2020,14:45,60187,109,1352
05-29-2020,14:45,60188,436,2468
05-29-2020,14:45,60189,99,1172
05-29-2020,14:45,60190,40,598
05-29-2020,14:45,60191,194,866
05-29-2020,14:45,60192,45,499
05-29-2020,14:45,60193,217,1661
05-29-2020,14:45,60194,122,1139
05-29-2020,14:45,60195,14,150
05-29-2020,14:45,60201,310,2480
05-29-2020,14:45,60202,398,2279
05-29-2020,14:45,60203,24,241
05-29-2020,14:45,60301,22,195
05-29-2020,14:45,60302,202,2084
05-29-2020,14:45,60304,70,871
05-29-2020,14:45,60305,48,547
05-29-2020,14:45,60401,37,507
05-29-2020,14:45,60402,1250,5705
05-29-2020,14:45,60403,180,1263
05-29-2020,14:45,60404,101,1093
05-29-2020,14:45,60406,451,2530
05-29-2020,14:45,60408,15,193
05-29-2020,14:45,60409,528,3384
05-29-2020,14:45,60410,47,572
05-29-2020,14:45,60411,818,5170
05-29-2020,14:45,60415,173,852
05-29-2020,14:45,60416,9,207
05-29-2020,14:45,60417,134,1081
05-29-2020,14:45,60418,93,475
05-29-2020,14:45,60419,352,2258
05-29-2020,14:45,60420,6,119
05-29-2020,14:45,60421,12,152
05-29-2020,14:45,60422,77,786
05-29-2020,14:45,60423,123,1309
05-29-2020,14:45,60425,153,1071
05-29-2020,14:45,60426,421,2665
05-29-2020,14:45,60428,188,1352
05-29-2020,14:45,60429,212,1940
05-29-2020,14:45,60430,257,1725
05-29-2020,14:45,60431,191,1732
05-29-2020,14:45,60432,387,1633
05-29-2020,14:45,60433,272,1264
05-29-2020,14:45,60434,162,215
05-29-2020,14:45,60435,610,3996
05-29-2020,14:45,60436,207,1414
05-29-2020,14:45,60438,348,2187
05-29-2020,14:45,60439,84,1012
05-29-2020,14:45,60440,799,4738
05-29-2020,14:45,60441,184,1528
05-29-2020,14:45,60442,38,411
05-29-2020,14:45,60443,330,2084
05-29-2020,14:45,60445,142,1273
05-29-2020,14:45,60446,471,3018
05-29-2020,14:45,60447,46,571
05-29-2020,14:45,60448,122,929
05-29-2020,14:45,60449,67,603
05-29-2020,14:45,60450,31,544
05-29-2020,14:45,60451,99,1267
05-29-2020,14:45,60452,211,1649
05-29-2020,14:45,60453,680,3772
05-29-2020,14:45,60455,278,1351
05-29-2020,14:45,60456,46,294
05-29-2020,14:45,60457,111,667
05-29-2020,14:45,60458,127,884
05-29-2020,14:45,60459,367,2094
05-29-2020,14:45,60461,56,483
05-29-2020,14:45,60462,287,2115
05-29-2020,14:45,60463,232,928
05-29-2020,14:45,60464,43,440
05-29-2020,14:45,60465,221,982
05-29-2020,14:45,60466,461,2582
05-29-2020,14:45,60467,153,1134
05-29-2020,14:45,60468,29,247
05-29-2020,14:45,60469,75,518
05-29-2020,14:45,60471,196,1245
05-29-2020,14:45,60472,59,501
05-29-2020,14:45,60473,359,2408
05-29-2020,14:45,60475,70,616
05-29-2020,14:45,60476,17,165
05-29-2020,14:45,60477,217,1949
05-29-2020,14:45,60478,299,2228
05-29-2020,14:45,60480,32,305
05-29-2020,14:45,60481,22,393
05-29-2020,14:45,60482,84,558
05-29-2020,14:45,60484,106,600
05-29-2020,14:45,60487,127,1195
05-29-2020,14:45,60490,132,1245
05-29-2020,14:45,60491,122,864
05-29-2020,14:45,60501,249,969
05-29-2020,14:45,60502,91,952
05-29-2020,14:45,60503,58,563
05-29-2020,14:45,60504,302,1950
05-29-2020,14:45,60505,1764,6119
05-29-2020,14:45,60506,943,4908
05-29-2020,14:45,60510,89,1270
05-29-2020,14:45,60513,150,1500
05-29-2020,14:45,60514,42,488
05-29-2020,14:45,60515,88,1067
05-29-2020,14:45,60516,109,1192
05-29-2020,14:45,60517,198,1765
05-29-2020,14:45,60520,9,109
05-29-2020,14:45,60521,181,1046
05-29-2020,14:45,60523,96,652
05-29-2020,14:45,60525,259,2235
05-29-2020,14:45,60526,79,1193
05-29-2020,14:45,60527,218,1911
05-29-2020,14:45,60532,115,1282
05-29-2020,14:45,60534,157,856
05-29-2020,14:45,60538,275,1629
05-29-2020,14:45,60540,121,1727
05-29-2020,14:45,60541,9,89
05-29-2020,14:45,60542,153,1099
05-29-2020,14:45,60543,235,1679
05-29-2020,14:45,60544,160,1591
05-29-2020,14:45,60545,136,887
05-29-2020,14:45,60546,154,1749
05-29-2020,14:45,60548,72,581
05-29-2020,14:45,60551,23,105
05-29-2020,14:45,60552,7,151
05-29-2020,14:45,60554,37,522
05-29-2020,14:45,60555,117,810
05-29-2020,14:45,60558,43,586
05-29-2020,14:45,60559,295,1617
05-29-2020,14:45,60560,90,975
05-29-2020,14:45,60561,108,1197
05-29-2020,14:45,60563,174,1816
05-29-2020,14:45,60564,136,1525
05-29-2020,14:45,60565,173,1442
05-29-2020,14:45,60585,85,930
05-29-2020,14:45,60586,322,2579
05-29-2020,14:45,60601,70,744
05-29-2020,14:45,60602,14,151
05-29-2020,14:45,60603,8,73
05-29-2020,14:45,60604,19,116
05-29-2020,14:45,60605,167,1577
05-29-2020,14:45,60606,49,583
05-29-2020,14:45,60607,422,1974
05-29-2020,14:45,60608,1535,6128
05-29-2020,14:45,60609,1593,5638
05-29-2020,14:45,60610,239,2416
05-29-2020,14:45,60611,140,2473
05-29-2020,14:45,60612,650,3855
05-29-2020,14:45,60613,351,2391
05-29-2020,14:45,60614,470,4098
05-29-2020,14:45,60615,361,3142
05-29-2020,14:45,60616,409,3760
05-29-2020,14:45,60617,1047,7176
05-29-2020,14:45,60618,1159,6043
05-29-2020,14:45,60619,845,7292
05-29-2020,14:45,60620,1038,6895
05-29-2020,14:45,60621,508,2835
05-29-2020,14:45,60622,585,3448
05-29-2020,14:45,60623,2991,8242
05-29-2020,14:45,60624,789,3490
05-29-2020,14:45,60625,1264,5334
05-29-2020,14:45,60626,906,4076
05-29-2020,14:45,60628,968,5843
05-29-2020,14:45,60629,2904,9861
05-29-2020,14:45,60630,735,3885
05-29-2020,14:45,60631,271,2736
05-29-2020,14:45,60632,2763,7966
05-29-2020,14:45,60633,254,1710
05-29-2020,14:45,60634,1328,7533
05-29-2020,14:45,60636,655,2877
05-29-2020,14:45,60637,585,4568
05-29-2020,14:45,60638,1016,5091
05-29-2020,14:45,60639,2975,9585
05-29-2020,14:45,60640,743,4457
05-29-2020,14:45,60641,1330,5834
05-29-2020,14:45,60642,143,1191
05-29-2020,14:45,60643,664,4855
05-29-2020,14:45,60644,1075,4922
05-29-2020,14:45,60645,992,4290
05-29-2020,14:45,60646,353,2306
05-29-2020,14:45,60647,1227,5684
05-29-2020,14:45,60649,712,4753
05-29-2020,14:45,60651,1554,5890
05-29-2020,14:45,60652,843,3784
05-29-2020,14:45,60653,488,3569
05-29-2020,14:45,60654,135,1045
05-29-2020,14:45,60655,258,2582
05-29-2020,14:45,60656,255,2107
05-29-2020,14:45,60657,316,3692
05-29-2020,14:45,60659,682,2704
05-29-2020,14:45,60660,386,2166
05-29-2020,14:45,60661,38,462
05-29-2020,14:45,60706,315,2506
05-29-2020,14:45,60707,719,3962
05-29-2020,14:45,60712,147,868
05-29-2020,14:45,60714,704,2824
05-29-2020,14:45,60803,232,1462
05-29-2020,14:45,60804,2619,8752
05-29-2020,14:45,60805,210,1321
05-29-2020,14:45,60827,335,2143
05-29-2020,14:45,60901,491,2921
05-29-2020,14:45,60911,9,64
05-29-2020,14:45,60912,6,31
05-29-2020,14:45,60914,143,1415
05-29-2020,14:45,60915,53,679
05-29-2020,14:45,60919,6,24
05-29-2020,14:45,60922,11,130
05-29-2020,14:45,60927,47,196
05-29-2020,14:45,60928,7,28
05-29-2020,14:45,60930,6,17
05-29-2020,14:45,60938,6,57
05-29-2020,14:45,60940,6,125
05-29-2020,14:45,60941,6,68
05-29-2020,14:45,60950,73,814
05-29-2020,14:45,60954,29,470
05-29-2020,14:45,60955,11,71
05-29-2020,14:45,60957,7,216
05-29-2020,14:45,60958,19,110
05-29-2020,14:45,60964,30,250
05-29-2020,14:45,60970,12,272
05-29-2020,14:45,61008,359,2056
05-29-2020,14:45,61010,11,214
05-29-2020,14:45,61011,8,92
05-29-2020,14:45,61012,17,88
05-29-2020,14:45,61016,31,294
05-29-2020,14:45,61020,11,159
05-29-2020,14:45,61021,70,980
05-29-2020,14:45,61032,174,1872
05-29-2020,14:45,61036,11,266
05-29-2020,14:45,61054,7,152
05-29-2020,14:45,61061,10,197
05-29-2020,14:45,61063,7,135
05-29-2020,14:45,61064,10,107
05-29-2020,14:45,61065,40,462
05-29-2020,14:45,61068,131,1103
05-29-2020,14:45,61071,29,272
05-29-2020,14:45,61072,28,386
05-29-2020,14:45,61073,51,740
05-29-2020,14:45,61080,44,364
05-29-2020,14:45,61081,67,510
05-29-2020,14:45,61084,9,74
05-29-2020,14:45,61088,10,244
05-29-2020,14:45,61101,254,1823
05-29-2020,14:45,61102,212,1525
05-29-2020,14:45,61103,222,2025
05-29-2020,14:45,61104,242,1374
05-29-2020,14:45,61107,188,2201
05-29-2020,14:45,61108,296,2090
05-29-2020,14:45,61109,229,1852
05-29-2020,14:45,61111,87,1288
05-29-2020,14:45,61114,90,1052
05-29-2020,14:45,61115,97,1129
05-29-2020,14:45,61201,180,1306
05-29-2020,14:45,61235,8,68
05-29-2020,14:45,61239,8,45
05-29-2020,14:45,61240,11,162
05-29-2020,14:45,61241,15,236
05-29-2020,14:45,61244,159,1224
05-29-2020,14:45,61252,22,118
05-29-2020,14:45,61254,8,346
05-29-2020,14:45,61256,6,64
05-29-2020,14:45,61264,22,354
05-29-2020,14:45,61265,200,1750
05-29-2020,14:45,61270,7,140
05-29-2020,14:45,61275,10,107
05-29-2020,14:45,61282,40,310
05-29-2020,14:45,61341,39,421
05-29-2020,14:45,61342,15,182
05-29-2020,14:45,61350,18,539
05-29-2020,14:45,61356,6,295
05-29-2020,14:45,61401,85,1315
05-29-2020,14:45,61410,6,86
05-29-2020,14:45,61443,18,342
05-29-2020,14:45,61455,74,709
05-29-2020,14:45,61462,103,584
05-29-2020,14:45,61469,7,103
05-29-2020,14:45,61525,8,306
05-29-2020,14:45,61548,8,316
05-29-2020,14:45,61550,6,603
05-29-2020,14:45,61554,23,1718
05-29-2020,14:45,61571,6,771
05-29-2020,14:45,61603,30,956
05-29-2020,14:45,61604,32,1551
05-29-2020,14:45,61605,23,780
05-29-2020,14:45,61610,6,207
05-29-2020,14:45,61611,18,902
05-29-2020,14:45,61614,64,1311
05-29-2020,14:45,61615,27,1072
05-29-2020,14:45,61701,47,1930
05-29-2020,14:45,61704,81,1561
05-29-2020,14:45,61705,15,637
05-29-2020,14:45,61761,50,1799
05-29-2020,14:45,61764,17,373
05-29-2020,14:45,61801,42,1129
05-29-2020,14:45,61802,101,1445
05-29-2020,14:45,61820,104,1344
05-29-2020,14:45,61821,114,1982
05-29-2020,14:45,61822,47,1410
05-29-2020,14:45,61832,22,1009
05-29-2020,14:45,61853,12,726
05-29-2020,14:45,61856,7,305
05-29-2020,14:45,61866,154,1520
05-29-2020,14:45,61874,15,558
05-29-2020,14:45,61910,6,208
05-29-2020,14:45,61920,90,1163
05-29-2020,14:45,61938,26,1031
05-29-2020,14:45,61951,7,206
05-29-2020,14:45,61953,13,263
05-29-2020,14:45,62002,92,617
05-29-2020,14:45,62010,14,148
05-29-2020,14:45,62012,6,176
05-29-2020,14:45,62018,8,71
05-29-2020,14:45,62024,9,127
05-29-2020,14:45,62025,110,694
05-29-2020,14:45,62034,68,270
05-29-2020,14:45,62035,22,242
05-29-2020,14:45,62040,74,685
05-29-2020,14:45,62052,14,122
05-29-2020,14:45,62056,13,386
05-29-2020,14:45,62059,7,23
05-29-2020,14:45,62060,22,103
05-29-2020,14:45,62062,9,494
05-29-2020,14:45,62069,9,104
05-29-2020,14:45,62088,7,343
05-29-2020,14:45,62090,11,28
05-29-2020,14:45,62095,24,170
05-29-2020,14:45,62201,16,127
05-29-2020,14:45,62203,41,259
05-29-2020,14:45,62204,45,256
05-29-2020,14:45,62205,45,334
05-29-2020,14:45,62206,102,467
05-29-2020,14:45,62207,68,237
05-29-2020,14:45,62208,72,410
05-29-2020,14:45,62220,138,430
05-29-2020,14:45,62221,106,619
05-29-2020,14:45,62223,48,372
05-29-2020,14:45,62226,131,832
05-29-2020,14:45,62230,9,172
05-29-2020,14:45,62231,76,358
05-29-2020,14:45,62232,21,297
05-29-2020,14:45,62233,98,435
05-29-2020,14:45,62234,61,630
05-29-2020,14:45,62236,42,159
05-29-2020,14:45,62237,6,215
05-29-2020,14:45,62238,6,35
05-29-2020,14:45,62239,13,70
05-29-2020,14:45,62243,8,62
05-29-2020,14:45,62246,7,196
05-29-2020,14:45,62249,13,250
05-29-2020,14:45,62254,32,162
05-29-2020,14:45,62257,11,81
05-29-2020,14:45,62258,17,213
05-29-2020,14:45,62260,7,67
05-29-2020,14:45,62264,39,66
05-29-2020,14:45,62265,33,405
05-29-2020,14:45,62269,70,556
05-29-2020,14:45,62272,49,148
05-29-2020,14:45,62274,10,151
05-29-2020,14:45,62278,15,154
05-29-2020,14:45,62285,12,57
05-29-2020,14:45,62286,46,285
05-29-2020,14:45,62288,32,194
05-29-2020,14:45,62293,8,120
05-29-2020,14:45,62294,18,231
05-29-2020,14:45,62295,7,29
05-29-2020,14:45,62298,46,258
05-29-2020,14:45,62301,22,1894
05-29-2020,14:45,62305,15,211
05-29-2020,14:45,62353,7,313
05-29-2020,14:45,62428,7,103
05-29-2020,14:45,62441,7,124
05-29-2020,14:45,62448,36,359
05-29-2020,14:45,62454,8,158
05-29-2020,14:45,62471,17,225
05-29-2020,14:45,62474,6,34
05-29-2020,14:45,62521,110,1172
05-29-2020,14:45,62522,32,341
05-29-2020,14:45,62526,42,1094
05-29-2020,14:45,62560,7,80
05-29-2020,14:45,62565,14,341
05-29-2020,14:45,62568,26,547
05-29-2020,14:45,62618,62,577
05-29-2020,14:45,62629,14,771
05-29-2020,14:45,62650,27,1075
05-29-2020,14:45,62656,10,910
05-29-2020,14:45,62664,11,149
05-29-2020,14:45,62675,9,327
05-29-2020,14:45,62681,11,185
05-29-2020,14:45,62684,71,632
05-29-2020,14:45,62702,69,2619
05-29-2020,14:45,62703,62,2057
05-29-2020,14:45,62704,45,2466
05-29-2020,14:45,62707,18,559
05-29-2020,14:45,62711,25,1145
05-29-2020,14:45,62801,61,1022
05-29-2020,14:45,62832,16,361
05-29-2020,14:45,62837,7,354
05-29-2020,14:45,62864,83,867
05-29-2020,14:45,62882,11,115
05-29-2020,14:45,62901,135,1146
05-29-2020,14:45,62902,16,166
05-29-2020,14:45,62906,69,587
05-29-2020,14:45,62907,15,77
05-29-2020,14:45,62912,8,52
05-29-2020,14:45,62918,13,359
05-29-2020,14:45,62920,62,292
05-29-2020,14:45,62948,10,425
05-29-2020,14:45,62952,7,129
05-29-2020,14:45,62959,30,898
05-29-2020,14:45,62966,88,772
05-29-2020,14:45,62992,45,137
05-28-2020,14:45,60002,92,813
05-28-2020,14:45,60004,272,3699
05-28-2020,14:45,60005,156,1343
05-28-2020,14:45,60007,268,1485
05-28-2020,14:45,60008,282,1932
05-28-2020,14:45,60010,95,1256
05-28-2020,14:45,60012,70,374
05-28-2020,14:45,60013,77,657
05-28-2020,14:45,60014,201,1715
05-28-2020,14:45,60015,169,1178
05-28-2020,14:45,60016,942,4209
05-28-2020,14:45,60018,515,2122
05-28-2020,14:45,60020,34,458
05-28-2020,14:45,60021,20,150
05-28-2020,14:45,60022,24,326
05-28-2020,14:45,60025,332,2319
05-28-2020,14:45,60026,127,789
05-28-2020,14:45,60029,8,57
05-28-2020,14:45,60030,158,1476
05-28-2020,14:45,60031,292,1932
05-28-2020,14:45,60033,146,636
05-28-2020,14:45,60035,229,1683
05-28-2020,14:45,60040,138,371
05-28-2020,14:45,60041,40,359
05-28-2020,14:45,60042,27,271
05-28-2020,14:45,60043,19,142
05-28-2020,14:45,60044,86,606
05-28-2020,14:45,60045,108,910
05-28-2020,14:45,60046,183,1248
05-28-2020,14:45,60047,287,1361
05-28-2020,14:45,60048,106,958
05-28-2020,14:45,60050,190,1357
05-28-2020,14:45,60051,86,869
05-28-2020,14:45,60053,252,1451
05-28-2020,14:45,60056,542,2787
05-28-2020,14:45,60060,387,1670
05-28-2020,14:45,60061,151,1021
05-28-2020,14:45,60062,275,2375
05-28-2020,14:45,60064,561,1399
05-28-2020,14:45,60067,176,1831
05-28-2020,14:45,60068,274,1626
05-28-2020,14:45,60069,68,440
05-28-2020,14:45,60070,215,969
05-28-2020,14:45,60071,7,128
05-28-2020,14:45,60073,850,3262
05-28-2020,14:45,60074,363,1820
05-28-2020,14:45,60076,452,2446
05-28-2020,14:45,60077,364,1938
05-28-2020,14:45,60079,9,44
05-28-2020,14:45,60081,36,298
05-28-2020,14:45,60083,86,548
05-28-2020,14:45,60084,158,638
05-28-2020,14:45,60085,2181,6461
05-28-2020,14:45,60087,575,2375
05-28-2020,14:45,60088,46,160
05-28-2020,14:45,60089,227,1689
05-28-2020,14:45,60090,668,2749
05-28-2020,14:45,60091,132,1197
05-28-2020,14:45,60093,144,1041
05-28-2020,14:45,60096,33,280
05-28-2020,14:45,60097,38,400
05-28-2020,14:45,60098,271,1425
05-28-2020,14:45,60099,516,2116
05-28-2020,14:45,60101,708,2753
05-28-2020,14:45,60102,133,1060
05-28-2020,14:45,60103,233,1831
05-28-2020,14:45,60104,381,1640
05-28-2020,14:45,60106,455,1803
05-28-2020,14:45,60107,544,2473
05-28-2020,14:45,60108,240,1947
05-28-2020,14:45,60109,9,285
05-28-2020,14:45,60110,594,2033
05-28-2020,14:45,60112,20,198
05-28-2020,14:45,60115,196,1769
05-28-2020,14:45,60118,67,603
05-28-2020,14:45,60119,35,414
05-28-2020,14:45,60120,1120,3929
05-28-2020,14:45,60123,676,3186
05-28-2020,14:45,60124,95,883
05-28-2020,14:45,60126,231,2061
05-28-2020,14:45,60130,126,1425
05-28-2020,14:45,60131,322,1428
05-28-2020,14:45,60133,663,2716
05-28-2020,14:45,60134,132,1058
05-28-2020,14:45,60135,28,322
05-28-2020,14:45,60136,46,304
05-28-2020,14:45,60137,134,1373
05-28-2020,14:45,60139,553,2398
05-28-2020,14:45,60140,77,698
05-28-2020,14:45,60141,17,379
05-28-2020,14:45,60142,81,1079
05-28-2020,14:45,60143,156,778
05-28-2020,14:45,60145,6,82
05-28-2020,14:45,60146,8,90
05-28-2020,14:45,60148,314,2356
05-28-2020,14:45,60151,16,176
05-28-2020,14:45,60152,67,452
05-28-2020,14:45,60153,452,2120
05-28-2020,14:45,60154,192,1409
05-28-2020,14:45,60155,160,672
05-28-2020,14:45,60156,130,1002
05-28-2020,14:45,60157,14,99
05-28-2020,14:45,60160,620,2352
05-28-2020,14:45,60162,137,879
05-28-2020,14:45,60163,83,414
05-28-2020,14:45,60164,455,2530
05-28-2020,14:45,60165,162,489
05-28-2020,14:45,60169,324,1580
05-28-2020,14:45,60171,108,685
05-28-2020,14:45,60172,206,1132
05-28-2020,14:45,60173,82,437
05-28-2020,14:45,60174,147,1720
05-28-2020,14:45,60175,69,911
05-28-2020,14:45,60176,131,670
05-28-2020,14:45,60177,234,1142
05-28-2020,14:45,60178,39,734
05-28-2020,14:45,60181,221,1442
05-28-2020,14:45,60184,6,101
05-28-2020,14:45,60185,680,2749
05-28-2020,14:45,60187,108,1316
05-28-2020,14:45,60188,432,2394
05-28-2020,14:45,60189,96,1118
05-28-2020,14:45,60190,38,584
05-28-2020,14:45,60191,192,848
05-28-2020,14:45,60192,42,470
05-28-2020,14:45,60193,213,1558
05-28-2020,14:45,60194,119,948
05-28-2020,14:45,60195,14,140
05-28-2020,14:45,60201,308,2450
05-28-2020,14:45,60202,389,2221
05-28-2020,14:45,60203,24,237
05-28-2020,14:45,60301,22,187
05-28-2020,14:45,60302,200,2049
05-28-2020,14:45,60304,70,856
05-28-2020,14:45,60305,48,537
05-28-2020,14:45,60401,37,480
05-28-2020,14:45,60402,1236,5610
05-28-2020,14:45,60403,178,1220
05-28-2020,14:45,60404,97,1055
05-28-2020,14:45,60406,443,2479
05-28-2020,14:45,60408,15,190
05-28-2020,14:45,60409,522,3320
05-28-2020,14:45,60410,46,562
05-28-2020,14:45,60411,811,5002
05-28-2020,14:45,60415,172,835
05-28-2020,14:45,60416,9,197
05-28-2020,14:45,60417,133,1061
05-28-2020,14:45,60418,94,467
05-28-2020,14:45,60419,344,2220
05-28-2020,14:45,60420,6,117
05-28-2020,14:45,60421,12,147
05-28-2020,14:45,60422,77,775
05-28-2020,14:45,60423,121,1286
05-28-2020,14:45,60425,153,1055
05-28-2020,14:45,60426,416,2632
05-28-2020,14:45,60428,186,1335
05-28-2020,14:45,60429,210,1907
05-28-2020,14:45,60430,255,1691
05-28-2020,14:45,60431,188,1689
05-28-2020,14:45,60432,378,1583
05-28-2020,14:45,60433,269,1223
05-28-2020,14:45,60434,162,212
05-28-2020,14:45,60435,607,3892
05-28-2020,14:45,60436,202,1380
05-28-2020,14:45,60438,339,2147
05-28-2020,14:45,60439,84,989
05-28-2020,14:45,60440,789,4619
05-28-2020,14:45,60441,184,1491
05-28-2020,14:45,60442,38,398
05-28-2020,14:45,60443,328,2059
05-28-2020,14:45,60445,140,1262
05-28-2020,14:45,60446,458,2924
05-28-2020,14:45,60447,45,555
05-28-2020,14:45,60448,121,899
05-28-2020,14:45,60449,66,591
05-28-2020,14:45,60450,31,527
05-28-2020,14:45,60451,100,1241
05-28-2020,14:45,60452,202,1607
05-28-2020,14:45,60453,674,3702
05-28-2020,14:45,60455,276,1335
05-28-2020,14:45,60456,46,288
05-28-2020,14:45,60457,109,656
05-28-2020,14:45,60458,125,879
05-28-2020,14:45,60459,359,2068
05-28-2020,14:45,60461,55,475
05-28-2020,14:45,60462,280,2056
05-28-2020,14:45,60463,228,909
05-28-2020,14:45,60464,42,434
05-28-2020,14:45,60465,220,965
05-28-2020,14:45,60466,460,2547
05-28-2020,14:45,60467,153,1116
05-28-2020,14:45,60468,29,238
05-28-2020,14:45,60469,74,512
05-28-2020,14:45,60471,193,1226
05-28-2020,14:45,60472,59,498
05-28-2020,14:45,60473,354,2373
05-28-2020,14:45,60475,69,596
05-28-2020,14:45,60476,16,160
05-28-2020,14:45,60477,214,1893
05-28-2020,14:45,60478,297,2209
05-28-2020,14:45,60480,31,294
05-28-2020,14:45,60481,22,378
05-28-2020,14:45,60482,81,547
05-28-2020,14:45,60484,106,594
05-28-2020,14:45,60487,124,1176
05-28-2020,14:45,60490,131,1221
05-28-2020,14:45,60491,120,855
05-28-2020,14:45,60501,244,945
05-28-2020,14:45,60502,90,915
05-28-2020,14:45,60503,56,546
05-28-2020,14:45,60504,299,1882
05-28-2020,14:45,60505,1736,5965
05-28-2020,14:45,60506,925,4772
05-28-2020,14:45,60510,89,1245
05-28-2020,14:45,60513,146,1448
05-28-2020,14:45,60514,40,480
05-28-2020,14:45,60515,88,1041
05-28-2020,14:45,60516,109,1151
05-28-2020,14:45,60517,198,1723
05-28-2020,14:45,60520,8,108
05-28-2020,14:45,60521,180,1028
05-28-2020,14:45,60523,96,638
05-28-2020,14:45,60525,253,2142
05-28-2020,14:45,60526,77,1168
05-28-2020,14:45,60527,215,1823
05-28-2020,14:45,60532,113,1227
05-28-2020,14:45,60534,153,846
05-28-2020,14:45,60538,271,1575
05-28-2020,14:45,60540,118,1633
05-28-2020,14:45,60541,8,87
05-28-2020,14:45,60542,149,1062
05-28-2020,14:45,60543,229,1623
05-28-2020,14:45,60544,156,1528
05-28-2020,14:45,60545,135,868
05-28-2020,14:45,60546,151,1715
05-28-2020,14:45,60548,70,567
05-28-2020,14:45,60551,22,101
05-28-2020,14:45,60552,7,143
05-28-2020,14:45,60554,35,499
05-28-2020,14:45,60555,116,795
05-28-2020,14:45,60558,43,573
05-28-2020,14:45,60559,293,1589
05-28-2020,14:45,60560,87,940
05-28-2020,14:45,60561,108,1170
05-28-2020,14:45,60563,172,1752
05-28-2020,14:45,60564,124,1432
05-28-2020,14:45,60565,172,1374
05-28-2020,14:45,60585,83,890
05-28-2020,14:45,60586,318,2486
05-28-2020,14:45,60601,69,726
05-28-2020,14:45,60602,14,148
05-28-2020,14:45,60603,9,73
05-28-2020,14:45,60604,19,114
05-28-2020,14:45,60605,164,1545
05-28-2020,14:45,60606,50,556
05-28-2020,14:45,60607,422,1947
05-28-2020,14:45,60608,1518,6043
05-28-2020,14:45,60609,1564,5539
05-28-2020,14:45,60610,234,2371
05-28-2020,14:45,60611,137,2412
05-28-2020,14:45,60612,631,3761
05-28-2020,14:45,60613,352,2355
05-28-2020,14:45,60614,466,4051
05-28-2020,14:45,60615,358,3079
05-28-2020,14:45,60616,403,3701
05-28-2020,14:45,60617,1036,7040
05-28-2020,14:45,60618,1140,5884
05-28-2020,14:45,60619,834,7130
05-28-2020,14:45,60620,1031,6746
05-28-2020,14:45,60621,504,2777
05-28-2020,14:45,60622,582,3382
05-28-2020,14:45,60623,2959,8131
05-28-2020,14:45,60624,785,3447
05-28-2020,14:45,60625,1240,5206
05-28-2020,14:45,60626,899,4007
05-28-2020,14:45,60628,959,5739
05-28-2020,14:45,60629,2866,9644
05-28-2020,14:45,60630,721,3804
05-28-2020,14:45,60631,267,2664
05-28-2020,14:45,60632,2738,7822
05-28-2020,14:45,60633,249,1694
05-28-2020,14:45,60634,1320,7365
05-28-2020,14:45,60636,646,2811
05-28-2020,14:45,60637,578,4478
05-28-2020,14:45,60638,1006,5007
05-28-2020,14:45,60639,2944,9405
05-28-2020,14:45,60640,737,4376
05-28-2020,14:45,60641,1311,5696
05-28-2020,14:45,60642,142,1168
05-28-2020,14:45,60643,661,4783
05-28-2020,14:45,60644,1063,4869
05-28-2020,14:45,60645,988,4191
05-28-2020,14:45,60646,349,2261
05-28-2020,14:45,60647,1213,5558
05-28-2020,14:45,60649,699,4669
05-28-2020,14:45,60651,1535,5792
05-28-2020,14:45,60652,827,3725
05-28-2020,14:45,60653,487,3507
05-28-2020,14:45,60654,133,1023
05-28-2020,14:45,60655,258,2518
05-28-2020,14:45,60656,254,2048
05-28-2020,14:45,60657,316,3623
05-28-2020,14:45,60659,671,2644
05-28-2020,14:45,60660,383,2122
05-28-2020,14:45,60661,38,458
05-28-2020,14:45,60706,312,2421
05-28-2020,14:45,60707,713,3908
05-28-2020,14:45,60712,146,847
05-28-2020,14:45,60714,696,2782
05-28-2020,14:45,60803,230,1435
05-28-2020,14:45,60804,2588,8610
05-28-2020,14:45,60805,208,1301
05-28-2020,14:45,60827,332,2106
05-28-2020,14:45,60901,471,2804
05-28-2020,14:45,60911,9,64
05-28-2020,14:45,60912,6,30
05-28-2020,14:45,60914,136,1346
05-28-2020,14:45,60915,51,658
05-28-2020,14:45,60919,6,23
05-28-2020,14:45,60922,11,126
05-28-2020,14:45,60927,47,193
05-28-2020,14:45,60928,7,24
05-28-2020,14:45,60930,6,16
05-28-2020,14:45,60938,6,56
05-28-2020,14:45,60940,6,119
05-28-2020,14:45,60941,6,67
05-28-2020,14:45,60950,70,739
05-28-2020,14:45,60954,28,454
05-28-2020,14:45,60955,11,66
05-28-2020,14:45,60957,7,207
05-28-2020,14:45,60958,19,104
05-28-2020,14:45,60964,29,239
05-28-2020,14:45,60970,12,257
05-28-2020,14:45,61008,359,1965
05-28-2020,14:45,61010,11,214
05-28-2020,14:45,61011,7,89
05-28-2020,14:45,61012,16,84
05-28-2020,14:45,61016,29,285
05-28-2020,14:45,61020,11,157
05-28-2020,14:45,61021,70,965
05-28-2020,14:45,61032,174,1842
05-28-2020,14:45,61036,11,265
05-28-2020,14:45,61054,7,145
05-28-2020,14:45,61061,10,190
05-28-2020,14:45,61063,6,131
05-28-2020,14:45,61064,10,103
05-28-2020,14:45,61065,39,451
05-28-2020,14:45,61068,129,1078
05-28-2020,14:45,61071,29,267
05-28-2020,14:45,61072,25,379
05-28-2020,14:45,61073,48,728
05-28-2020,14:45,61080,43,356
05-28-2020,14:45,61081,66,494
05-28-2020,14:45,61084,9,74
05-28-2020,14:45,61088,10,239
05-28-2020,14:45,61101,246,1772
05-28-2020,14:45,61102,208,1489
05-28-2020,14:45,61103,217,1981
05-28-2020,14:45,61104,236,1351
05-28-2020,14:45,61107,181,2176
05-28-2020,14:45,61108,292,2046
05-28-2020,14:45,61109,226,1819
05-28-2020,14:45,61111,86,1270
05-28-2020,14:45,61114,89,1030
05-28-2020,14:45,61115,93,1109
05-28-2020,14:45,61201,180,1218
05-28-2020,14:45,61235,8,68
05-28-2020,14:45,61239,8,44
05-28-2020,14:45,61240,11,156
05-28-2020,14:45,61241,15,235
05-28-2020,14:45,61244,158,1183
05-28-2020,14:45,61252,22,118
05-28-2020,14:45,61254,8,343
05-28-2020,14:45,61256,6,62
05-28-2020,14:45,61264,22,346
05-28-2020,14:45,61265,197,1723
05-28-2020,14:45,61270,7,140
05-28-2020,14:45,61275,10,107
05-28-2020,14:45,61282,39,303
05-28-2020,14:45,61341,36,315
05-28-2020,14:45,61342,15,178
05-28-2020,14:45,61350,18,526
05-28-2020,14:45,61356,6,293
05-28-2020,14:45,61401,84,1300
05-28-2020,14:45,61410,6,86
05-28-2020,14:45,61443,17,341
05-28-2020,14:45,61455,71,704
05-28-2020,14:45,61462,103,578
05-28-2020,14:45,61469,7,102
05-28-2020,14:45,61525,8,295
05-28-2020,14:45,61548,7,309
05-28-2020,14:45,61550,6,594
05-28-2020,14:45,61554,23,1651
05-28-2020,14:45,61571,6,754
05-28-2020,14:45,61603,28,944
05-28-2020,14:45,61604,32,1512
05-28-2020,14:45,61605,23,765
05-28-2020,14:45,61610,6,201
05-28-2020,14:45,61611,18,886
05-28-2020,14:45,61614,49,1277
05-28-2020,14:45,61615,26,996
05-28-2020,14:45,61701,46,1889
05-28-2020,14:45,61704,81,1518
05-28-2020,14:45,61705,15,617
05-28-2020,14:45,61761,50,1758
05-28-2020,14:45,61764,17,367
05-28-2020,14:45,61801,40,1069
05-28-2020,14:45,61802,91,1356
05-28-2020,14:45,61820,102,1266
05-28-2020,14:45,61821,109,1859
05-28-2020,14:45,61822,47,1322
05-28-2020,14:45,61832,21,980
05-28-2020,14:45,61853,12,693
05-28-2020,14:45,61856,7,295
05-28-2020,14:45,61866,151,1479
05-28-2020,14:45,61874,15,528
05-28-2020,14:45,61910,6,207
05-28-2020,14:45,61920,88,1105
05-28-2020,14:45,61938,26,991
05-28-2020,14:45,61951,7,195
05-28-2020,14:45,61953,13,255
05-28-2020,14:45,62002,90,597
05-28-2020,14:45,62010,14,143
05-28-2020,14:45,62012,6,176
05-28-2020,14:45,62018,8,69
05-28-2020,14:45,62024,9,123
05-28-2020,14:45,62025,108,673
05-28-2020,14:45,62034,64,259
05-28-2020,14:45,62035,20,237
05-28-2020,14:45,62040,74,660
05-28-2020,14:45,62052,14,120
05-28-2020,14:45,62056,13,369
05-28-2020,14:45,62059,7,22
05-28-2020,14:45,62060,22,94
05-28-2020,14:45,62062,8,492
05-28-2020,14:45,62069,9,101
05-28-2020,14:45,62088,6,336
05-28-2020,14:45,62090,11,27
05-28-2020,14:45,62095,22,167
05-28-2020,14:45,62201,16,122
05-28-2020,14:45,62203,38,246
05-28-2020,14:45,62204,45,251
05-28-2020,14:45,62205,44,317
05-28-2020,14:45,62206,97,444
05-28-2020,14:45,62207,68,231
05-28-2020,14:45,62208,69,393
05-28-2020,14:45,62220,131,404
05-28-2020,14:45,62221,101,598
05-28-2020,14:45,62223,48,356
05-28-2020,14:45,62226,128,808
05-28-2020,14:45,62230,9,159
05-28-2020,14:45,62231,76,342
05-28-2020,14:45,62232,19,290
05-28-2020,14:45,62233,98,430
05-28-2020,14:45,62234,58,584
05-28-2020,14:45,62236,41,156
05-28-2020,14:45,62237,6,212
05-28-2020,14:45,62238,6,35
05-28-2020,14:45,62239,13,67
05-28-2020,14:45,62243,8,57
05-28-2020,14:45,62246,7,190
05-28-2020,14:45,62249,13,227
05-28-2020,14:45,62254,28,157
05-28-2020,14:45,62257,10,76
05-28-2020,14:45,62258,16,205
05-28-2020,14:45,62260,7,59
05-28-2020,14:45,62264,38,60
05-28-2020,14:45,62265,32,344
05-28-2020,14:45,62269,69,516
05-28-2020,14:45,62272,50,147
05-28-2020,14:45,62274,10,146
05-28-2020,14:45,62278,15,152
05-28-2020,14:45,62285,11,55
05-28-2020,14:45,62286,45,282
05-28-2020,14:45,62288,32,191
05-28-2020,14:45,62293,8,105
05-28-2020,14:45,62294,18,227
05-28-2020,14:45,62295,7,28
05-28-2020,14:45,62298,46,255
05-28-2020,14:45,62301,22,1892
05-28-2020,14:45,62305,15,208
05-28-2020,14:45,62353,7,312
05-28-2020,14:45,62428,7,102
05-28-2020,14:45,62441,7,121
05-28-2020,14:45,62448,36,354
05-28-2020,14:45,62454,8,154
05-28-2020,14:45,62471,17,217
05-28-2020,14:45,62474,6,34
05-28-2020,14:45,62521,109,1142
05-28-2020,14:45,62522,32,332
05-28-2020,14:45,62526,40,940
05-28-2020,14:45,62560,7,77
05-28-2020,14:45,62565,14,331
05-28-2020,14:45,62568,26,522
05-28-2020,14:45,62618,60,568
05-28-2020,14:45,62629,13,739
05-28-2020,14:45,62650,26,1060
05-28-2020,14:45,62656,10,889
05-28-2020,14:45,62664,11,145
05-28-2020,14:45,62675,7,317
05-28-2020,14:45,62681,11,178
05-28-2020,14:45,62684,71,617
05-28-2020,14:45,62702,67,2496
05-28-2020,14:45,62703,62,1976
05-28-2020,14:45,62704,44,2309
05-28-2020,14:45,62707,18,543
05-28-2020,14:45,62711,25,1113
05-28-2020,14:45,62801,61,988
05-28-2020,14:45,62832,16,358
05-28-2020,14:45,62837,7,353
05-28-2020,14:45,62864,83,855
05-28-2020,14:45,62882,11,111
05-28-2020,14:45,62901,130,1103
05-28-2020,14:45,62902,15,159
05-28-2020,14:45,62906,69,577
05-28-2020,14:45,62907,15,74
05-28-2020,14:45,62912,8,51
05-28-2020,14:45,62918,13,347
05-28-2020,14:45,62920,63,289
05-28-2020,14:45,62948,9,409
05-28-2020,14:45,62952,6,126
05-28-2020,14:45,62959,28,863
05-28-2020,14:45,62966,83,698
05-28-2020,14:45,62992,35,126
05-27-2020,14:45,53142,6,230
05-27-2020,14:45,60002,90,789
05-27-2020,14:45,60004,265,3611
05-27-2020,14:45,60005,157,1302
05-27-2020,14:45,60007,259,1436
05-27-2020,14:45,60008,278,1882
05-27-2020,14:45,60010,95,1203
05-27-2020,14:45,60012,70,360
05-27-2020,14:45,60013,76,629
05-27-2020,14:45,60014,197,1642
05-27-2020,14:45,60015,168,1162
05-27-2020,14:45,60016,928,4082
05-27-2020,14:45,60018,509,2049
05-27-2020,14:45,60020,33,441
05-27-2020,14:45,60021,19,143
05-27-2020,14:45,60022,24,323
05-27-2020,14:45,60025,328,2256
05-27-2020,14:45,60026,125,773
05-27-2020,14:45,60029,8,57
05-27-2020,14:45,60030,157,1426
05-27-2020,14:45,60031,289,1884
05-27-2020,14:45,60033,146,628
05-27-2020,14:45,60035,227,1631
05-27-2020,14:45,60040,136,357
05-27-2020,14:45,60041,40,343
05-27-2020,14:45,60042,27,260
05-27-2020,14:45,60043,19,138
05-27-2020,14:45,60044,86,589
05-27-2020,14:45,60045,108,887
05-27-2020,14:45,60046,177,1226
05-27-2020,14:45,60047,279,1285
05-27-2020,14:45,60048,104,936
05-27-2020,14:45,60050,190,1281
05-27-2020,14:45,60051,86,843
05-27-2020,14:45,60053,244,1419
05-27-2020,14:45,60056,537,2695
05-27-2020,14:45,60060,382,1622
05-27-2020,14:45,60061,151,1002
05-27-2020,14:45,60062,273,2326
05-27-2020,14:45,60064,548,1362
05-27-2020,14:45,60067,171,1766
05-27-2020,14:45,60068,267,1579
05-27-2020,14:45,60069,65,419
05-27-2020,14:45,60070,210,946
05-27-2020,14:45,60071,7,124
05-27-2020,14:45,60073,840,3198
05-27-2020,14:45,60074,351,1766
05-27-2020,14:45,60076,444,2415
05-27-2020,14:45,60077,359,1910
05-27-2020,14:45,60079,10,44
05-27-2020,14:45,60081,36,285
05-27-2020,14:45,60083,84,525
05-27-2020,14:45,60084,155,604
05-27-2020,14:45,60085,2168,6296
05-27-2020,14:45,60087,567,2319
05-27-2020,14:45,60088,45,155
05-27-2020,14:45,60089,223,1641
05-27-2020,14:45,60090,644,2684
05-27-2020,14:45,60091,128,1171
05-27-2020,14:45,60093,144,1024
05-27-2020,14:45,60096,34,275
05-27-2020,14:45,60097,38,387
05-27-2020,14:45,60098,263,1384
05-27-2020,14:45,60099,510,2069
05-27-2020,14:45,60101,694,2688
05-27-2020,14:45,60102,132,1028
05-27-2020,14:45,60103,230,1803
05-27-2020,14:45,60104,376,1601
05-27-2020,14:45,60106,450,1747
05-27-2020,14:45,60107,535,2416
05-27-2020,14:45,60108,239,1910
05-27-2020,14:45,60109,10,284
05-27-2020,14:45,60110,574,1951
05-27-2020,14:45,60112,20,195
05-27-2020,14:45,60115,162,1566
05-27-2020,14:45,60118,64,578
05-27-2020,14:45,60119,35,398
05-27-2020,14:45,60120,1105,3798
05-27-2020,14:45,60123,664,3071
05-27-2020,14:45,60124,93,847
05-27-2020,14:45,60126,227,2012
05-27-2020,14:45,60130,124,1315
05-27-2020,14:45,60131,323,1412
05-27-2020,14:45,60133,657,2655
05-27-2020,14:45,60134,124,1041
05-27-2020,14:45,60135,28,314
05-27-2020,14:45,60136,46,292
05-27-2020,14:45,60137,134,1358
05-27-2020,14:45,60139,541,2330
05-27-2020,14:45,60140,76,676
05-27-2020,14:45,60141,17,379
05-27-2020,14:45,60142,81,1038
05-27-2020,14:45,60143,154,758
05-27-2020,14:45,60145,6,82
05-27-2020,14:45,60146,8,90
05-27-2020,14:45,60148,310,2292
05-27-2020,14:45,60151,15,171
05-27-2020,14:45,60152,67,439
05-27-2020,14:45,60153,436,2064
05-27-2020,14:45,60154,188,1374
05-27-2020,14:45,60155,160,649
05-27-2020,14:45,60156,130,964
05-27-2020,14:45,60157,13,96
05-27-2020,14:45,60160,621,2300
05-27-2020,14:45,60162,137,856
05-27-2020,14:45,60163,81,406
05-27-2020,14:45,60164,448,2446
05-27-2020,14:45,60165,160,481
05-27-2020,14:45,60169,319,1538
05-27-2020,14:45,60171,106,670
05-27-2020,14:45,60172,204,1113
05-27-2020,14:45,60173,81,424
05-27-2020,14:45,60174,148,1690
05-27-2020,14:45,60175,69,891
05-27-2020,14:45,60176,128,650
05-27-2020,14:45,60177,228,1096
05-27-2020,14:45,60178,39,696
05-27-2020,14:45,60181,217,1401
05-27-2020,14:45,60184,6,98
05-27-2020,14:45,60185,668,2690
05-27-2020,14:45,60187,106,1294
05-27-2020,14:45,60188,430,2347
05-27-2020,14:45,60189,91,1087
05-27-2020,14:45,60190,37,569
05-27-2020,14:45,60191,191,832
05-27-2020,14:45,60192,41,453
05-27-2020,14:45,60193,210,1522
05-27-2020,14:45,60194,118,930
05-27-2020,14:45,60195,14,130
05-27-2020,14:45,60201,306,2415
05-27-2020,14:45,60202,384,2175
05-27-2020,14:45,60203,24,233
05-27-2020,14:45,60301,22,183
05-27-2020,14:45,60302,199,1999
05-27-2020,14:45,60304,70,840
05-27-2020,14:45,60305,47,524
05-27-2020,14:45,60401,37,469
05-27-2020,14:45,60402,1218,5491
05-27-2020,14:45,60403,178,1195
05-27-2020,14:45,60404,95,1029
05-27-2020,14:45,60406,439,2441
05-27-2020,14:45,60408,15,189
05-27-2020,14:45,60409,518,3264
05-27-2020,14:45,60410,42,530
05-27-2020,14:45,60411,808,4933
05-27-2020,14:45,60415,170,817
05-27-2020,14:45,60416,7,194
05-27-2020,14:45,60417,132,1048
05-27-2020,14:45,60418,92,458
05-27-2020,14:45,60419,338,2179
05-27-2020,14:45,60420,6,116
05-27-2020,14:45,60421,12,141
05-27-2020,14:45,60422,78,763
05-27-2020,14:45,60423,122,1259
05-27-2020,14:45,60425,153,1032
05-27-2020,14:45,60426,413,2597
05-27-2020,14:45,60428,185,1317
05-27-2020,14:45,60429,210,1876
05-27-2020,14:45,60430,253,1663
05-27-2020,14:45,60431,185,1655
05-27-2020,14:45,60432,371,1534
05-27-2020,14:45,60433,259,1175
05-27-2020,14:45,60434,161,210
05-27-2020,14:45,60435,598,3787
05-27-2020,14:45,60436,193,1334
05-27-2020,14:45,60438,335,2105
05-27-2020,14:45,60439,83,948
05-27-2020,14:45,60440,780,4477
05-27-2020,14:45,60441,182,1439
05-27-2020,14:45,60442,37,386
05-27-2020,14:45,60443,328,2036
05-27-2020,14:45,60445,140,1244
05-27-2020,14:45,60446,450,2841
05-27-2020,14:45,60447,43,537
05-27-2020,14:45,60448,118,875
05-27-2020,14:45,60449,67,582
05-27-2020,14:45,60450,30,508
05-27-2020,14:45,60451,98,1190
05-27-2020,14:45,60452,199,1577
05-27-2020,14:45,60453,669,3614
05-27-2020,14:45,60455,274,1307
05-27-2020,14:45,60456,46,285
05-27-2020,14:45,60457,108,636
05-27-2020,14:45,60458,124,864
05-27-2020,14:45,60459,355,2025
05-27-2020,14:45,60461,54,465
05-27-2020,14:45,60462,276,1995
05-27-2020,14:45,60463,221,894
05-27-2020,14:45,60464,42,423
05-27-2020,14:45,60465,218,947
05-27-2020,14:45,60466,453,2490
05-27-2020,14:45,60467,153,1088
05-27-2020,14:45,60468,29,235
05-27-2020,14:45,60469,70,495
05-27-2020,14:45,60471,192,1212
05-27-2020,14:45,60472,57,488
05-27-2020,14:45,60473,352,2318
05-27-2020,14:45,60475,67,581
05-27-2020,14:45,60476,16,156
05-27-2020,14:45,60477,214,1848
05-27-2020,14:45,60478,296,2184
05-27-2020,14:45,60480,29,288
05-27-2020,14:45,60481,22,369
05-27-2020,14:45,60482,81,537
05-27-2020,14:45,60484,106,586
05-27-2020,14:45,60487,123,1144
05-27-2020,14:45,60490,131,1186
05-27-2020,14:45,60491,119,834
05-27-2020,14:45,60501,241,929
05-27-2020,14:45,60502,85,886
05-27-2020,14:45,60503,55,528
05-27-2020,14:45,60504,297,1813
05-27-2020,14:45,60505,1677,5749
05-27-2020,14:45,60506,907,4644
05-27-2020,14:45,60510,89,1201
05-27-2020,14:45,60513,146,1426
05-27-2020,14:45,60514,39,470
05-27-2020,14:45,60515,86,1014
05-27-2020,14:45,60516,109,1123
05-27-2020,14:45,60517,198,1678
05-27-2020,14:45,60520,8,106
05-27-2020,14:45,60521,181,1005
05-27-2020,14:45,60523,95,630
05-27-2020,14:45,60525,251,2100
05-27-2020,14:45,60526,77,1131
05-27-2020,14:45,60527,211,1778
05-27-2020,14:45,60532,109,1195
05-27-2020,14:45,60534,152,824
05-27-2020,14:45,60538,264,1510
05-27-2020,14:45,60540,117,1585
05-27-2020,14:45,60541,8,82
05-27-2020,14:45,60542,131,1024
05-27-2020,14:45,60543,224,1571
05-27-2020,14:45,60544,155,1493
05-27-2020,14:45,60545,134,838
05-27-2020,14:45,60546,150,1686
05-27-2020,14:45,60548,69,539
05-27-2020,14:45,60551,22,100
05-27-2020,14:45,60552,6,138
05-27-2020,14:45,60554,35,470
05-27-2020,14:45,60555,115,782
05-27-2020,14:45,60558,42,562
05-27-2020,14:45,60559,288,1546
05-27-2020,14:45,60560,85,900
05-27-2020,14:45,60561,106,1131
05-27-2020,14:45,60563,169,1717
05-27-2020,14:45,60564,119,1395
05-27-2020,14:45,60565,171,1339
05-27-2020,14:45,60585,83,861
05-27-2020,14:45,60586,314,2437
05-27-2020,14:45,60601,68,706
05-27-2020,14:45,60602,16,144
05-27-2020,14:45,60603,9,71
05-27-2020,14:45,60604,19,111
05-27-2020,14:45,60605,164,1511
05-27-2020,14:45,60606,51,537
05-27-2020,14:45,60607,420,1906
05-27-2020,14:45,60608,1509,5932
05-27-2020,14:45,60609,1552,5418
05-27-2020,14:45,60610,233,2283
05-27-2020,14:45,60611,130,2325
05-27-2020,14:45,60612,630,3700
05-27-2020,14:45,60613,349,2304
05-27-2020,14:45,60614,461,3984
05-27-2020,14:45,60615,352,3013
05-27-2020,14:45,60616,398,3540
05-27-2020,14:45,60617,1020,6881
05-27-2020,14:45,60618,1121,5663
05-27-2020,14:45,60619,825,6980
05-27-2020,14:45,60620,1026,6613
05-27-2020,14:45,60621,500,2719
05-27-2020,14:45,60622,569,3314
05-27-2020,14:45,60623,2937,7995
05-27-2020,14:45,60624,778,3374
05-27-2020,14:45,60625,1221,5040
05-27-2020,14:45,60626,893,3926
05-27-2020,14:45,60628,950,5612
05-27-2020,14:45,60629,2836,9446
05-27-2020,14:45,60630,714,3703
05-27-2020,14:45,60631,268,2586
05-27-2020,14:45,60632,2721,7680
05-27-2020,14:45,60633,247,1677
05-27-2020,14:45,60634,1299,7177
05-27-2020,14:45,60636,641,2744
05-27-2020,14:45,60637,572,4383
05-27-2020,14:45,60638,1000,4912
05-27-2020,14:45,60639,2914,9213
05-27-2020,14:45,60640,734,4208
05-27-2020,14:45,60641,1295,5534
05-27-2020,14:45,60642,141,1137
05-27-2020,14:45,60643,653,4694
05-27-2020,14:45,60644,1054,4756
05-27-2020,14:45,60645,982,4108
05-27-2020,14:45,60646,346,2216
05-27-2020,14:45,60647,1197,5417
05-27-2020,14:45,60649,693,4564
05-27-2020,14:45,60651,1509,5654
05-27-2020,14:45,60652,813,3653
05-27-2020,14:45,60653,486,3430
05-27-2020,14:45,60654,134,991
05-27-2020,14:45,60655,254,2437
05-27-2020,14:45,60656,249,1985
05-27-2020,14:45,60657,313,3542
05-27-2020,14:45,60659,658,2585
05-27-2020,14:45,60660,379,2043
05-27-2020,14:45,60661,38,454
05-27-2020,14:45,60706,311,2320
05-27-2020,14:45,60707,708,3816
05-27-2020,14:45,60712,145,834
05-27-2020,14:45,60714,684,2685
05-27-2020,14:45,60803,227,1396
05-27-2020,14:45,60804,2558,8406
05-27-2020,14:45,60805,208,1283
05-27-2020,14:45,60827,328,2069
05-27-2020,14:45,60901,458,2740
05-27-2020,14:45,60911,9,64
05-27-2020,14:45,60912,6,30
05-27-2020,14:45,60914,130,1322
05-27-2020,14:45,60915,50,646
05-27-2020,14:45,60919,6,23
05-27-2020,14:45,60922,11,124
05-27-2020,14:45,60927,47,192
05-27-2020,14:45,60928,7,23
05-27-2020,14:45,60930,6,16
05-27-2020,14:45,60938,6,56
05-27-2020,14:45,60940,6,118
05-27-2020,14:45,60941,6,67
05-27-2020,14:45,60942,6,218
05-27-2020,14:45,60950,65,733
05-27-2020,14:45,60954,26,414
05-27-2020,14:45,60955,11,63
05-27-2020,14:45,60957,7,198
05-27-2020,14:45,60958,19,104
05-27-2020,14:45,60964,28,225
05-27-2020,14:45,60970,12,246
05-27-2020,14:45,61008,348,1914
05-27-2020,14:45,61010,11,206
05-27-2020,14:45,61011,7,87
05-27-2020,14:45,61012,14,75
05-27-2020,14:45,61016,29,279
05-27-2020,14:45,61020,11,151
05-27-2020,14:45,61021,67,925
05-27-2020,14:45,61032,169,1814
05-27-2020,14:45,61036,10,254
05-27-2020,14:45,61054,7,142
05-27-2020,14:45,61061,10,188
05-27-2020,14:45,61063,6,127
05-27-2020,14:45,61064,10,102
05-27-2020,14:45,61065,38,434
05-27-2020,14:45,61068,124,1036
05-27-2020,14:45,61071,29,259
05-27-2020,14:45,61072,25,374
05-27-2020,14:45,61073,47,707
05-27-2020,14:45,61080,41,344
05-27-2020,14:45,61081,66,477
05-27-2020,14:45,61084,7,69
05-27-2020,14:45,61088,10,231
05-27-2020,14:45,61101,230,1712
05-27-2020,14:45,61102,202,1446
05-27-2020,14:45,61103,211,1937
05-27-2020,14:45,61104,223,1308
05-27-2020,14:45,61107,175,2116
05-27-2020,14:45,61108,278,1963
05-27-2020,14:45,61109,217,1773
05-27-2020,14:45,61111,81,1234
05-27-2020,14:45,61114,89,1011
05-27-2020,14:45,61115,90,1079
05-27-2020,14:45,61201,179,1192
05-27-2020,14:45,61235,8,65
05-27-2020,14:45,61239,8,41
05-27-2020,14:45,61240,11,151
05-27-2020,14:45,61241,15,231
05-27-2020,14:45,61244,158,1052
05-27-2020,14:45,61252,22,116
05-27-2020,14:45,61254,8,332
05-27-2020,14:45,61256,6,61
05-27-2020,14:45,61264,22,334
05-27-2020,14:45,61265,197,1680
05-27-2020,14:45,61270,7,136
05-27-2020,14:45,61275,10,102
05-27-2020,14:45,61282,39,297
05-27-2020,14:45,61341,36,310
05-27-2020,14:45,61342,15,175
05-27-2020,14:45,61350,18,511
05-27-2020,14:45,61356,6,286
05-27-2020,14:45,61401,82,1266
05-27-2020,14:45,61410,6,86
05-27-2020,14:45,61443,17,339
05-27-2020,14:45,61455,70,692
05-27-2020,14:45,61462,103,572
05-27-2020,14:45,61469,7,99
05-27-2020,14:45,61525,8,285
05-27-2020,14:45,61548,7,303
05-27-2020,14:45,61550,6,581
05-27-2020,14:45,61554,22,1600
05-27-2020,14:45,61571,6,725
05-27-2020,14:45,61603,28,925
05-27-2020,14:45,61604,32,1470
05-27-2020,14:45,61605,22,743
05-27-2020,14:45,61610,6,187
05-27-2020,14:45,61611,18,868
05-27-2020,14:45,61614,47,1243
05-27-2020,14:45,61615,26,963
05-27-2020,14:45,61701,47,1828
05-27-2020,14:45,61704,80,1456
05-27-2020,14:45,61705,15,600
05-27-2020,14:45,61761,49,1691
05-27-2020,14:45,61764,16,349
05-27-2020,14:45,61801,38,1027
05-27-2020,14:45,61802,84,1303
05-27-2020,14:45,61820,101,1218
05-27-2020,14:45,61821,107,1791
05-27-2020,14:45,61822,47,1274
05-27-2020,14:45,61832,20,937
05-27-2020,14:45,61853,12,662
05-27-2020,14:45,61856,7,277
05-27-2020,14:45,61866,148,1435
05-27-2020,14:45,61874,15,515
05-27-2020,14:45,61910,6,204
05-27-2020,14:45,61920,86,1068
05-27-2020,14:45,61938,25,940
05-27-2020,14:45,61951,7,187
05-27-2020,14:45,61953,13,250
05-27-2020,14:45,62002,88,594
05-27-2020,14:45,62010,14,141
05-27-2020,14:45,62012,6,173
05-27-2020,14:45,62018,8,69
05-27-2020,14:45,62024,9,122
05-27-2020,14:45,62025,107,672
05-27-2020,14:45,62034,63,257
05-27-2020,14:45,62035,20,236
05-27-2020,14:45,62040,75,652
05-27-2020,14:45,62052,14,118
05-27-2020,14:45,62056,13,366
05-27-2020,14:45,62059,7,22
05-27-2020,14:45,62060,22,92
05-27-2020,14:45,62062,8,488
05-27-2020,14:45,62069,8,99
05-27-2020,14:45,62088,6,336
05-27-2020,14:45,62090,11,27
05-27-2020,14:45,62095,22,165
05-27-2020,14:45,62201,15,121
05-27-2020,14:45,62203,36,239
05-27-2020,14:45,62204,43,247
05-27-2020,14:45,62205,44,305
05-27-2020,14:45,62206,94,434
05-27-2020,14:45,62207,67,223
05-27-2020,14:45,62208,67,377
05-27-2020,14:45,62220,130,391
05-27-2020,14:45,62221,99,580
05-27-2020,14:45,62223,48,346
05-27-2020,14:45,62226,128,792
05-27-2020,14:45,62230,8,157
05-27-2020,14:45,62231,75,334
05-27-2020,14:45,62232,19,288
05-27-2020,14:45,62233,98,418
05-27-2020,14:45,62234,58,563
05-27-2020,14:45,62236,41,154
05-27-2020,14:45,62237,6,211
05-27-2020,14:45,62238,6,34
05-27-2020,14:45,62239,13,62
05-27-2020,14:45,62243,8,54
05-27-2020,14:45,62249,13,220
05-27-2020,14:45,62254,27,151
05-27-2020,14:45,62257,8,74
05-27-2020,14:45,62258,16,199
05-27-2020,14:45,62260,6,51
05-27-2020,14:45,62264,36,48
05-27-2020,14:45,62265,32,341
05-27-2020,14:45,62269,69,509
05-27-2020,14:45,62272,49,144
05-27-2020,14:45,62274,10,143
05-27-2020,14:45,62278,15,149
05-27-2020,14:45,62285,10,53
05-27-2020,14:45,62286,43,276
05-27-2020,14:45,62288,32,187
05-27-2020,14:45,62293,8,104
05-27-2020,14:45,62294,18,222
05-27-2020,14:45,62295,7,27
05-27-2020,14:45,62298,46,248
05-27-2020,14:45,62301,22,1885
05-27-2020,14:45,62305,15,207
05-27-2020,14:45,62353,7,302
05-27-2020,14:45,62428,7,100
05-27-2020,14:45,62441,6,119
05-27-2020,14:45,62448,36,352
05-27-2020,14:45,62454,8,154
05-27-2020,14:45,62471,17,206
05-27-2020,14:45,62521,108,1116
05-27-2020,14:45,62522,31,316
05-27-2020,14:45,62526,39,905
05-27-2020,14:45,62560,7,70
05-27-2020,14:45,62565,14,327
05-27-2020,14:45,62568,26,491
05-27-2020,14:45,62618,59,565
05-27-2020,14:45,62629,13,708
05-27-2020,14:45,62650,26,1008
05-27-2020,14:45,62656,10,851
05-27-2020,14:45,62664,11,136
05-27-2020,14:45,62675,6,307
05-27-2020,14:45,62681,11,177
05-27-2020,14:45,62684,71,573
05-27-2020,14:45,62702,67,2383
05-27-2020,14:45,62703,60,1870
05-27-2020,14:45,62704,41,2166
05-27-2020,14:45,62707,18,516
05-27-2020,14:45,62711,25,1069
05-27-2020,14:45,62801,61,893
05-27-2020,14:45,62832,16,342
05-27-2020,14:45,62837,7,342
05-27-2020,14:45,62864,83,838
05-27-2020,14:45,62882,11,111
05-27-2020,14:45,62901,124,1019
05-27-2020,14:45,62902,13,148
05-27-2020,14:45,62906,66,559
05-27-2020,14:45,62907,14,70
05-27-2020,14:45,62912,8,48
05-27-2020,14:45,62918,13,330
05-27-2020,14:45,62920,60,283
05-27-2020,14:45,62948,8,390
05-27-2020,14:45,62959,27,838
05-27-2020,14:45,62966,78,631
05-27-2020,14:45,62992,35,119
05-26-2020,14:45,53142,6,219
05-26-2020,14:45,60002,84,768
05-26-2020,14:45,60004,263,3482
05-26-2020,14:45,60005,152,1239
05-26-2020,14:45,60007,256,1381
05-26-2020,14:45,60008,273,1749
05-26-2020,14:45,60010,93,1155
05-26-2020,14:45,60012,70,346
05-26-2020,14:45,60013,74,615
05-26-2020,14:45,60014,193,1598
05-26-2020,14:45,60015,158,1136
05-26-2020,14:45,60016,921,4004
05-26-2020,14:45,60018,510,1999
05-26-2020,14:45,60020,33,432
05-26-2020,14:45,60021,18,141
05-26-2020,14:45,60022,24,317
05-26-2020,14:45,60025,325,2219
05-26-2020,14:45,60026,125,759
05-26-2020,14:45,60029,7,53
05-26-2020,14:45,60030,155,1394
05-26-2020,14:45,60031,255,1810
05-26-2020,14:45,60033,145,623
05-26-2020,14:45,60035,224,1571
05-26-2020,14:45,60040,129,355
05-26-2020,14:45,60041,40,336
05-26-2020,14:45,60042,27,255
05-26-2020,14:45,60043,18,132
05-26-2020,14:45,60044,86,581
05-26-2020,14:45,60045,108,876
05-26-2020,14:45,60046,176,1199
05-26-2020,14:45,60047,265,1260
05-26-2020,14:45,60048,101,910
05-26-2020,14:45,60050,182,1246
05-26-2020,14:45,60051,85,830
05-26-2020,14:45,60053,242,1399
05-26-2020,14:45,60056,530,2623
05-26-2020,14:45,60060,380,1591
05-26-2020,14:45,60061,153,988
05-26-2020,14:45,60062,274,2293
05-26-2020,14:45,60064,545,1355
05-26-2020,14:45,60067,163,1642
05-26-2020,14:45,60068,268,1558
05-26-2020,14:45,60069,66,411
05-26-2020,14:45,60070,207,918
05-26-2020,14:45,60071,7,119
05-26-2020,14:45,60073,827,3151
05-26-2020,14:45,60074,338,1672
05-26-2020,14:45,60076,442,2375
05-26-2020,14:45,60077,358,1872
05-26-2020,14:45,60079,10,44
05-26-2020,14:45,60081,35,280
05-26-2020,14:45,60083,84,522
05-26-2020,14:45,60084,156,596
05-26-2020,14:45,60085,2150,6249
05-26-2020,14:45,60087,562,2300
05-26-2020,14:45,60088,45,154
05-26-2020,14:45,60089,223,1598
05-26-2020,14:45,60090,634,2604
05-26-2020,14:45,60091,124,1152
05-26-2020,14:45,60093,144,1010
05-26-2020,14:45,60096,34,271
05-26-2020,14:45,60097,38,377
05-26-2020,14:45,60098,262,1360
05-26-2020,14:45,60099,505,2046
05-26-2020,14:45,60101,689,2635
05-26-2020,14:45,60102,132,1006
05-26-2020,14:45,60103,228,1765
05-26-2020,14:45,60104,370,1577
05-26-2020,14:45,60106,444,1716
05-26-2020,14:45,60107,527,2351
05-26-2020,14:45,60108,231,1853
05-26-2020,14:45,60109,10,284
05-26-2020,14:45,60110,561,1927
05-26-2020,14:45,60112,20,191
05-26-2020,14:45,60115,161,1519
05-26-2020,14:45,60118,63,571
05-26-2020,14:45,60119,37,388
05-26-2020,14:45,60120,1082,3733
05-26-2020,14:45,60123,651,3001
05-26-2020,14:45,60124,93,832
05-26-2020,14:45,60126,225,1960
05-26-2020,14:45,60130,122,1298
05-26-2020,14:45,60131,323,1393
05-26-2020,14:45,60133,654,2580
05-26-2020,14:45,60134,119,1022
05-26-2020,14:45,60135,27,305
05-26-2020,14:45,60136,45,289
05-26-2020,14:45,60137,134,1331
05-26-2020,14:45,60139,539,2296
05-26-2020,14:45,60140,75,665
05-26-2020,14:45,60141,17,376
05-26-2020,14:45,60142,79,1012
05-26-2020,14:45,60143,155,742
05-26-2020,14:45,60145,6,80
05-26-2020,14:45,60146,8,85
05-26-2020,14:45,60148,305,2245
05-26-2020,14:45,60151,15,168
05-26-2020,14:45,60152,67,433
05-26-2020,14:45,60153,429,2030
05-26-2020,14:45,60154,185,1361
05-26-2020,14:45,60155,160,641
05-26-2020,14:45,60156,127,940
05-26-2020,14:45,60157,13,94
05-26-2020,14:45,60160,612,2268
05-26-2020,14:45,60162,136,836
05-26-2020,14:45,60163,82,402
05-26-2020,14:45,60164,440,2334
05-26-2020,14:45,60165,160,474
05-26-2020,14:45,60169,314,1487
05-26-2020,14:45,60171,105,657
05-26-2020,14:45,60172,205,1079
05-26-2020,14:45,60173,77,397
05-26-2020,14:45,60174,149,1664
05-26-2020,14:45,60175,70,869
05-26-2020,14:45,60176,127,641
05-26-2020,14:45,60177,227,1069
05-26-2020,14:45,60178,39,662
05-26-2020,14:45,60181,215,1368
05-26-2020,14:45,60184,6,94
05-26-2020,14:45,60185,661,2647
05-26-2020,14:45,60187,105,1249
05-26-2020,14:45,60188,426,2309
05-26-2020,14:45,60189,89,1059
05-26-2020,14:45,60190,37,557
05-26-2020,14:45,60191,189,801
05-26-2020,14:45,60192,41,434
05-26-2020,14:45,60193,204,1438
05-26-2020,14:45,60194,114,891
05-26-2020,14:45,60195,13,128
05-26-2020,14:45,60201,303,2377
05-26-2020,14:45,60202,374,2129
05-26-2020,14:45,60203,24,229
05-26-2020,14:45,60301,22,180
05-26-2020,14:45,60302,198,1960
05-26-2020,14:45,60304,69,830
05-26-2020,14:45,60305,46,516
05-26-2020,14:45,60401,37,462
05-26-2020,14:45,60402,1208,5403
05-26-2020,14:45,60403,179,1177
05-26-2020,14:45,60404,94,1005
05-26-2020,14:45,60406,437,2399
05-26-2020,14:45,60408,15,183
05-26-2020,14:45,60409,509,3204
05-26-2020,14:45,60410,41,519
05-26-2020,14:45,60411,799,4755
05-26-2020,14:45,60415,170,810
05-26-2020,14:45,60416,7,190
05-26-2020,14:45,60417,129,1025
05-26-2020,14:45,60418,88,447
05-26-2020,14:45,60419,325,2126
05-26-2020,14:45,60420,6,113
05-26-2020,14:45,60421,12,137
05-26-2020,14:45,60422,78,746
05-26-2020,14:45,60423,120,1230
05-26-2020,14:45,60425,154,1020
05-26-2020,14:45,60426,408,2552
05-26-2020,14:45,60428,184,1286
05-26-2020,14:45,60429,206,1709
05-26-2020,14:45,60430,253,1615
05-26-2020,14:45,60431,183,1624
05-26-2020,14:45,60432,364,1508
05-26-2020,14:45,60433,255,1143
05-26-2020,14:45,60434,160,205
05-26-2020,14:45,60435,596,3722
05-26-2020,14:45,60436,190,1309
05-26-2020,14:45,60438,327,2051
05-26-2020,14:45,60439,83,933
05-26-2020,14:45,60440,776,4398
05-26-2020,14:45,60441,181,1407
05-26-2020,14:45,60442,37,384
05-26-2020,14:45,60443,326,1993
05-26-2020,14:45,60445,139,1193
05-26-2020,14:45,60446,443,2784
05-26-2020,14:45,60447,44,532
05-26-2020,14:45,60448,118,861
05-26-2020,14:45,60449,67,573
05-26-2020,14:45,60450,30,495
05-26-2020,14:45,60451,97,1180
05-26-2020,14:45,60452,196,1536
05-26-2020,14:45,60453,659,3544
05-26-2020,14:45,60455,273,1298
05-26-2020,14:45,60456,46,283
05-26-2020,14:45,60457,108,620
05-26-2020,14:45,60458,121,851
05-26-2020,14:45,60459,354,1993
05-26-2020,14:45,60461,52,456
05-26-2020,14:45,60462,272,1962
05-26-2020,14:45,60463,218,888
05-26-2020,14:45,60464,42,417
05-26-2020,14:45,60465,218,935
05-26-2020,14:45,60466,451,2461
05-26-2020,14:45,60467,153,1069
05-26-2020,14:45,60468,29,231
05-26-2020,14:45,60469,72,489
05-26-2020,14:45,60471,192,1182
05-26-2020,14:45,60472,57,480
05-26-2020,14:45,60473,347,2262
05-26-2020,14:45,60475,68,567
05-26-2020,14:45,60476,16,156
05-26-2020,14:45,60477,212,1815
05-26-2020,14:45,60478,292,2147
05-26-2020,14:45,60480,29,277
05-26-2020,14:45,60481,22,365
05-26-2020,14:45,60482,81,532
05-26-2020,14:45,60484,106,579
05-26-2020,14:45,60487,123,1128
05-26-2020,14:45,60490,131,1170
05-26-2020,14:45,60491,118,816
05-26-2020,14:45,60501,239,916
05-26-2020,14:45,60502,85,880
05-26-2020,14:45,60503,55,523
05-26-2020,14:45,60504,297,1798
05-26-2020,14:45,60505,1650,5656
05-26-2020,14:45,60506,893,4556
05-26-2020,14:45,60510,92,1174
05-26-2020,14:45,60513,143,1399
05-26-2020,14:45,60514,39,464
05-26-2020,14:45,60515,85,1002
05-26-2020,14:45,60516,110,1099
05-26-2020,14:45,60517,198,1641
05-26-2020,14:45,60520,8,105
05-26-2020,14:45,60521,180,990
05-26-2020,14:45,60523,95,617
05-26-2020,14:45,60525,246,2055
05-26-2020,14:45,60526,76,1093
05-26-2020,14:45,60527,210,1743
05-26-2020,14:45,60532,108,1167
05-26-2020,14:45,60534,145,796
05-26-2020,14:45,60538,263,1488
05-26-2020,14:45,60540,118,1555
05-26-2020,14:45,60541,8,80
05-26-2020,14:45,60542,129,995
05-26-2020,14:45,60543,221,1538
05-26-2020,14:45,60544,152,1481
05-26-2020,14:45,60545,134,820
05-26-2020,14:45,60546,146,1525
05-26-2020,14:45,60548,68,534
05-26-2020,14:45,60551,22,100
05-26-2020,14:45,60552,6,133
05-26-2020,14:45,60554,34,463
05-26-2020,14:45,60555,112,764
05-26-2020,14:45,60558,41,553
05-26-2020,14:45,60559,283,1528
05-26-2020,14:45,60560,80,879
05-26-2020,14:45,60561,106,1107
05-26-2020,14:45,60563,168,1680
05-26-2020,14:45,60564,118,1365
05-26-2020,14:45,60565,167,1318
05-26-2020,14:45,60585,83,849
05-26-2020,14:45,60586,310,2391
05-26-2020,14:45,60601,68,691
05-26-2020,14:45,60602,14,139
05-26-2020,14:45,60603,8,70
05-26-2020,14:45,60604,18,105
05-26-2020,14:45,60605,165,1490
05-26-2020,14:45,60606,48,516
05-26-2020,14:45,60607,421,1871
05-26-2020,14:45,60608,1499,5844
05-26-2020,14:45,60609,1542,5335
05-26-2020,14:45,60610,231,2235
05-26-2020,14:45,60611,129,2300
05-26-2020,14:45,60612,629,3658
05-26-2020,14:45,60613,345,2248
05-26-2020,14:45,60614,461,3930
05-26-2020,14:45,60615,348,2969
05-26-2020,14:45,60616,395,3427
05-26-2020,14:45,60617,1009,6719
05-26-2020,14:45,60618,1111,5577
05-26-2020,14:45,60619,820,6813
05-26-2020,14:45,60620,1015,6471
05-26-2020,14:45,60621,497,2679
05-26-2020,14:45,60622,571,3260
05-26-2020,14:45,60623,2903,7888
05-26-2020,14:45,60624,773,3308
05-26-2020,14:45,60625,1210,4967
05-26-2020,14:45,60626,889,3844
05-26-2020,14:45,60628,941,5501
05-26-2020,14:45,60629,2803,9264
05-26-2020,14:45,60630,705,3635
05-26-2020,14:45,60631,269,2524
05-26-2020,14:45,60632,2705,7561
05-26-2020,14:45,60633,243,1649
05-26-2020,14:45,60634,1291,7076
05-26-2020,14:45,60636,629,2682
05-26-2020,14:45,60637,569,4289
05-26-2020,14:45,60638,1001,4843
05-26-2020,14:45,60639,2902,9087
05-26-2020,14:45,60640,726,4153
05-26-2020,14:45,60641,1286,5447
05-26-2020,14:45,60642,142,1124
05-26-2020,14:45,60643,649,4599
05-26-2020,14:45,60644,1044,4697
05-26-2020,14:45,60645,979,4045
05-26-2020,14:45,60646,345,2157
05-26-2020,14:45,60647,1186,5336
05-26-2020,14:45,60649,686,4444
05-26-2020,14:45,60651,1500,5566
05-26-2020,14:45,60652,810,3599
05-26-2020,14:45,60653,483,3355
05-26-2020,14:45,60654,134,970
05-26-2020,14:45,60655,252,2357
05-26-2020,14:45,60656,248,1952
05-26-2020,14:45,60657,311,3490
05-26-2020,14:45,60659,652,2541
05-26-2020,14:45,60660,376,2006
05-26-2020,14:45,60661,38,447
05-26-2020,14:45,60706,311,2289
05-26-2020,14:45,60707,709,3765
05-26-2020,14:45,60712,145,825
05-26-2020,14:45,60714,680,2622
05-26-2020,14:45,60803,226,1368
05-26-2020,14:45,60804,2524,8245
05-26-2020,14:45,60805,206,1255
05-26-2020,14:45,60827,322,2020
05-26-2020,14:45,60901,450,2701
05-26-2020,14:45,60911,9,63
05-26-2020,14:45,60912,6,30
05-26-2020,14:45,60914,131,1290
05-26-2020,14:45,60915,50,639
05-26-2020,14:45,60919,6,23
05-26-2020,14:45,60922,11,119
05-26-2020,14:45,60927,47,181
05-26-2020,14:45,60928,7,22
05-26-2020,14:45,60930,6,15
05-26-2020,14:45,60938,6,55
05-26-2020,14:45,60940,6,115
05-26-2020,14:45,60941,6,67
05-26-2020,14:45,60942,6,213
05-26-2020,14:45,60950,65,724
05-26-2020,14:45,60954,26,412
05-26-2020,14:45,60955,11,62
05-26-2020,14:45,60957,7,194
05-26-2020,14:45,60958,19,101
05-26-2020,14:45,60964,28,215
05-26-2020,14:45,60970,12,241
05-26-2020,14:45,61008,348,1865
05-26-2020,14:45,61010,11,206
05-26-2020,14:45,61011,7,85
05-26-2020,14:45,61012,14,75
05-26-2020,14:45,61016,29,277
05-26-2020,14:45,61020,11,149
05-26-2020,14:45,61021,67,906
05-26-2020,14:45,61032,169,1745
05-26-2020,14:45,61036,7,252
05-26-2020,14:45,61054,7,142
05-26-2020,14:45,61061,10,185
05-26-2020,14:45,61063,6,126
05-26-2020,14:45,61064,10,99
05-26-2020,14:45,61065,36,408
05-26-2020,14:45,61068,123,1006
05-26-2020,14:45,61071,28,256
05-26-2020,14:45,61072,25,364
05-26-2020,14:45,61073,48,688
05-26-2020,14:45,61080,41,339
05-26-2020,14:45,61081,66,471
05-26-2020,14:45,61084,7,68
05-26-2020,14:45,61088,10,226
05-26-2020,14:45,61101,227,1676
05-26-2020,14:45,61102,202,1431
05-26-2020,14:45,61103,212,1922
05-26-2020,14:45,61104,223,1293
05-26-2020,14:45,61107,175,2085
05-26-2020,14:45,61108,277,1934
05-26-2020,14:45,61109,214,1744
05-26-2020,14:45,61111,79,1210
05-26-2020,14:45,61114,89,997
05-26-2020,14:45,61115,88,1064
05-26-2020,14:45,61201,178,1162
05-26-2020,14:45,61235,8,64
05-26-2020,14:45,61239,8,38
05-26-2020,14:45,61240,11,147
05-26-2020,14:45,61241,15,226
05-26-2020,14:45,61244,160,1036
05-26-2020,14:45,61252,22,114
05-26-2020,14:45,61254,8,324
05-26-2020,14:45,61256,6,59
05-26-2020,14:45,61264,22,324
05-26-2020,14:45,61265,197,1646
05-26-2020,14:45,61270,7,136
05-26-2020,14:45,61275,10,96
05-26-2020,14:45,61282,39,294
05-26-2020,14:45,61341,36,304
05-26-2020,14:45,61342,15,170
05-26-2020,14:45,61350,18,494
05-26-2020,14:45,61356,6,277
05-26-2020,14:45,61401,82,1251
05-26-2020,14:45,61410,6,82
05-26-2020,14:45,61443,17,331
05-26-2020,14:45,61455,70,663
05-26-2020,14:45,61462,103,561
05-26-2020,14:45,61469,7,99
05-26-2020,14:45,61525,8,279
05-26-2020,14:45,61548,7,298
05-26-2020,14:45,61550,6,569
05-26-2020,14:45,61554,20,1573
05-26-2020,14:45,61571,6,713
05-26-2020,14:45,61603,27,909
05-26-2020,14:45,61604,31,1440
05-26-2020,14:45,61605,21,729
05-26-2020,14:45,61610,6,178
05-26-2020,14:45,61611,19,855
05-26-2020,14:45,61614,48,1212
05-26-2020,14:45,61615,25,939
05-26-2020,14:45,61701,45,1717
05-26-2020,14:45,61704,78,1381
05-26-2020,14:45,61705,15,546
05-26-2020,14:45,61761,49,1580
05-26-2020,14:45,61764,16,331
05-26-2020,14:45,61801,38,1006
05-26-2020,14:45,61802,81,1280
05-26-2020,14:45,61820,100,1202
05-26-2020,14:45,61821,106,1776
05-26-2020,14:45,61822,44,1257
05-26-2020,14:45,61832,20,920
05-26-2020,14:45,61853,12,653
05-26-2020,14:45,61856,7,260
05-26-2020,14:45,61866,146,1386
05-26-2020,14:45,61874,15,509
05-26-2020,14:45,61910,6,203
05-26-2020,14:45,61920,83,1056
05-26-2020,14:45,61938,24,929
05-26-2020,14:45,61951,7,186
05-26-2020,14:45,61953,15,250
05-26-2020,14:45,62002,86,591
05-26-2020,14:45,62010,13,141
05-26-2020,14:45,62012,6,172
05-26-2020,14:45,62018,8,69
05-26-2020,14:45,62024,9,122
05-26-2020,14:45,62025,107,661
05-26-2020,14:45,62034,62,254
05-26-2020,14:45,62035,20,235
05-26-2020,14:45,62040,75,645
05-26-2020,14:45,62049,6,404
05-26-2020,14:45,62052,14,118
05-26-2020,14:45,62056,13,358
05-26-2020,14:45,62059,7,22
05-26-2020,14:45,62060,22,92
05-26-2020,14:45,62062,8,485
05-26-2020,14:45,62069,8,95
05-26-2020,14:45,62088,6,331
05-26-2020,14:45,62090,11,27
05-26-2020,14:45,62095,22,165
05-26-2020,14:45,62201,15,120
05-26-2020,14:45,62203,37,237
05-26-2020,14:45,62204,43,245
05-26-2020,14:45,62205,44,304
05-26-2020,14:45,62206,93,434
05-26-2020,14:45,62207,67,222
05-26-2020,14:45,62208,65,371
05-26-2020,14:45,62220,127,380
05-26-2020,14:45,62221,98,568
05-26-2020,14:45,62223,47,342
05-26-2020,14:45,62226,127,782
05-26-2020,14:45,62230,8,149
05-26-2020,14:45,62231,75,329
05-26-2020,14:45,62232,18,286
05-26-2020,14:45,62233,95,415
05-26-2020,14:45,62234,57,549
05-26-2020,14:45,62236,41,153
05-26-2020,14:45,62237,6,209
05-26-2020,14:45,62238,6,33
05-26-2020,14:45,62239,13,61
05-26-2020,14:45,62243,8,54
05-26-2020,14:45,62249,13,208
05-26-2020,14:45,62254,27,149
05-26-2020,14:45,62257,8,71
05-26-2020,14:45,62258,16,180
05-26-2020,14:45,62260,6,49
05-26-2020,14:45,62264,30,47
05-26-2020,14:45,62265,32,339
05-26-2020,14:45,62269,68,499
05-26-2020,14:45,62272,49,143
05-26-2020,14:45,62274,10,141
05-26-2020,14:45,62278,15,148
05-26-2020,14:45,62285,10,53
05-26-2020,14:45,62286,43,275
05-26-2020,14:45,62288,32,183
05-26-2020,14:45,62293,8,100
05-26-2020,14:45,62294,18,220
05-26-2020,14:45,62295,7,27
05-26-2020,14:45,62298,45,245
05-26-2020,14:45,62301,22,1874
05-26-2020,14:45,62305,15,200
05-26-2020,14:45,62353,7,293
05-26-2020,14:45,62428,7,99
05-26-2020,14:45,62441,6,118
05-26-2020,14:45,62448,36,350
05-26-2020,14:45,62454,8,152
05-26-2020,14:45,62471,17,198
05-26-2020,14:45,62521,107,1100
05-26-2020,14:45,62522,31,307
05-26-2020,14:45,62526,38,889
05-26-2020,14:45,62560,7,69
05-26-2020,14:45,62565,14,325
05-26-2020,14:45,62568,26,481
05-26-2020,14:45,62618,59,560
05-26-2020,14:45,62629,13,698
05-26-2020,14:45,62650,26,957
05-26-2020,14:45,62656,10,835
05-26-2020,14:45,62664,11,132
05-26-2020,14:45,62675,6,300
05-26-2020,14:45,62681,9,168
05-26-2020,14:45,62684,71,556
05-26-2020,14:45,62702,62,2202
05-26-2020,14:45,62703,60,1823
05-26-2020,14:45,62704,42,2099
05-26-2020,14:45,62707,18,503
05-26-2020,14:45,62711,24,1034
05-26-2020,14:45,62801,61,880
05-26-2020,14:45,62832,16,334
05-26-2020,14:45,62837,7,338
05-26-2020,14:45,62864,83,834
05-26-2020,14:45,62882,11,108
05-26-2020,14:45,62901,117,964
05-26-2020,14:45,62902,13,142
05-26-2020,14:45,62906,66,552
05-26-2020,14:45,62907,14,69
05-26-2020,14:45,62912,7,46
05-26-2020,14:45,62918,13,316
05-26-2020,14:45,62920,59,255
05-26-2020,14:45,62948,8,383
05-26-2020,14:45,62959,26,820
05-26-2020,14:45,62966,72,602
05-26-2020,14:45,62992,33,118
05-25-2020,14:45,53142,6,214
05-25-2020,14:45,60002,84,757
05-25-2020,14:45,60004,254,3381
05-25-2020,14:45,60005,152,1150
05-25-2020,14:45,60007,255,1342
05-25-2020,14:45,60008,258,1530
05-25-2020,14:45,60010,91,1116
05-25-2020,14:45,60012,70,334
05-25-2020,14:45,60013,74,604
05-25-2020,14:45,60014,183,1547
05-25-2020,14:45,60015,158,1109
05-25-2020,14:45,60016,916,3923
05-25-2020,14:45,60018,500,1952
05-25-2020,14:45,60020,32,419
05-25-2020,14:45,60021,18,136
05-25-2020,14:45,60022,24,313
05-25-2020,14:45,60025,323,2183
05-25-2020,14:45,60026,124,751
05-25-2020,14:45,60029,7,53
05-25-2020,14:45,60030,155,1369
05-25-2020,14:45,60031,253,1787
05-25-2020,14:45,60033,142,609
05-25-2020,14:45,60035,222,1538
05-25-2020,14:45,60040,129,355
05-25-2020,14:45,60041,40,329
05-25-2020,14:45,60042,28,250
05-25-2020,14:45,60043,18,129
05-25-2020,14:45,60044,83,570
05-25-2020,14:45,60045,108,857
05-25-2020,14:45,60046,175,1177
05-25-2020,14:45,60047,262,1209
05-25-2020,14:45,60048,101,902
05-25-2020,14:45,60050,178,1220
05-25-2020,14:45,60051,85,808
05-25-2020,14:45,60053,242,1385
05-25-2020,14:45,60056,522,2540
05-25-2020,14:45,60060,375,1562
05-25-2020,14:45,60061,153,970
05-25-2020,14:45,60062,270,2267
05-25-2020,14:45,60064,545,1344
05-25-2020,14:45,60067,161,1555
05-25-2020,14:45,60068,267,1537
05-25-2020,14:45,60069,66,404
05-25-2020,14:45,60070,205,895
05-25-2020,14:45,60071,7,118
05-25-2020,14:45,60073,818,3100
05-25-2020,14:45,60074,327,1600
05-25-2020,14:45,60076,442,2351
05-25-2020,14:45,60077,356,1837
05-25-2020,14:45,60079,10,44
05-25-2020,14:45,60081,35,275
05-25-2020,14:45,60083,84,519
05-25-2020,14:45,60084,154,583
05-25-2020,14:45,60085,2145,6197
05-25-2020,14:45,60087,558,2286
05-25-2020,14:45,60088,45,154
05-25-2020,14:45,60089,218,1556
05-25-2020,14:45,60090,627,2539
05-25-2020,14:45,60091,124,1131
05-25-2020,14:45,60093,144,995
05-25-2020,14:45,60096,34,270
05-25-2020,14:45,60097,38,365
05-25-2020,14:45,60098,261,1330
05-25-2020,14:45,60099,506,2023
05-25-2020,14:45,60101,678,2550
05-25-2020,14:45,60102,127,986
05-25-2020,14:45,60103,225,1734
05-25-2020,14:45,60104,369,1553
05-25-2020,14:45,60106,441,1686
05-25-2020,14:45,60107,505,2262
05-25-2020,14:45,60108,229,1831
05-25-2020,14:45,60109,10,284
05-25-2020,14:45,60110,548,1862
05-25-2020,14:45,60112,20,187
05-25-2020,14:45,60115,156,1488
05-25-2020,14:45,60118,62,556
05-25-2020,14:45,60119,35,374
05-25-2020,14:45,60120,1060,3618
05-25-2020,14:45,60123,638,2916
05-25-2020,14:45,60124,93,811
05-25-2020,14:45,60126,224,1920
05-25-2020,14:45,60130,121,1278
05-25-2020,14:45,60131,323,1361
05-25-2020,14:45,60133,651,2540
05-25-2020,14:45,60134,118,978
05-25-2020,14:45,60135,26,293
05-25-2020,14:45,60136,44,276
05-25-2020,14:45,60137,131,1291
05-25-2020,14:45,60139,524,2213
05-25-2020,14:45,60140,72,645
05-25-2020,14:45,60141,17,362
05-25-2020,14:45,60142,78,989
05-25-2020,14:45,60143,154,716
05-25-2020,14:45,60145,6,80
05-25-2020,14:45,60146,8,82
05-25-2020,14:45,60148,303,2179
05-25-2020,14:45,60151,15,163
05-25-2020,14:45,60152,67,419
05-25-2020,14:45,60153,429,2000
05-25-2020,14:45,60154,183,1331
05-25-2020,14:45,60155,158,633
05-25-2020,14:45,60156,124,918
05-25-2020,14:45,60157,13,94
05-25-2020,14:45,60160,599,2205
05-25-2020,14:45,60162,133,823
05-25-2020,14:45,60163,82,398
05-25-2020,14:45,60164,432,2241
05-25-2020,14:45,60165,159,468
05-25-2020,14:45,60169,309,1436
05-25-2020,14:45,60171,102,637
05-25-2020,14:45,60172,203,1050
05-25-2020,14:45,60173,75,382
05-25-2020,14:45,60174,146,1594
05-25-2020,14:45,60175,70,857
05-25-2020,14:45,60176,127,630
05-25-2020,14:45,60177,224,1035
05-25-2020,14:45,60178,39,650
05-25-2020,14:45,60181,212,1335
05-25-2020,14:45,60185,651,2551
05-25-2020,14:45,60187,104,1215
05-25-2020,14:45,60188,424,2259
05-25-2020,14:45,60189,87,1028
05-25-2020,14:45,60190,37,538
05-25-2020,14:45,60191,187,779
05-25-2020,14:45,60192,40,424
05-25-2020,14:45,60193,200,1401
05-25-2020,14:45,60194,114,878
05-25-2020,14:45,60195,13,126
05-25-2020,14:45,60201,300,2338
05-25-2020,14:45,60202,367,2097
05-25-2020,14:45,60203,24,225
05-25-2020,14:45,60301,22,178
05-25-2020,14:45,60302,196,1923
05-25-2020,14:45,60304,69,819
05-25-2020,14:45,60305,44,501
05-25-2020,14:45,60401,37,460
05-25-2020,14:45,60402,1202,5324
05-25-2020,14:45,60403,177,1159
05-25-2020,14:45,60404,92,977
05-25-2020,14:45,60406,430,2335
05-25-2020,14:45,60408,15,179
05-25-2020,14:45,60409,506,3165
05-25-2020,14:45,60410,40,511
05-25-2020,14:45,60411,797,4662
05-25-2020,14:45,60415,171,800
05-25-2020,14:45,60416,7,188
05-25-2020,14:45,60417,128,1011
05-25-2020,14:45,60418,88,441
05-25-2020,14:45,60419,321,2084
05-25-2020,14:45,60420,6,113
05-25-2020,14:45,60421,12,134
05-25-2020,14:45,60422,77,737
05-25-2020,14:45,60423,120,1202
05-25-2020,14:45,60425,154,1011
05-25-2020,14:45,60426,406,2487
05-25-2020,14:45,60428,181,1270
05-25-2020,14:45,60429,203,1680
05-25-2020,14:45,60430,251,1579
05-25-2020,14:45,60431,180,1593
05-25-2020,14:45,60432,357,1467
05-25-2020,14:45,60433,252,1124
05-25-2020,14:45,60434,160,204
05-25-2020,14:45,60435,592,3673
05-25-2020,14:45,60436,189,1291
05-25-2020,14:45,60438,325,2010
05-25-2020,14:45,60439,82,922
05-25-2020,14:45,60440,771,4325
05-25-2020,14:45,60441,181,1378
05-25-2020,14:45,60442,37,381
05-25-2020,14:45,60443,323,1948
05-25-2020,14:45,60445,137,1172
05-25-2020,14:45,60446,432,2719
05-25-2020,14:45,60447,43,524
05-25-2020,14:45,60448,116,842
05-25-2020,14:45,60449,67,568
05-25-2020,14:45,60450,30,488
05-25-2020,14:45,60451,95,1157
05-25-2020,14:45,60452,191,1512
05-25-2020,14:45,60453,658,3463
05-25-2020,14:45,60455,274,1275
05-25-2020,14:45,60456,46,279
05-25-2020,14:45,60457,108,613
05-25-2020,14:45,60458,121,839
05-25-2020,14:45,60459,351,1960
05-25-2020,14:45,60461,52,449
05-25-2020,14:45,60462,268,1932
05-25-2020,14:45,60463,217,876
05-25-2020,14:45,60464,42,412
05-25-2020,14:45,60465,216,909
05-25-2020,14:45,60466,453,2421
05-25-2020,14:45,60467,151,1050
05-25-2020,14:45,60468,29,226
05-25-2020,14:45,60469,72,480
05-25-2020,14:45,60471,189,1155
05-25-2020,14:45,60472,56,474
05-25-2020,14:45,60473,343,2211
05-25-2020,14:45,60475,67,557
05-25-2020,14:45,60476,16,156
05-25-2020,14:45,60477,210,1775
05-25-2020,14:45,60478,289,2106
05-25-2020,14:45,60480,29,273
05-25-2020,14:45,60481,22,362
05-25-2020,14:45,60482,81,518
05-25-2020,14:45,60484,104,569
05-25-2020,14:45,60487,122,1107
05-25-2020,14:45,60490,131,1144
05-25-2020,14:45,60491,117,804
05-25-2020,14:45,60501,237,891
05-25-2020,14:45,60502,83,838
05-25-2020,14:45,60503,55,491
05-25-2020,14:45,60504,295,1721
05-25-2020,14:45,60505,1623,5359
05-25-2020,14:45,60506,880,4350
05-25-2020,14:45,60510,90,1132
05-25-2020,14:45,60513,139,1386
05-25-2020,14:45,60514,39,453
05-25-2020,14:45,60515,85,981
05-25-2020,14:45,60516,111,1070
05-25-2020,14:45,60517,198,1612
05-25-2020,14:45,60520,8,105
05-25-2020,14:45,60521,180,974
05-25-2020,14:45,60523,96,606
05-25-2020,14:45,60525,246,2026
05-25-2020,14:45,60526,75,1082
05-25-2020,14:45,60527,210,1724
05-25-2020,14:45,60532,107,1130
05-25-2020,14:45,60534,143,783
05-25-2020,14:45,60538,260,1426
05-25-2020,14:45,60540,118,1501
05-25-2020,14:45,60541,8,78
05-25-2020,14:45,60542,126,953
05-25-2020,14:45,60543,220,1485
05-25-2020,14:45,60544,151,1449
05-25-2020,14:45,60545,128,788
05-25-2020,14:45,60546,145,1517
05-25-2020,14:45,60548,68,521
05-25-2020,14:45,60551,22,96
05-25-2020,14:45,60552,6,130
05-25-2020,14:45,60554,34,450
05-25-2020,14:45,60555,110,745
05-25-2020,14:45,60558,41,547
05-25-2020,14:45,60559,279,1499
05-25-2020,14:45,60560,78,838
05-25-2020,14:45,60561,106,1082
05-25-2020,14:45,60563,166,1637
05-25-2020,14:45,60564,118,1338
05-25-2020,14:45,60565,165,1275
05-25-2020,14:45,60585,81,827
05-25-2020,14:45,60586,309,2351
05-25-2020,14:45,60601,69,678
05-25-2020,14:45,60602,14,134
05-25-2020,14:45,60603,8,69
05-25-2020,14:45,60604,18,103
05-25-2020,14:45,60605,164,1456
05-25-2020,14:45,60606,47,491
05-25-2020,14:45,60607,420,1857
05-25-2020,14:45,60608,1489,5784
05-25-2020,14:45,60609,1529,5246
05-25-2020,14:45,60610,231,2185
05-25-2020,14:45,60611,129,2268
05-25-2020,14:45,60612,622,3625
05-25-2020,14:45,60613,343,2210
05-25-2020,14:45,60614,460,3860
05-25-2020,14:45,60615,346,2917
05-25-2020,14:45,60616,389,3365
05-25-2020,14:45,60617,996,6547
05-25-2020,14:45,60618,1087,5426
05-25-2020,14:45,60619,816,6612
05-25-2020,14:45,60620,1004,6332
05-25-2020,14:45,60621,493,2630
05-25-2020,14:45,60622,569,3212
05-25-2020,14:45,60623,2884,7821
05-25-2020,14:45,60624,765,3269
05-25-2020,14:45,60625,1202,4904
05-25-2020,14:45,60626,880,3768
05-25-2020,14:45,60628,937,5394
05-25-2020,14:45,60629,2773,9111
05-25-2020,14:45,60630,698,3535
05-25-2020,14:45,60631,267,2436
05-25-2020,14:45,60632,2692,7457
05-25-2020,14:45,60633,240,1625
05-25-2020,14:45,60634,1272,6875
05-25-2020,14:45,60636,621,2625
05-25-2020,14:45,60637,560,4200
05-25-2020,14:45,60638,994,4761
05-25-2020,14:45,60639,2856,8884
05-25-2020,14:45,60640,720,4091
05-25-2020,14:45,60641,1270,5289
05-25-2020,14:45,60642,142,1113
05-25-2020,14:45,60643,647,4494
05-25-2020,14:45,60644,1035,4644
05-25-2020,14:45,60645,973,3989
05-25-2020,14:45,60646,338,2093
05-25-2020,14:45,60647,1173,5241
05-25-2020,14:45,60649,679,4340
05-25-2020,14:45,60651,1481,5476
05-25-2020,14:45,60652,802,3523
05-25-2020,14:45,60653,479,3304
05-25-2020,14:45,60654,133,954
05-25-2020,14:45,60655,248,2297
05-25-2020,14:45,60656,241,1909
05-25-2020,14:45,60657,311,3445
05-25-2020,14:45,60659,645,2502
05-25-2020,14:45,60660,371,1972
05-25-2020,14:45,60661,39,435
05-25-2020,14:45,60706,308,2247
05-25-2020,14:45,60707,704,3673
05-25-2020,14:45,60712,144,812
05-25-2020,14:45,60714,673,2584
05-25-2020,14:45,60803,224,1336
05-25-2020,14:45,60804,2510,8127
05-25-2020,14:45,60805,203,1228
05-25-2020,14:45,60827,319,1961
05-25-2020,14:45,60901,448,2672
05-25-2020,14:45,60911,9,61
05-25-2020,14:45,60912,6,30
05-25-2020,14:45,60914,130,1278
05-25-2020,14:45,60915,50,627
05-25-2020,14:45,60919,6,22
05-25-2020,14:45,60922,11,117
05-25-2020,14:45,60927,47,181
05-25-2020,14:45,60928,7,22
05-25-2020,14:45,60930,6,15
05-25-2020,14:45,60938,6,53
05-25-2020,14:45,60940,6,114
05-25-2020,14:45,60941,6,67
05-25-2020,14:45,60942,6,208
05-25-2020,14:45,60950,65,717
05-25-2020,14:45,60954,26,405
05-25-2020,14:45,60955,11,61
05-25-2020,14:45,60957,7,187
05-25-2020,14:45,60958,18,101
05-25-2020,14:45,60964,28,211
05-25-2020,14:45,60970,12,236
05-25-2020,14:45,61008,339,1790
05-25-2020,14:45,61010,11,204
05-25-2020,14:45,61011,7,80
05-25-2020,14:45,61012,14,67
05-25-2020,14:45,61016,29,277
05-25-2020,14:45,61020,11,145
05-25-2020,14:45,61021,67,901
05-25-2020,14:45,61032,164,1718
05-25-2020,14:45,61036,7,249
05-25-2020,14:45,61054,7,138
05-25-2020,14:45,61061,10,181
05-25-2020,14:45,61063,6,123
05-25-2020,14:45,61064,10,98
05-25-2020,14:45,61065,34,383
05-25-2020,14:45,61068,123,999
05-25-2020,14:45,61071,29,256
05-25-2020,14:45,61072,25,354
05-25-2020,14:45,61073,46,673
05-25-2020,14:45,61080,41,336
05-25-2020,14:45,61081,66,470
05-25-2020,14:45,61084,7,68
05-25-2020,14:45,61088,10,224
05-25-2020,14:45,61101,221,1649
05-25-2020,14:45,61102,200,1409
05-25-2020,14:45,61103,210,1886
05-25-2020,14:45,61104,216,1265
05-25-2020,14:45,61107,172,2027
05-25-2020,14:45,61108,271,1876
05-25-2020,14:45,61109,212,1683
05-25-2020,14:45,61111,77,1185
05-25-2020,14:45,61114,87,972
05-25-2020,14:45,61115,86,1029
05-25-2020,14:45,61201,177,1137
05-25-2020,14:45,61235,8,64
05-25-2020,14:45,61239,8,37
05-25-2020,14:45,61240,11,147
05-25-2020,14:45,61241,15,217
05-25-2020,14:45,61244,159,1021
05-25-2020,14:45,61252,22,112
05-25-2020,14:45,61254,8,310
05-25-2020,14:45,61256,6,58
05-25-2020,14:45,61264,22,313
05-25-2020,14:45,61265,196,1606
05-25-2020,14:45,61270,7,136
05-25-2020,14:45,61275,10,96
05-25-2020,14:45,61282,39,290
05-25-2020,14:45,61341,36,301
05-25-2020,14:45,61342,15,165
05-25-2020,14:45,61350,18,489
05-25-2020,14:45,61356,6,267
05-25-2020,14:45,61401,82,1217
05-25-2020,14:45,61410,6,81
05-25-2020,14:45,61443,17,323
05-25-2020,14:45,61455,70,654
05-25-2020,14:45,61462,103,556
05-25-2020,14:45,61469,7,99
05-25-2020,14:45,61525,8,265
05-25-2020,14:45,61548,7,292
05-25-2020,14:45,61550,6,554
05-25-2020,14:45,61554,20,1528
05-25-2020,14:45,61603,26,883
05-25-2020,14:45,61604,30,1379
05-25-2020,14:45,61605,21,706
05-25-2020,14:45,61610,6,175
05-25-2020,14:45,61611,19,830
05-25-2020,14:45,61614,47,1150
05-25-2020,14:45,61615,23,905
05-25-2020,14:45,61701,45,1608
05-25-2020,14:45,61704,77,1342
05-25-2020,14:45,61705,15,530
05-25-2020,14:45,61761,49,1526
05-25-2020,14:45,61764,16,329
05-25-2020,14:45,61801,39,970
05-25-2020,14:45,61802,77,1231
05-25-2020,14:45,61820,98,1170
05-25-2020,14:45,61821,105,1721
05-25-2020,14:45,61822,44,1204
05-25-2020,14:45,61832,20,903
05-25-2020,14:45,61853,12,626
05-25-2020,14:45,61856,6,249
05-25-2020,14:45,61866,146,1349
05-25-2020,14:45,61874,15,495
05-25-2020,14:45,61910,6,202
05-25-2020,14:45,61920,84,1040
05-25-2020,14:45,61938,24,919
05-25-2020,14:45,61951,7,179
05-25-2020,14:45,61953,14,243
05-25-2020,14:45,62002,86,573
05-25-2020,14:45,62010,13,138
05-25-2020,14:45,62012,6,167
05-25-2020,14:45,62018,8,65
05-25-2020,14:45,62024,9,118
05-25-2020,14:45,62025,107,647
05-25-2020,14:45,62034,62,252
05-25-2020,14:45,62035,20,216
05-25-2020,14:45,62040,76,634
05-25-2020,14:45,62049,6,398
05-25-2020,14:45,62052,14,110
05-25-2020,14:45,62056,13,356
05-25-2020,14:45,62059,7,22
05-25-2020,14:45,62060,21,90
05-25-2020,14:45,62062,8,484
05-25-2020,14:45,62069,8,95
05-25-2020,14:45,62088,6,325
05-25-2020,14:45,62090,11,27
05-25-2020,14:45,62095,23,162
05-25-2020,14:45,62201,15,119
05-25-2020,14:45,62203,37,228
05-25-2020,14:45,62204,43,241
05-25-2020,14:45,62205,43,299
05-25-2020,14:45,62206,93,427
05-25-2020,14:45,62207,65,218
05-25-2020,14:45,62208,61,358
05-25-2020,14:45,62220,123,375
05-25-2020,14:45,62221,95,542
05-25-2020,14:45,62223,46,338
05-25-2020,14:45,62226,124,778
05-25-2020,14:45,62230,8,146
05-25-2020,14:45,62231,75,323
05-25-2020,14:45,62232,18,284
05-25-2020,14:45,62233,95,412
05-25-2020,14:45,62234,55,534
05-25-2020,14:45,62236,41,153
05-25-2020,14:45,62237,6,208
05-25-2020,14:45,62238,6,33
05-25-2020,14:45,62239,12,55
05-25-2020,14:45,62243,8,51
05-25-2020,14:45,62249,13,201
05-25-2020,14:45,62254,27,147
05-25-2020,14:45,62257,7,69
05-25-2020,14:45,62258,15,120
05-25-2020,14:45,62264,23,46
05-25-2020,14:45,62265,32,338
05-25-2020,14:45,62269,67,489
05-25-2020,14:45,62272,49,143
05-25-2020,14:45,62274,10,136
05-25-2020,14:45,62278,15,147
05-25-2020,14:45,62285,8,49
05-25-2020,14:45,62286,43,271
05-25-2020,14:45,62288,32,181
05-25-2020,14:45,62293,8,98
05-25-2020,14:45,62294,17,215
05-25-2020,14:45,62295,7,24
05-25-2020,14:45,62298,45,241
05-25-2020,14:45,62301,22,1873
05-25-2020,14:45,62305,15,197
05-25-2020,14:45,62353,7,292
05-25-2020,14:45,62428,7,97
05-25-2020,14:45,62441,6,118
05-25-2020,14:45,62448,36,350
05-25-2020,14:45,62454,8,150
05-25-2020,14:45,62471,17,197
05-25-2020,14:45,62521,107,1058
05-25-2020,14:45,62522,31,295
05-25-2020,14:45,62526,38,869
05-25-2020,14:45,62560,7,65
05-25-2020,14:45,62565,14,321
05-25-2020,14:45,62568,26,460
05-25-2020,14:45,62618,59,555
05-25-2020,14:45,62629,13,676
05-25-2020,14:45,62650,26,899
05-25-2020,14:45,62656,10,820
05-25-2020,14:45,62664,11,130
05-25-2020,14:45,62675,6,292
05-25-2020,14:45,62681,9,165
05-25-2020,14:45,62684,71,540
05-25-2020,14:45,62702,62,2146
05-25-2020,14:45,62703,60,1776
05-25-2020,14:45,62704,42,2043
05-25-2020,14:45,62707,18,497
05-25-2020,14:45,62711,23,1004
05-25-2020,14:45,62801,61,857
05-25-2020,14:45,62832,16,331
05-25-2020,14:45,62837,7,336
05-25-2020,14:45,62864,83,816
05-25-2020,14:45,62882,11,106
05-25-2020,14:45,62901,117,959
05-25-2020,14:45,62902,13,139
05-25-2020,14:45,62906,66,549
05-25-2020,14:45,62907,14,68
05-25-2020,14:45,62912,7,46
05-25-2020,14:45,62918,13,311
05-25-2020,14:45,62920,59,253
05-25-2020,14:45,62948,8,372
05-25-2020,14:45,62959,26,805
05-25-2020,14:45,62966,72,590
05-25-2020,14:45,62992,32,118
05-24-2020,14:45,53142,6,210
05-24-2020,14:45,60002,84,738
05-24-2020,14:45,60004,251,3141
05-24-2020,14:45,60005,149,1037
05-24-2020,14:45,60007,250,1265
05-24-2020,14:45,60008,251,1213
05-24-2020,14:45,60010,90,1074
05-24-2020,14:45,60012,69,323
05-24-2020,14:45,60013,73,588
05-24-2020,14:45,60014,178,1476
05-24-2020,14:45,60015,157,1077
05-24-2020,14:45,60016,903,3803
05-24-2020,14:45,60018,494,1886
05-24-2020,14:45,60020,32,411
05-24-2020,14:45,60021,18,130
05-24-2020,14:45,60022,23,311
05-24-2020,14:45,60025,314,2098
05-24-2020,14:45,60026,125,737
05-24-2020,14:45,60029,7,53
05-24-2020,14:45,60030,153,1328
05-24-2020,14:45,60031,251,1739
05-24-2020,14:45,60033,140,596
05-24-2020,14:45,60035,218,1498
05-24-2020,14:45,60040,130,340
05-24-2020,14:45,60041,39,319
05-24-2020,14:45,60042,27,242
05-24-2020,14:45,60043,17,128
05-24-2020,14:45,60044,83,558
05-24-2020,14:45,60045,106,841
05-24-2020,14:45,60046,168,1148
05-24-2020,14:45,60047,257,1173
05-24-2020,14:45,60048,101,889
05-24-2020,14:45,60050,177,1190
05-24-2020,14:45,60051,83,784
05-24-2020,14:45,60053,242,1354
05-24-2020,14:45,60056,512,2398
05-24-2020,14:45,60060,372,1525
05-24-2020,14:45,60061,153,948
05-24-2020,14:45,60062,269,2221
05-24-2020,14:45,60064,539,1302
05-24-2020,14:45,60067,159,1442
05-24-2020,14:45,60068,266,1504
05-24-2020,14:45,60069,65,394
05-24-2020,14:45,60070,203,872
05-24-2020,14:45,60071,7,116
05-24-2020,14:45,60073,804,3009
05-24-2020,14:45,60074,315,1544
05-24-2020,14:45,60076,441,2271
05-24-2020,14:45,60077,350,1807
05-24-2020,14:45,60079,10,41
05-24-2020,14:45,60081,35,271
05-24-2020,14:45,60083,83,505
05-24-2020,14:45,60084,152,565
05-24-2020,14:45,60085,2120,6019
05-24-2020,14:45,60087,551,2224
05-24-2020,14:45,60088,45,151
05-24-2020,14:45,60089,216,1503
05-24-2020,14:45,60090,613,2434
05-24-2020,14:45,60091,123,1114
05-24-2020,14:45,60093,142,970
05-24-2020,14:45,60096,34,262
05-24-2020,14:45,60097,36,353
05-24-2020,14:45,60098,257,1300
05-24-2020,14:45,60099,495,1967
05-24-2020,14:45,60101,665,2461
05-24-2020,14:45,60102,122,953
05-24-2020,14:45,60103,221,1687
05-24-2020,14:45,60104,367,1514
05-24-2020,14:45,60106,434,1630
05-24-2020,14:45,60107,488,2177
05-24-2020,14:45,60108,224,1786
05-24-2020,14:45,60109,10,284
05-24-2020,14:45,60110,539,1818
05-24-2020,14:45,60112,19,182
05-24-2020,14:45,60115,151,1445
05-24-2020,14:45,60118,62,539
05-24-2020,14:45,60119,33,362
05-24-2020,14:45,60120,1041,3530
05-24-2020,14:45,60123,623,2836
05-24-2020,14:45,60124,92,785
05-24-2020,14:45,60126,220,1887
05-24-2020,14:45,60130,121,1261
05-24-2020,14:45,60131,317,1329
05-24-2020,14:45,60133,635,2464
05-24-2020,14:45,60134,118,948
05-24-2020,14:45,60135,26,290
05-24-2020,14:45,60136,44,270
05-24-2020,14:45,60137,127,1257
05-24-2020,14:45,60139,512,2150
05-24-2020,14:45,60140,72,634
05-24-2020,14:45,60141,17,361
05-24-2020,14:45,60142,75,958
05-24-2020,14:45,60143,148,691
05-24-2020,14:45,60145,6,80
05-24-2020,14:45,60146,8,81
05-24-2020,14:45,60148,294,2109
05-24-2020,14:45,60151,15,157
05-24-2020,14:45,60152,67,409
05-24-2020,14:45,60153,422,1958
05-24-2020,14:45,60154,179,1284
05-24-2020,14:45,60155,157,625
05-24-2020,14:45,60156,121,892
05-24-2020,14:45,60157,13,91
05-24-2020,14:45,60160,588,2149
05-24-2020,14:45,60162,132,764
05-24-2020,14:45,60163,82,389
05-24-2020,14:45,60164,422,2164
05-24-2020,14:45,60165,157,452
05-24-2020,14:45,60169,300,1376
05-24-2020,14:45,60171,100,617
05-24-2020,14:45,60172,199,1004
05-24-2020,14:45,60173,73,366
05-24-2020,14:45,60174,143,1544
05-24-2020,14:45,60175,70,842
05-24-2020,14:45,60176,126,615
05-24-2020,14:45,60177,223,1011
05-24-2020,14:45,60178,39,632
05-24-2020,14:45,60181,208,1294
05-24-2020,14:45,60185,646,2488
05-24-2020,14:45,60187,101,1170
05-24-2020,14:45,60188,416,2202
05-24-2020,14:45,60189,81,996
05-24-2020,14:45,60190,34,524
05-24-2020,14:45,60191,173,746
05-24-2020,14:45,60192,40,414
05-24-2020,14:45,60193,198,1327
05-24-2020,14:45,60194,112,842
05-24-2020,14:45,60195,13,124
05-24-2020,14:45,60201,296,2294
05-24-2020,14:45,60202,357,2052
05-24-2020,14:45,60203,24,222
05-24-2020,14:45,60301,22,175
05-24-2020,14:45,60302,192,1885
05-24-2020,14:45,60304,69,807
05-24-2020,14:45,60305,42,479
05-24-2020,14:45,60401,37,454
05-24-2020,14:45,60402,1183,5188
05-24-2020,14:45,60403,174,1134
05-24-2020,14:45,60404,92,953
05-24-2020,14:45,60406,420,2274
05-24-2020,14:45,60408,15,177
05-24-2020,14:45,60409,498,3054
05-24-2020,14:45,60410,39,493
05-24-2020,14:45,60411,778,4485
05-24-2020,14:45,60415,172,782
05-24-2020,14:45,60416,7,184
05-24-2020,14:45,60417,127,977
05-24-2020,14:45,60418,86,423
05-24-2020,14:45,60419,315,2013
05-24-2020,14:45,60420,6,110
05-24-2020,14:45,60421,12,127
05-24-2020,14:45,60422,77,712
05-24-2020,14:45,60423,120,1176
05-24-2020,14:45,60425,154,989
05-24-2020,14:45,60426,398,2420
05-24-2020,14:45,60428,178,1237
05-24-2020,14:45,60429,201,1621
05-24-2020,14:45,60430,249,1525
05-24-2020,14:45,60431,177,1560
05-24-2020,14:45,60432,339,1407
05-24-2020,14:45,60433,247,1101
05-24-2020,14:45,60434,160,202
05-24-2020,14:45,60435,582,3583
05-24-2020,14:45,60436,184,1249
05-24-2020,14:45,60438,318,1920
05-24-2020,14:45,60439,80,896
05-24-2020,14:45,60440,763,4195
05-24-2020,14:45,60441,178,1349
05-24-2020,14:45,60442,37,376
05-24-2020,14:45,60443,319,1889
05-24-2020,14:45,60445,135,1110
05-24-2020,14:45,60446,429,2655
05-24-2020,14:45,60447,43,517
05-24-2020,14:45,60448,116,818
05-24-2020,14:45,60449,65,555
05-24-2020,14:45,60450,30,482
05-24-2020,14:45,60451,95,1127
05-24-2020,14:45,60452,188,1471
05-24-2020,14:45,60453,645,3377
05-24-2020,14:45,60455,269,1243
05-24-2020,14:45,60456,46,273
05-24-2020,14:45,60457,107,607
05-24-2020,14:45,60458,115,823
05-24-2020,14:45,60459,343,1907
05-24-2020,14:45,60461,52,443
05-24-2020,14:45,60462,265,1897
05-24-2020,14:45,60463,218,842
05-24-2020,14:45,60464,42,398
05-24-2020,14:45,60465,212,880
05-24-2020,14:45,60466,450,2375
05-24-2020,14:45,60467,151,1036
05-24-2020,14:45,60468,28,219
05-24-2020,14:45,60469,68,462
05-24-2020,14:45,60471,186,1113
05-24-2020,14:45,60472,56,463
05-24-2020,14:45,60473,343,2125
05-24-2020,14:45,60475,66,536
05-24-2020,14:45,60476,16,152
05-24-2020,14:45,60477,209,1731
05-24-2020,14:45,60478,285,2039
05-24-2020,14:45,60480,29,265
05-24-2020,14:45,60481,21,354
05-24-2020,14:45,60482,80,494
05-24-2020,14:45,60484,105,563
05-24-2020,14:45,60487,120,1082
05-24-2020,14:45,60490,131,1118
05-24-2020,14:45,60491,117,780
05-24-2020,14:45,60501,230,857
05-24-2020,14:45,60502,81,810
05-24-2020,14:45,60503,54,477
05-24-2020,14:45,60504,287,1657
05-24-2020,14:45,60505,1580,5164
05-24-2020,14:45,60506,866,4226
05-24-2020,14:45,60510,89,1093
05-24-2020,14:45,60513,138,1283
05-24-2020,14:45,60514,39,444
05-24-2020,14:45,60515,84,926
05-24-2020,14:45,60516,109,1040
05-24-2020,14:45,60517,196,1561
05-24-2020,14:45,60520,8,102
05-24-2020,14:45,60521,179,945
05-24-2020,14:45,60523,95,597
05-24-2020,14:45,60525,241,1962
05-24-2020,14:45,60526,74,1051
05-24-2020,14:45,60527,208,1683
05-24-2020,14:45,60532,105,1073
05-24-2020,14:45,60534,137,753
05-24-2020,14:45,60538,256,1382
05-24-2020,14:45,60540,115,1466
05-24-2020,14:45,60541,8,75
05-24-2020,14:45,60542,125,928
05-24-2020,14:45,60543,219,1422
05-24-2020,14:45,60544,151,1408
05-24-2020,14:45,60545,128,772
05-24-2020,14:45,60546,141,1473
05-24-2020,14:45,60548,66,508
05-24-2020,14:45,60551,22,93
05-24-2020,14:45,60552,6,126
05-24-2020,14:45,60554,34,436
05-24-2020,14:45,60555,106,717
05-24-2020,14:45,60558,41,534
05-24-2020,14:45,60559,277,1454
05-24-2020,14:45,60560,76,794
05-24-2020,14:45,60561,105,1046
05-24-2020,14:45,60563,158,1585
05-24-2020,14:45,60564,117,1294
05-24-2020,14:45,60565,166,1247
05-24-2020,14:45,60585,79,804
05-24-2020,14:45,60586,308,2313
05-24-2020,14:45,60601,68,664
05-24-2020,14:45,60602,14,133
05-24-2020,14:45,60603,6,66
05-24-2020,14:45,60604,17,101
05-24-2020,14:45,60605,163,1424
05-24-2020,14:45,60606,49,474
05-24-2020,14:45,60607,421,1837
05-24-2020,14:45,60608,1476,5648
05-24-2020,14:45,60609,1489,5077
05-24-2020,14:45,60610,229,2128
05-24-2020,14:45,60611,129,2219
05-24-2020,14:45,60612,617,3560
05-24-2020,14:45,60613,344,2147
05-24-2020,14:45,60614,455,3753
05-24-2020,14:45,60615,342,2819
05-24-2020,14:45,60616,384,3284
05-24-2020,14:45,60617,975,6331
05-24-2020,14:45,60618,1067,5220
05-24-2020,14:45,60619,813,6367
05-24-2020,14:45,60620,995,6055
05-24-2020,14:45,60621,488,2552
05-24-2020,14:45,60622,557,3126
05-24-2020,14:45,60623,2851,7634
05-24-2020,14:45,60624,749,3185
05-24-2020,14:45,60625,1183,4752
05-24-2020,14:45,60626,870,3676
05-24-2020,14:45,60628,927,5226
05-24-2020,14:45,60629,2717,8807
05-24-2020,14:45,60630,691,3426
05-24-2020,14:45,60631,265,2357
05-24-2020,14:45,60632,2653,7216
05-24-2020,14:45,60633,239,1587
05-24-2020,14:45,60634,1248,6659
05-24-2020,14:45,60636,613,2532
05-24-2020,14:45,60637,551,4082
05-24-2020,14:45,60638,978,4631
05-24-2020,14:45,60639,2819,8655
05-24-2020,14:45,60640,715,4022
05-24-2020,14:45,60641,1242,5135
05-24-2020,14:45,60642,139,1081
05-24-2020,14:45,60643,641,4380
05-24-2020,14:45,60644,1024,4560
05-24-2020,14:45,60645,968,3916
05-24-2020,14:45,60646,332,2046
05-24-2020,14:45,60647,1156,5100
05-24-2020,14:45,60649,672,4199
05-24-2020,14:45,60651,1445,5327
05-24-2020,14:45,60652,790,3404
05-24-2020,14:45,60653,471,3222
05-24-2020,14:45,60654,133,933
05-24-2020,14:45,60655,243,2179
05-24-2020,14:45,60656,239,1855
05-24-2020,14:45,60657,309,3379
05-24-2020,14:45,60659,636,2441
05-24-2020,14:45,60660,359,1923
05-24-2020,14:45,60661,37,429
05-24-2020,14:45,60706,306,2196
05-24-2020,14:45,60707,696,3568
05-24-2020,14:45,60712,144,796
05-24-2020,14:45,60714,670,2527
05-24-2020,14:45,60803,220,1291
05-24-2020,14:45,60804,2465,7898
05-24-2020,14:45,60805,200,1197
05-24-2020,14:45,60827,315,1893
05-24-2020,14:45,60901,444,2623
05-24-2020,14:45,60911,9,61
05-24-2020,14:45,60912,6,30
05-24-2020,14:45,60914,128,1253
05-24-2020,14:45,60915,50,593
05-24-2020,14:45,60919,6,21
05-24-2020,14:45,60922,11,116
05-24-2020,14:45,60927,47,169
05-24-2020,14:45,60928,7,20
05-24-2020,14:45,60930,6,15
05-24-2020,14:45,60938,6,53
05-24-2020,14:45,60940,6,112
05-24-2020,14:45,60941,6,65
05-24-2020,14:45,60942,6,205
05-24-2020,14:45,60950,64,702
05-24-2020,14:45,60954,26,401
05-24-2020,14:45,60955,11,61
05-24-2020,14:45,60957,7,185
05-24-2020,14:45,60958,18,99
05-24-2020,14:45,60964,28,201
05-24-2020,14:45,60970,12,231
05-24-2020,14:45,61008,338,1760
05-24-2020,14:45,61010,11,203
05-24-2020,14:45,61011,7,79
05-24-2020,14:45,61012,14,67
05-24-2020,14:45,61016,29,272
05-24-2020,14:45,61020,10,142
05-24-2020,14:45,61021,66,894
05-24-2020,14:45,61032,161,1701
05-24-2020,14:45,61036,6,245
05-24-2020,14:45,61054,7,136
05-24-2020,14:45,61061,10,181
05-24-2020,14:45,61064,10,97
05-24-2020,14:45,61065,33,361
05-24-2020,14:45,61068,123,993
05-24-2020,14:45,61071,29,254
05-24-2020,14:45,61072,25,351
05-24-2020,14:45,61073,46,654
05-24-2020,14:45,61080,41,333
05-24-2020,14:45,61081,66,467
05-24-2020,14:45,61084,7,66
05-24-2020,14:45,61088,9,211
05-24-2020,14:45,61101,216,1617
05-24-2020,14:45,61102,199,1383
05-24-2020,14:45,61103,204,1846
05-24-2020,14:45,61104,211,1229
05-24-2020,14:45,61107,170,1966
05-24-2020,14:45,61108,269,1824
05-24-2020,14:45,61109,209,1635
05-24-2020,14:45,61111,75,1156
05-24-2020,14:45,61114,86,946
05-24-2020,14:45,61115,85,1018
05-24-2020,14:45,61201,176,1117
05-24-2020,14:45,61235,8,64
05-24-2020,14:45,61239,8,37
05-24-2020,14:45,61240,11,146
05-24-2020,14:45,61241,15,210
05-24-2020,14:45,61244,157,1001
05-24-2020,14:45,61252,22,111
05-24-2020,14:45,61254,8,309
05-24-2020,14:45,61256,6,55
05-24-2020,14:45,61264,21,308
05-24-2020,14:45,61265,195,1570
05-24-2020,14:45,61270,7,134
05-24-2020,14:45,61275,10,94
05-24-2020,14:45,61282,39,288
05-24-2020,14:45,61341,35,299
05-24-2020,14:45,61342,15,164
05-24-2020,14:45,61350,19,487
05-24-2020,14:45,61356,6,259
05-24-2020,14:45,61401,82,1204
05-24-2020,14:45,61410,6,77
05-24-2020,14:45,61443,17,321
05-24-2020,14:45,61455,68,647
05-24-2020,14:45,61462,103,553
05-24-2020,14:45,61469,7,99
05-24-2020,14:45,61525,8,256
05-24-2020,14:45,61548,7,288
05-24-2020,14:45,61550,6,544
05-24-2020,14:45,61554,20,1491
05-24-2020,14:45,61603,26,867
05-24-2020,14:45,61604,30,1354
05-24-2020,14:45,61605,20,690
05-24-2020,14:45,61610,6,174
05-24-2020,14:45,61611,19,815
05-24-2020,14:45,61614,47,1100
05-24-2020,14:45,61615,22,886
05-24-2020,14:45,61701,45,1566
05-24-2020,14:45,61704,74,1296
05-24-2020,14:45,61705,13,514
05-24-2020,14:45,61761,48,1478
05-24-2020,14:45,61764,16,318
05-24-2020,14:45,61801,37,947
05-24-2020,14:45,61802,74,1204
05-24-2020,14:45,61820,97,1144
05-24-2020,14:45,61821,103,1696
05-24-2020,14:45,61822,44,1181
05-24-2020,14:45,61832,20,884
05-24-2020,14:45,61853,12,616
05-24-2020,14:45,61856,6,243
05-24-2020,14:45,61866,146,1324
05-24-2020,14:45,61874,15,484
05-24-2020,14:45,61910,6,200
05-24-2020,14:45,61920,70,911
05-24-2020,14:45,61938,37,875
05-24-2020,14:45,61951,6,164
05-24-2020,14:45,61953,15,239
05-24-2020,14:45,62002,86,570
05-24-2020,14:45,62010,13,138
05-24-2020,14:45,62012,6,166
05-24-2020,14:45,62018,8,64
05-24-2020,14:45,62024,9,115
05-24-2020,14:45,62025,107,638
05-24-2020,14:45,62034,62,246
05-24-2020,14:45,62035,19,214
05-24-2020,14:45,62040,73,606
05-24-2020,14:45,62049,6,397
05-24-2020,14:45,62052,14,108
05-24-2020,14:45,62056,13,354
05-24-2020,14:45,62059,7,22
05-24-2020,14:45,62060,21,87
05-24-2020,14:45,62062,8,462
05-24-2020,14:45,62069,8,93
05-24-2020,14:45,62088,6,325
05-24-2020,14:45,62090,11,27
05-24-2020,14:45,62095,23,157
05-24-2020,14:45,62201,15,116
05-24-2020,14:45,62203,35,224
05-24-2020,14:45,62204,42,235
05-24-2020,14:45,62205,44,291
05-24-2020,14:45,62206,92,422
05-24-2020,14:45,62207,64,215
05-24-2020,14:45,62208,59,351
05-24-2020,14:45,62220,119,366
05-24-2020,14:45,62221,94,532
05-24-2020,14:45,62223,46,327
05-24-2020,14:45,62226,123,769
05-24-2020,14:45,62230,8,142
05-24-2020,14:45,62231,75,323
05-24-2020,14:45,62232,18,282
05-24-2020,14:45,62233,95,412
05-24-2020,14:45,62234,55,523
05-24-2020,14:45,62236,40,151
05-24-2020,14:45,62237,6,208
05-24-2020,14:45,62238,6,32
05-24-2020,14:45,62239,11,54
05-24-2020,14:45,62243,7,48
05-24-2020,14:45,62249,13,196
05-24-2020,14:45,62254,27,146
05-24-2020,14:45,62257,7,66
05-24-2020,14:45,62258,14,119
05-24-2020,14:45,62264,18,39
05-24-2020,14:45,62265,31,337
05-24-2020,14:45,62269,67,478
05-24-2020,14:45,62272,49,142
05-24-2020,14:45,62274,10,135
05-24-2020,14:45,62278,15,142
05-24-2020,14:45,62285,8,48
05-24-2020,14:45,62286,42,261
05-24-2020,14:45,62288,32,181
05-24-2020,14:45,62293,8,97
05-24-2020,14:45,62294,17,208
05-24-2020,14:45,62295,7,24
05-24-2020,14:45,62298,45,232
05-24-2020,14:45,62301,22,1866
05-24-2020,14:45,62305,15,196
05-24-2020,14:45,62353,7,292
05-24-2020,14:45,62428,7,92
05-24-2020,14:45,62441,6,113
05-24-2020,14:45,62448,36,344
05-24-2020,14:45,62454,8,148
05-24-2020,14:45,62471,17,192
05-24-2020,14:45,62521,106,1050
05-24-2020,14:45,62522,31,291
05-24-2020,14:45,62526,38,858
05-24-2020,14:45,62560,7,65
05-24-2020,14:45,62565,14,319
05-24-2020,14:45,62568,26,456
05-24-2020,14:45,62618,59,554
05-24-2020,14:45,62629,13,670
05-24-2020,14:45,62650,26,849
05-24-2020,14:45,62656,10,814
05-24-2020,14:45,62664,11,130
05-24-2020,14:45,62675,6,291
05-24-2020,14:45,62681,9,165
05-24-2020,14:45,62684,71,535
05-24-2020,14:45,62702,62,2120
05-24-2020,14:45,62703,59,1755
05-24-2020,14:45,62704,41,2012
05-24-2020,14:45,62707,18,494
05-24-2020,14:45,62711,23,993
05-24-2020,14:45,62801,61,840
05-24-2020,14:45,62832,16,325
05-24-2020,14:45,62837,7,331
05-24-2020,14:45,62864,83,814
05-24-2020,14:45,62882,11,104
05-24-2020,14:45,62901,115,937
05-24-2020,14:45,62902,13,134
05-24-2020,14:45,62906,66,547
05-24-2020,14:45,62907,14,67
05-24-2020,14:45,62912,7,46
05-24-2020,14:45,62918,13,308
05-24-2020,14:45,62920,57,250
05-24-2020,14:45,62948,8,363
05-24-2020,14:45,62959,26,794
05-24-2020,14:45,62966,66,550
05-24-2020,14:45,62992,32,118
05-23-2020,23:48,53142,6,209
05-23-2020,23:48,60002,84,717
05-23-2020,23:48,60004,241,2975
05-23-2020,23:48,60005,142,995
05-23-2020,23:48,60007,240,1233
05-23-2020,23:48,60008,239,1174
05-23-2020,23:48,60010,87,1043
05-23-2020,23:48,60012,69,309
05-23-2020,23:48,60013,72,575
05-23-2020,23:48,60014,169,1428
05-23-2020,23:48,60015,156,1036
05-23-2020,23:48,60016,883,3588
05-23-2020,23:48,60018,478,1817
05-23-2020,23:48,60020,32,398
05-23-2020,23:48,60021,18,127
05-23-2020,23:48,60022,23,306
05-23-2020,23:48,60025,306,1993
05-23-2020,23:48,60026,121,702
05-23-2020,23:48,60029,7,53
05-23-2020,23:48,60030,148,1275
05-23-2020,23:48,60031,250,1684
05-23-2020,23:48,60033,137,586
05-23-2020,23:48,60035,215,1453
05-23-2020,23:48,60040,127,321
05-23-2020,23:48,60041,39,303
05-23-2020,23:48,60042,25,235
05-23-2020,23:48,60043,16,126
05-23-2020,23:48,60044,83,546
05-23-2020,23:48,60045,105,817
05-23-2020,23:48,60046,164,1101
05-23-2020,23:48,60047,238,1124
05-23-2020,23:48,60048,100,868
05-23-2020,23:48,60050,173,1153
05-23-2020,23:48,60051,81,762
05-23-2020,23:48,60053,242,1328
05-23-2020,23:48,60056,496,2337
05-23-2020,23:48,60060,364,1464
05-23-2020,23:48,60061,153,903
05-23-2020,23:48,60062,266,2179
05-23-2020,23:48,60064,537,1269
05-23-2020,23:48,60067,153,1402
05-23-2020,23:48,60068,261,1459
05-23-2020,23:48,60069,64,379
05-23-2020,23:48,60070,192,827
05-23-2020,23:48,60071,7,108
05-23-2020,23:48,60073,778,2909
05-23-2020,23:48,60074,304,1475
05-23-2020,23:48,60076,426,2181
05-23-2020,23:48,60077,346,1763
05-23-2020,23:48,60079,11,41
05-23-2020,23:48,60081,35,265
05-23-2020,23:48,60083,83,488
05-23-2020,23:48,60084,151,550
05-23-2020,23:48,60085,2085,5786
05-23-2020,23:48,60087,545,2148
05-23-2020,23:48,60088,45,147
05-23-2020,23:48,60089,209,1459
05-23-2020,23:48,60090,599,2252
05-23-2020,23:48,60091,123,1095
05-23-2020,23:48,60093,137,945
05-23-2020,23:48,60096,31,250
05-23-2020,23:48,60097,36,346
05-23-2020,23:48,60098,254,1270
05-23-2020,23:48,60099,484,1915
05-23-2020,23:48,60101,648,2384
05-23-2020,23:48,60102,117,922
05-23-2020,23:48,60103,217,1619
05-23-2020,23:48,60104,360,1484
05-23-2020,23:48,60106,421,1589
05-23-2020,23:48,60107,477,2096
05-23-2020,23:48,60108,215,1753
05-23-2020,23:48,60109,10,283
05-23-2020,23:48,60110,528,1722
05-23-2020,23:48,60112,18,174
05-23-2020,23:48,60115,144,1386
05-23-2020,23:48,60118,61,517
05-23-2020,23:48,60119,33,354
05-23-2020,23:48,60120,1018,3410
05-23-2020,23:48,60123,606,2726
05-23-2020,23:48,60124,88,751
05-23-2020,23:48,60126,216,1850
05-23-2020,23:48,60130,118,1229
05-23-2020,23:48,60131,312,1295
05-23-2020,23:48,60133,616,2390
05-23-2020,23:48,60134,115,913
05-23-2020,23:48,60135,26,280
05-23-2020,23:48,60136,42,263
05-23-2020,23:48,60137,124,1226
05-23-2020,23:48,60139,501,2094
05-23-2020,23:48,60140,70,620
05-23-2020,23:48,60141,16,321
05-23-2020,23:48,60142,72,943
05-23-2020,23:48,60143,144,668
05-23-2020,23:48,60145,6,79
05-23-2020,23:48,60146,8,75
05-23-2020,23:48,60148,287,2021
05-23-2020,23:48,60151,15,149
05-23-2020,23:48,60152,65,393
05-23-2020,23:48,60153,416,1918
05-23-2020,23:48,60154,174,1257
05-23-2020,23:48,60155,155,613
05-23-2020,23:48,60156,116,853
05-23-2020,23:48,60157,13,91
05-23-2020,23:48,60160,576,2087
05-23-2020,23:48,60162,132,717
05-23-2020,23:48,60163,80,373
05-23-2020,23:48,60164,413,2107
05-23-2020,23:48,60165,157,445
05-23-2020,23:48,60169,296,1342
05-23-2020,23:48,60171,95,606
05-23-2020,23:48,60172,194,972
05-23-2020,23:48,60173,71,356
05-23-2020,23:48,60174,138,1485
05-23-2020,23:48,60175,68,807
05-23-2020,23:48,60176,125,596
05-23-2020,23:48,60177,217,973
05-23-2020,23:48,60178,38,611
05-23-2020,23:48,60181,205,1259
05-23-2020,23:48,60185,629,2408
05-23-2020,23:48,60187,96,1136
05-23-2020,23:48,60188,403,2133
05-23-2020,23:48,60189,78,958
05-23-2020,23:48,60190,33,510
05-23-2020,23:48,60191,172,725
05-23-2020,23:48,60192,39,402
05-23-2020,23:48,60193,194,1284
05-23-2020,23:48,60194,111,817
05-23-2020,23:48,60195,13,120
05-23-2020,23:48,60201,293,2250
05-23-2020,23:48,60202,342,1978
05-23-2020,23:48,60203,24,218
05-23-2020,23:48,60301,21,169
05-23-2020,23:48,60302,189,1840
05-23-2020,23:48,60304,69,783
05-23-2020,23:48,60305,41,462
05-23-2020,23:48,60401,37,434
05-23-2020,23:48,60402,1164,5036
05-23-2020,23:48,60403,169,1096
05-23-2020,23:48,60404,91,932
05-23-2020,23:48,60406,412,2144
05-23-2020,23:48,60408,15,171
05-23-2020,23:48,60409,489,2933
05-23-2020,23:48,60410,37,476
05-23-2020,23:48,60411,759,4351
05-23-2020,23:48,60415,168,753
05-23-2020,23:48,60416,7,180
05-23-2020,23:48,60417,124,942
05-23-2020,23:48,60418,81,409
05-23-2020,23:48,60419,310,1965
05-23-2020,23:48,60420,6,109
05-23-2020,23:48,60421,10,122
05-23-2020,23:48,60422,77,685
05-23-2020,23:48,60423,118,1151
05-23-2020,23:48,60425,154,959
05-23-2020,23:48,60426,391,2330
05-23-2020,23:48,60428,177,1198
05-23-2020,23:48,60429,200,1584
05-23-2020,23:48,60430,245,1466
05-23-2020,23:48,60431,174,1517
05-23-2020,23:48,60432,328,1353
05-23-2020,23:48,60433,241,1057
05-23-2020,23:48,60434,160,199
05-23-2020,23:48,60435,571,3491
05-23-2020,23:48,60436,173,1199
05-23-2020,23:48,60438,308,1828
05-23-2020,23:48,60439,80,871
05-23-2020,23:48,60440,756,4104
05-23-2020,23:48,60441,174,1293
05-23-2020,23:48,60442,35,367
05-23-2020,23:48,60443,312,1826
05-23-2020,23:48,60445,133,1048
05-23-2020,23:48,60446,420,2582
05-23-2020,23:48,60447,42,497
05-23-2020,23:48,60448,115,800
05-23-2020,23:48,60449,63,533
05-23-2020,23:48,60450,30,463
05-23-2020,23:48,60451,92,1089
05-23-2020,23:48,60452,180,1430
05-23-2020,23:48,60453,632,3245
05-23-2020,23:48,60455,265,1222
05-23-2020,23:48,60456,44,267
05-23-2020,23:48,60457,107,586
05-23-2020,23:48,60458,114,805
05-23-2020,23:48,60459,337,1809
05-23-2020,23:48,60461,52,421
05-23-2020,23:48,60462,261,1832
05-23-2020,23:48,60463,204,813
05-23-2020,23:48,60464,41,378
05-23-2020,23:48,60465,203,851
05-23-2020,23:48,60466,435,2251
05-23-2020,23:48,60467,149,1004
05-23-2020,23:48,60468,28,215
05-23-2020,23:48,60469,66,439
05-23-2020,23:48,60471,183,1078
05-23-2020,23:48,60472,55,452
05-23-2020,23:48,60473,337,2050
05-23-2020,23:48,60475,65,514
05-23-2020,23:48,60476,16,146
05-23-2020,23:48,60477,206,1668
05-23-2020,23:48,60478,283,1972
05-23-2020,23:48,60480,29,258
05-23-2020,23:48,60481,21,348
05-23-2020,23:48,60482,78,482
05-23-2020,23:48,60484,105,537
05-23-2020,23:48,60487,117,1059
05-23-2020,23:48,60490,130,1100
05-23-2020,23:48,60491,116,765
05-23-2020,23:48,60501,225,829
05-23-2020,23:48,60502,79,773
05-23-2020,23:48,60503,54,458
05-23-2020,23:48,60504,277,1590
05-23-2020,23:48,60505,1520,4939
05-23-2020,23:48,60506,849,4011
05-23-2020,23:48,60510,88,1044
05-23-2020,23:48,60513,137,1245
05-23-2020,23:48,60514,39,437
05-23-2020,23:48,60515,80,877
05-23-2020,23:48,60516,105,1022
05-23-2020,23:48,60517,191,1504
05-23-2020,23:48,60520,8,90
05-23-2020,23:48,60521,179,915
05-23-2020,23:48,60523,93,581
05-23-2020,23:48,60525,232,1914
05-23-2020,23:48,60526,74,1027
05-23-2020,23:48,60527,206,1643
05-23-2020,23:48,60532,103,1040
05-23-2020,23:48,60534,136,730
05-23-2020,23:48,60538,248,1324
05-23-2020,23:48,60540,111,1427
05-23-2020,23:48,60541,8,72
05-23-2020,23:48,60542,122,886
05-23-2020,23:48,60543,212,1349
05-23-2020,23:48,60544,148,1369
05-23-2020,23:48,60545,124,742
05-23-2020,23:48,60546,138,1444
05-23-2020,23:48,60548,62,481
05-23-2020,23:48,60551,22,89
05-23-2020,23:48,60552,6,120
05-23-2020,23:48,60554,33,414
05-23-2020,23:48,60555,105,689
05-23-2020,23:48,60558,40,520
05-23-2020,23:48,60559,272,1386
05-23-2020,23:48,60560,74,751
05-23-2020,23:48,60561,103,1019
05-23-2020,23:48,60563,158,1534
05-23-2020,23:48,60564,116,1261
05-23-2020,23:48,60565,166,1212
05-23-2020,23:48,60585,76,781
05-23-2020,23:48,60586,299,2249
05-23-2020,23:48,60601,67,644
05-23-2020,23:48,60602,14,125
05-23-2020,23:48,60603,6,66
05-23-2020,23:48,60604,17,98
05-23-2020,23:48,60605,161,1383
05-23-2020,23:48,60606,49,454
05-23-2020,23:48,60607,417,1795
05-23-2020,23:48,60608,1454,5532
05-23-2020,23:48,60609,1451,4902
05-23-2020,23:48,60610,222,2041
05-23-2020,23:48,60611,127,2162
05-23-2020,23:48,60612,605,3485
05-23-2020,23:48,60613,339,2093
05-23-2020,23:48,60614,450,3658
05-23-2020,23:48,60615,336,2731
05-23-2020,23:48,60616,376,3167
05-23-2020,23:48,60617,949,6076
05-23-2020,23:48,60618,1033,5052
05-23-2020,23:48,60619,803,5934
05-23-2020,23:48,60620,985,5712
05-23-2020,23:48,60621,474,2443
05-23-2020,23:48,60622,549,2998
05-23-2020,23:48,60623,2785,7413
05-23-2020,23:48,60624,733,3100
05-23-2020,23:48,60625,1151,4582
05-23-2020,23:48,60626,845,3557
05-23-2020,23:48,60628,916,4933
05-23-2020,23:48,60629,2660,8506
05-23-2020,23:48,60630,672,3314
05-23-2020,23:48,60631,258,2216
05-23-2020,23:48,60632,2596,7019
05-23-2020,23:48,60633,236,1555
05-23-2020,23:48,60634,1207,6414
05-23-2020,23:48,60636,602,2399
05-23-2020,23:48,60637,542,3935
05-23-2020,23:48,60638,970,4513
05-23-2020,23:48,60639,2758,8378
05-23-2020,23:48,60640,695,3917
05-23-2020,23:48,60641,1204,4932
05-23-2020,23:48,60642,136,1052
05-23-2020,23:48,60643,632,4198
05-23-2020,23:48,60644,1009,4472
05-23-2020,23:48,60645,957,3825
05-23-2020,23:48,60646,324,1992
05-23-2020,23:48,60647,1118,4912
05-23-2020,23:48,60649,656,4013
05-23-2020,23:48,60651,1406,5167
05-23-2020,23:48,60652,760,3229
05-23-2020,23:48,60653,453,3011
05-23-2020,23:48,60654,131,901
05-23-2020,23:48,60655,234,2086
05-23-2020,23:48,60656,232,1787
05-23-2020,23:48,60657,305,3308
05-23-2020,23:48,60659,622,2359
05-23-2020,23:48,60660,352,1870
05-23-2020,23:48,60661,37,418
05-23-2020,23:48,60706,297,2119
05-23-2020,23:48,60707,690,3470
05-23-2020,23:48,60712,144,772
05-23-2020,23:48,60714,647,2415
05-23-2020,23:48,60803,211,1237
05-23-2020,23:48,60804,2424,7687
05-23-2020,23:48,60805,198,1131
05-23-2020,23:48,60827,305,1804
05-23-2020,23:48,60901,439,2540
05-23-2020,23:48,60911,9,61
05-23-2020,23:48,60912,6,30
05-23-2020,23:48,60914,128,1233
05-23-2020,23:48,60915,49,545
05-23-2020,23:48,60919,6,21
05-23-2020,23:48,60922,11,116
05-23-2020,23:48,60927,47,153
05-23-2020,23:48,60928,7,18
05-23-2020,23:48,60930,6,14
05-23-2020,23:48,60938,6,51
05-23-2020,23:48,60940,6,112
05-23-2020,23:48,60941,6,64
05-23-2020,23:48,60942,6,204
05-23-2020,23:48,60950,62,692
05-23-2020,23:48,60954,26,392
05-23-2020,23:48,60955,11,55
05-23-2020,23:48,60957,7,174
05-23-2020,23:48,60958,18,98
05-23-2020,23:48,60964,28,198
05-23-2020,23:48,60970,11,224
05-23-2020,23:48,61008,331,1691
05-23-2020,23:48,61010,9,193
05-23-2020,23:48,61011,7,74
05-23-2020,23:48,61012,13,66
05-23-2020,23:48,61016,28,267
05-23-2020,23:48,61020,8,134
05-23-2020,23:48,61021,66,882
05-23-2020,23:48,61032,153,1580
05-23-2020,23:48,61036,6,236
05-23-2020,23:48,61054,7,136
05-23-2020,23:48,61061,10,176
05-23-2020,23:48,61064,10,95
05-23-2020,23:48,61065,33,350
05-23-2020,23:48,61068,122,981
05-23-2020,23:48,61071,29,249
05-23-2020,23:48,61072,25,343
05-23-2020,23:48,61073,46,628
05-23-2020,23:48,61080,39,317
05-23-2020,23:48,61081,65,452
05-23-2020,23:48,61084,7,62
05-23-2020,23:48,61088,9,204
05-23-2020,23:48,61101,208,1532
05-23-2020,23:48,61102,191,1325
05-23-2020,23:48,61103,201,1775
05-23-2020,23:48,61104,202,1170
05-23-2020,23:48,61107,142,1787
05-23-2020,23:48,61108,260,1735
05-23-2020,23:48,61109,204,1517
05-23-2020,23:48,61111,72,1099
05-23-2020,23:48,61114,79,845
05-23-2020,23:48,61115,81,976
05-23-2020,23:48,61201,176,1074
05-23-2020,23:48,61235,8,63
05-23-2020,23:48,61239,8,36
05-23-2020,23:48,61240,10,143
05-23-2020,23:48,61241,15,202
05-23-2020,23:48,61244,154,921
05-23-2020,23:48,61252,22,110
05-23-2020,23:48,61254,8,305
05-23-2020,23:48,61256,6,54
05-23-2020,23:48,61264,21,303
05-23-2020,23:48,61265,195,1530
05-23-2020,23:48,61270,7,134
05-23-2020,23:48,61275,10,92
05-23-2020,23:48,61282,39,282
05-23-2020,23:48,61341,34,294
05-23-2020,23:48,61342,15,160
05-23-2020,23:48,61350,18,477
05-23-2020,23:48,61356,6,250
05-23-2020,23:48,61401,82,1192
05-23-2020,23:48,61410,6,75
05-23-2020,23:48,61443,17,315
05-23-2020,23:48,61455,67,620
05-23-2020,23:48,61462,103,539
05-23-2020,23:48,61469,7,99
05-23-2020,23:48,61525,7,251
05-23-2020,23:48,61548,7,283
05-23-2020,23:48,61550,6,497
05-23-2020,23:48,61554,20,1442
05-23-2020,23:48,61603,26,861
05-23-2020,23:48,61604,30,1332
05-23-2020,23:48,61605,20,676
05-23-2020,23:48,61610,6,170
05-23-2020,23:48,61611,19,807
05-23-2020,23:48,61614,47,1088
05-23-2020,23:48,61615,22,876
05-23-2020,23:48,61701,45,1528
05-23-2020,23:48,61704,73,1267
05-23-2020,23:48,61705,13,501
05-23-2020,23:48,61761,47,1442
05-23-2020,23:48,61764,16,303
05-23-2020,23:48,61801,32,913
05-23-2020,23:48,61802,71,1143
05-23-2020,23:48,61820,97,1099
05-23-2020,23:48,61821,99,1625
05-23-2020,23:48,61822,42,1133
05-23-2020,23:48,61832,20,856
05-23-2020,23:48,61853,12,593
05-23-2020,23:48,61866,141,1276
05-23-2020,23:48,61874,15,475
05-23-2020,23:48,61910,6,197
05-23-2020,23:48,61920,66,865
05-23-2020,23:48,61938,24,824
05-23-2020,23:48,61951,6,157
05-23-2020,23:48,61953,14,236
05-23-2020,23:48,62002,85,542
05-23-2020,23:48,62010,13,132
05-23-2020,23:48,62012,6,166
05-23-2020,23:48,62018,8,64
05-23-2020,23:48,62024,9,107
05-23-2020,23:48,62025,107,623
05-23-2020,23:48,62034,61,241
05-23-2020,23:48,62035,19,211
05-23-2020,23:48,62040,72,579
05-23-2020,23:48,62052,14,105
05-23-2020,23:48,62056,13,353
05-23-2020,23:48,62059,7,19
05-23-2020,23:48,62060,20,81
05-23-2020,23:48,62062,8,451
05-23-2020,23:48,62069,8,93
05-23-2020,23:48,62088,6,324
05-23-2020,23:48,62090,11,26
05-23-2020,23:48,62095,21,154
05-23-2020,23:48,62201,15,111
05-23-2020,23:48,62203,35,219
05-23-2020,23:48,62204,41,226
05-23-2020,23:48,62205,43,288
05-23-2020,23:48,62206,89,409
05-23-2020,23:48,62207,63,209
05-23-2020,23:48,62208,58,337
05-23-2020,23:48,62220,115,347
05-23-2020,23:48,62221,91,493
05-23-2020,23:48,62223,45,311
05-23-2020,23:48,62226,116,740
05-23-2020,23:48,62230,8,137
05-23-2020,23:48,62231,75,318
05-23-2020,23:48,62232,17,278
05-23-2020,23:48,62233,94,408
05-23-2020,23:48,62234,54,507
05-23-2020,23:48,62236,40,150
05-23-2020,23:48,62237,6,207
05-23-2020,23:48,62239,11,50
05-23-2020,23:48,62243,7,45
05-23-2020,23:48,62249,13,191
05-23-2020,23:48,62254,27,143
05-23-2020,23:48,62257,7,65
05-23-2020,23:48,62258,14,117
05-23-2020,23:48,62264,18,37
05-23-2020,23:48,62265,31,335
05-23-2020,23:48,62269,67,455
05-23-2020,23:48,62272,49,141
05-23-2020,23:48,62274,10,132
05-23-2020,23:48,62278,15,134
05-23-2020,23:48,62285,8,48
05-23-2020,23:48,62286,41,254
05-23-2020,23:48,62288,32,179
05-23-2020,23:48,62293,8,97
05-23-2020,23:48,62294,17,202
05-23-2020,23:48,62295,7,24
05-23-2020,23:48,62298,45,222
05-23-2020,23:48,62301,22,1856
05-23-2020,23:48,62305,15,193
05-23-2020,23:48,62353,7,291
05-23-2020,23:48,62428,7,90
05-23-2020,23:48,62441,6,110
05-23-2020,23:48,62448,36,325
05-23-2020,23:48,62454,8,147
05-23-2020,23:48,62471,17,188
05-23-2020,23:48,62521,106,1028
05-23-2020,23:48,62522,31,285
05-23-2020,23:48,62526,38,772
05-23-2020,23:48,62560,7,62
05-23-2020,23:48,62565,14,316
05-23-2020,23:48,62568,26,454
05-23-2020,23:48,62618,59,548
05-23-2020,23:48,62629,13,657
05-23-2020,23:48,62650,26,837
05-23-2020,23:48,62656,10,808
05-23-2020,23:48,62664,11,130
05-23-2020,23:48,62675,6,287
05-23-2020,23:48,62681,9,162
05-23-2020,23:48,62684,71,524
05-23-2020,23:48,62702,61,2061
05-23-2020,23:48,62703,59,1700
05-23-2020,23:48,62704,41,1977
05-23-2020,23:48,62707,18,475
05-23-2020,23:48,62711,23,977
05-23-2020,23:48,62801,61,831
05-23-2020,23:48,62832,16,318
05-23-2020,23:48,62837,7,325
05-23-2020,23:48,62864,82,794
05-23-2020,23:48,62882,11,104
05-23-2020,23:48,62901,114,912
05-23-2020,23:48,62902,13,130
05-23-2020,23:48,62906,65,539
05-23-2020,23:48,62907,14,66
05-23-2020,23:48,62912,7,45
05-23-2020,23:48,62918,12,298
05-23-2020,23:48,62920,57,250
05-23-2020,23:48,62948,8,355
05-23-2020,23:48,62959,26,781
05-23-2020,23:48,62966,56,537
05-23-2020,23:48,62992,32,118
05-22-2020,14:45,53142,7,206
05-22-2020,14:45,60002,85,692
05-22-2020,14:45,60004,237,2917
05-22-2020,14:45,60005,140,955
05-22-2020,14:45,60007,240,1208
05-22-2020,14:45,60008,236,1143
05-22-2020,14:45,60010,85,1023
05-22-2020,14:45,60012,69,301
05-22-2020,14:45,60013,71,553
05-22-2020,14:45,60014,162,1367
05-22-2020,14:45,60015,153,1001
05-22-2020,14:45,60016,872,3493
05-22-2020,14:45,60018,467,1754
05-22-2020,14:45,60020,32,381
05-22-2020,14:45,60021,18,127
05-22-2020,14:45,60022,23,295
05-22-2020,14:45,60025,301,1916
05-22-2020,14:45,60026,120,652
05-22-2020,14:45,60029,7,52
05-22-2020,14:45,60030,143,1219
05-22-2020,14:45,60031,245,1633
05-22-2020,14:45,60033,129,555
05-22-2020,14:45,60035,210,1417
05-22-2020,14:45,60040,119,301
05-22-2020,14:45,60041,38,292
05-22-2020,14:45,60042,24,223
05-22-2020,14:45,60043,16,122
05-22-2020,14:45,60044,78,510
05-22-2020,14:45,60045,105,801
05-22-2020,14:45,60046,160,1067
05-22-2020,14:45,60047,216,1068
05-22-2020,14:45,60048,98,834
05-22-2020,14:45,60050,173,1115
05-22-2020,14:45,60051,79,736
05-22-2020,14:45,60053,237,1181
05-22-2020,14:45,60056,489,2269
05-22-2020,14:45,60060,358,1424
05-22-2020,14:45,60061,148,872
05-22-2020,14:45,60062,262,2129
05-22-2020,14:45,60064,533,1226
05-22-2020,14:45,60067,152,1373
05-22-2020,14:45,60068,256,1401
05-22-2020,14:45,60069,63,365
05-22-2020,14:45,60070,188,782
05-22-2020,14:45,60071,7,105
05-22-2020,14:45,60073,755,2790
05-22-2020,14:45,60074,295,1428
05-22-2020,14:45,60076,418,2127
05-22-2020,14:45,60077,343,1710
05-22-2020,14:45,60079,11,41
05-22-2020,14:45,60081,34,258
05-22-2020,14:45,60083,82,473
05-22-2020,14:45,60084,148,529
05-22-2020,14:45,60085,2044,5557
05-22-2020,14:45,60087,540,2071
05-22-2020,14:45,60088,45,134
05-22-2020,14:45,60089,203,1398
05-22-2020,14:45,60090,580,2167
05-22-2020,14:45,60091,123,1073
05-22-2020,14:45,60093,132,925
05-22-2020,14:45,60096,30,247
05-22-2020,14:45,60097,34,333
05-22-2020,14:45,60098,249,1221
05-22-2020,14:45,60099,467,1749
05-22-2020,14:45,60101,633,2277
05-22-2020,14:45,60102,111,878
05-22-2020,14:45,60103,216,1531
05-22-2020,14:45,60104,357,1443
05-22-2020,14:45,60106,411,1541
05-22-2020,14:45,60107,461,2004
05-22-2020,14:45,60108,209,1700
05-22-2020,14:45,60109,10,281
05-22-2020,14:45,60110,502,1634
05-22-2020,14:45,60112,18,169
05-22-2020,14:45,60115,137,1330
05-22-2020,14:45,60118,61,493
05-22-2020,14:45,60119,33,344
05-22-2020,14:45,60120,994,3255
05-22-2020,14:45,60123,584,2607
05-22-2020,14:45,60124,85,727
05-22-2020,14:45,60126,213,1800
05-22-2020,14:45,60130,116,1197
05-22-2020,14:45,60131,302,1241
05-22-2020,14:45,60133,593,2260
05-22-2020,14:45,60134,113,879
05-22-2020,14:45,60135,25,264
05-22-2020,14:45,60136,41,258
05-22-2020,14:45,60137,122,1194
05-22-2020,14:45,60139,490,2010
05-22-2020,14:45,60140,69,596
05-22-2020,14:45,60141,16,310
05-22-2020,14:45,60142,69,911
05-22-2020,14:45,60143,139,650
05-22-2020,14:45,60145,7,75
05-22-2020,14:45,60146,8,72
05-22-2020,14:45,60148,277,1942
05-22-2020,14:45,60151,15,147
05-22-2020,14:45,60152,64,382
05-22-2020,14:45,60153,406,1851
05-22-2020,14:45,60154,172,1218
05-22-2020,14:45,60155,154,591
05-22-2020,14:45,60156,113,824
05-22-2020,14:45,60157,13,87
05-22-2020,14:45,60160,558,1995
05-22-2020,14:45,60162,128,690
05-22-2020,14:45,60163,79,360
05-22-2020,14:45,60164,399,2027
05-22-2020,14:45,60165,154,428
05-22-2020,14:45,60169,291,1305
05-22-2020,14:45,60171,92,586
05-22-2020,14:45,60172,188,926
05-22-2020,14:45,60173,70,340
05-22-2020,14:45,60174,135,1434
05-22-2020,14:45,60175,68,793
05-22-2020,14:45,60176,123,571
05-22-2020,14:45,60177,210,935
05-22-2020,14:45,60178,38,592
05-22-2020,14:45,60181,200,1217
05-22-2020,14:45,60185,618,2318
05-22-2020,14:45,60187,94,1103
05-22-2020,14:45,60188,400,2072
05-22-2020,14:45,60189,76,939
05-22-2020,14:45,60190,33,499
05-22-2020,14:45,60191,166,691
05-22-2020,14:45,60192,40,395
05-22-2020,14:45,60193,187,1231
05-22-2020,14:45,60194,107,778
05-22-2020,14:45,60195,13,119
05-22-2020,14:45,60201,288,2202
05-22-2020,14:45,60202,332,1940
05-22-2020,14:45,60203,23,214
05-22-2020,14:45,60301,21,164
05-22-2020,14:45,60302,186,1790
05-22-2020,14:45,60304,69,763
05-22-2020,14:45,60305,40,447
05-22-2020,14:45,60401,37,411
05-22-2020,14:45,60402,1148,4877
05-22-2020,14:45,60403,169,1069
05-22-2020,14:45,60404,88,908
05-22-2020,14:45,60406,400,2048
05-22-2020,14:45,60408,15,165
05-22-2020,14:45,60409,475,2786
05-22-2020,14:45,60410,36,457
05-22-2020,14:45,60411,744,4210
05-22-2020,14:45,60415,166,716
05-22-2020,14:45,60416,7,176
05-22-2020,14:45,60417,124,902
05-22-2020,14:45,60418,77,386
05-22-2020,14:45,60419,304,1887
05-22-2020,14:45,60420,6,103
05-22-2020,14:45,60421,10,118
05-22-2020,14:45,60422,75,659
05-22-2020,14:45,60423,118,1113
05-22-2020,14:45,60425,154,945
05-22-2020,14:45,60426,385,2242
05-22-2020,14:45,60428,172,1155
05-22-2020,14:45,60429,197,1532
05-22-2020,14:45,60430,239,1421
05-22-2020,14:45,60431,166,1457
05-22-2020,14:45,60432,316,1286
05-22-2020,14:45,60433,238,1015
05-22-2020,14:45,60434,160,194
05-22-2020,14:45,60435,561,3363
05-22-2020,14:45,60436,169,1153
05-22-2020,14:45,60438,304,1768
05-22-2020,14:45,60439,78,838
05-22-2020,14:45,60440,744,3937
05-22-2020,14:45,60441,173,1264
05-22-2020,14:45,60442,34,344
05-22-2020,14:45,60443,310,1761
05-22-2020,14:45,60445,128,1004
05-22-2020,14:45,60446,409,2499
05-22-2020,14:45,60447,38,490
05-22-2020,14:45,60448,114,771
05-22-2020,14:45,60449,62,518
05-22-2020,14:45,60450,30,456
05-22-2020,14:45,60451,89,1024
05-22-2020,14:45,60452,174,1345
05-22-2020,14:45,60453,622,3110
05-22-2020,14:45,60455,259,1189
05-22-2020,14:45,60456,42,261
05-22-2020,14:45,60457,107,566
05-22-2020,14:45,60458,111,778
05-22-2020,14:45,60459,331,1712
05-22-2020,14:45,60461,52,401
05-22-2020,14:45,60462,254,1747
05-22-2020,14:45,60463,204,789
05-22-2020,14:45,60464,41,365
05-22-2020,14:45,60465,203,820
05-22-2020,14:45,60466,432,2180
05-22-2020,14:45,60467,147,979
05-22-2020,14:45,60468,27,203
05-22-2020,14:45,60469,62,403
05-22-2020,14:45,60471,179,1045
05-22-2020,14:45,60472,54,433
05-22-2020,14:45,60473,334,1974
05-22-2020,14:45,60475,63,492
05-22-2020,14:45,60476,15,139
05-22-2020,14:45,60477,201,1594
05-22-2020,14:45,60478,283,1890
05-22-2020,14:45,60480,29,241
05-22-2020,14:45,60481,21,332
05-22-2020,14:45,60482,79,474
05-22-2020,14:45,60484,104,523
05-22-2020,14:45,60487,115,1016
05-22-2020,14:45,60490,130,1062
05-22-2020,14:45,60491,115,739
05-22-2020,14:45,60501,220,796
05-22-2020,14:45,60502,78,743
05-22-2020,14:45,60503,53,439
05-22-2020,14:45,60504,268,1509
05-22-2020,14:45,60505,1484,4677
05-22-2020,14:45,60506,819,3852
05-22-2020,14:45,60510,86,993
05-22-2020,14:45,60513,136,1215
05-22-2020,14:45,60514,39,427
05-22-2020,14:45,60515,81,846
05-22-2020,14:45,60516,103,982
05-22-2020,14:45,60517,189,1430
05-22-2020,14:45,60520,8,88
05-22-2020,14:45,60521,179,905
05-22-2020,14:45,60523,90,560
05-22-2020,14:45,60525,229,1860
05-22-2020,14:45,60526,72,963
05-22-2020,14:45,60527,202,1580
05-22-2020,14:45,60532,101,978
05-22-2020,14:45,60534,133,697
05-22-2020,14:45,60538,242,1265
05-22-2020,14:45,60540,108,1364
05-22-2020,14:45,60541,8,70
05-22-2020,14:45,60542,120,856
05-22-2020,14:45,60543,209,1293
05-22-2020,14:45,60544,148,1332
05-22-2020,14:45,60545,122,725
05-22-2020,14:45,60546,134,1395
05-22-2020,14:45,60548,57,465
05-22-2020,14:45,60551,19,85
05-22-2020,14:45,60552,6,117
05-22-2020,14:45,60554,33,396
05-22-2020,14:45,60555,105,673
05-22-2020,14:45,60558,39,500
05-22-2020,14:45,60559,270,1353
05-22-2020,14:45,60560,72,707
05-22-2020,14:45,60561,101,994
05-22-2020,14:45,60563,152,1479
05-22-2020,14:45,60564,116,1225
05-22-2020,14:45,60565,164,1171
05-22-2020,14:45,60585,75,746
05-22-2020,14:45,60586,292,2151
05-22-2020,14:45,60601,65,624
05-22-2020,14:45,60602,13,125
05-22-2020,14:45,60603,6,64
05-22-2020,14:45,60604,16,92
05-22-2020,14:45,60605,159,1331
05-22-2020,14:45,60606,47,439
05-22-2020,14:45,60607,416,1737
05-22-2020,14:45,60608,1429,5335
05-22-2020,14:45,60609,1396,4641
05-22-2020,14:45,60610,220,1935
05-22-2020,14:45,60611,126,2095
05-22-2020,14:45,60612,590,3389
05-22-2020,14:45,60613,334,1994
05-22-2020,14:45,60614,445,3513
05-22-2020,14:45,60615,330,2624
05-22-2020,14:45,60616,367,3040
05-22-2020,14:45,60617,929,5797
05-22-2020,14:45,60618,1004,4770
05-22-2020,14:45,60619,788,5575
05-22-2020,14:45,60620,971,5491
05-22-2020,14:45,60621,469,2339
05-22-2020,14:45,60622,540,2822
05-22-2020,14:45,60623,2728,7137
05-22-2020,14:45,60624,717,3003
05-22-2020,14:45,60625,1122,4284
05-22-2020,14:45,60626,824,3359
05-22-2020,14:45,60628,908,4689
05-22-2020,14:45,60629,2607,8078
05-22-2020,14:45,60630,649,3074
05-22-2020,14:45,60631,253,2068
05-22-2020,14:45,60632,2517,6680
05-22-2020,14:45,60633,234,1524
05-22-2020,14:45,60634,1176,6103
05-22-2020,14:45,60636,594,2296
05-22-2020,14:45,60637,538,3807
05-22-2020,14:45,60638,949,4330
05-22-2020,14:45,60639,2688,7966
05-22-2020,14:45,60640,683,3711
05-22-2020,14:45,60641,1169,4631
05-22-2020,14:45,60642,135,1003
05-22-2020,14:45,60643,628,4000
05-22-2020,14:45,60644,991,4319
05-22-2020,14:45,60645,944,3721
05-22-2020,14:45,60646,314,1879
05-22-2020,14:45,60647,1086,4657
05-22-2020,14:45,60649,647,3866
05-22-2020,14:45,60651,1361,4932
05-22-2020,14:45,60652,749,3103
05-22-2020,14:45,60653,446,2873
05-22-2020,14:45,60654,129,860
05-22-2020,14:45,60655,229,1966
05-22-2020,14:45,60656,224,1672
05-22-2020,14:45,60657,300,3108
05-22-2020,14:45,60659,595,2237
05-22-2020,14:45,60660,340,1707
05-22-2020,14:45,60661,37,400
05-22-2020,14:45,60706,295,2037
05-22-2020,14:45,60707,671,3326
05-22-2020,14:45,60712,144,754
05-22-2020,14:45,60714,637,2333
05-22-2020,14:45,60803,207,1183
05-22-2020,14:45,60804,2374,7404
05-22-2020,14:45,60805,197,1091
05-22-2020,14:45,60827,298,1735
05-22-2020,14:45,60901,426,2466
05-22-2020,14:45,60911,9,60
05-22-2020,14:45,60912,6,29
05-22-2020,14:45,60914,121,1206
05-22-2020,14:45,60915,42,527
05-22-2020,14:45,60919,6,21
05-22-2020,14:45,60922,13,112
05-22-2020,14:45,60927,44,145
05-22-2020,14:45,60928,7,18
05-22-2020,14:45,60930,6,13
05-22-2020,14:45,60938,6,51
05-22-2020,14:45,60940,6,108
05-22-2020,14:45,60942,6,187
05-22-2020,14:45,60950,61,680
05-22-2020,14:45,60954,24,380
05-22-2020,14:45,60955,11,55
05-22-2020,14:45,60957,7,171
05-22-2020,14:45,60958,18,98
05-22-2020,14:45,60964,27,189
05-22-2020,14:45,60970,11,216
05-22-2020,14:45,61008,312,1595
05-22-2020,14:45,61010,9,179
05-22-2020,14:45,61011,7,72
05-22-2020,14:45,61012,13,62
05-22-2020,14:45,61016,28,249
05-22-2020,14:45,61020,8,129
05-22-2020,14:45,61021,63,847
05-22-2020,14:45,61032,150,1465
05-22-2020,14:45,61054,7,133
05-22-2020,14:45,61061,10,172
05-22-2020,14:45,61064,10,88
05-22-2020,14:45,61065,31,334
05-22-2020,14:45,61068,122,966
05-22-2020,14:45,61071,28,244
05-22-2020,14:45,61072,25,330
05-22-2020,14:45,61073,44,599
05-22-2020,14:45,61080,39,302
05-22-2020,14:45,61081,65,411
05-22-2020,14:45,61084,7,62
05-22-2020,14:45,61088,9,190
05-22-2020,14:45,61101,199,1474
05-22-2020,14:45,61102,180,1253
05-22-2020,14:45,61103,199,1683
05-22-2020,14:45,61104,199,1120
05-22-2020,14:45,61107,137,1701
05-22-2020,14:45,61108,250,1649
05-22-2020,14:45,61109,196,1440
05-22-2020,14:45,61111,70,1032
05-22-2020,14:45,61114,78,749
05-22-2020,14:45,61115,80,911
05-22-2020,14:45,61201,170,1034
05-22-2020,14:45,61235,8,60
05-22-2020,14:45,61239,8,35
05-22-2020,14:45,61240,9,137
05-22-2020,14:45,61241,15,194
05-22-2020,14:45,61244,152,839
05-22-2020,14:45,61252,21,109
05-22-2020,14:45,61254,8,289
05-22-2020,14:45,61256,6,53
05-22-2020,14:45,61264,21,292
05-22-2020,14:45,61265,193,1489
05-22-2020,14:45,61270,7,129
05-22-2020,14:45,61275,10,90
05-22-2020,14:45,61282,38,276
05-22-2020,14:45,61341,35,292
05-22-2020,14:45,61342,15,156
05-22-2020,14:45,61350,18,451
05-22-2020,14:45,61356,6,241
05-22-2020,14:45,61401,81,1175
05-22-2020,14:45,61410,6,72
05-22-2020,14:45,61443,17,306
05-22-2020,14:45,61455,64,611
05-22-2020,14:45,61462,101,533
05-22-2020,14:45,61469,7,97
05-22-2020,14:45,61525,6,246
05-22-2020,14:45,61548,7,271
05-22-2020,14:45,61550,6,437
05-22-2020,14:45,61554,20,1389
05-22-2020,14:45,61603,26,831
05-22-2020,14:45,61604,31,1297
05-22-2020,14:45,61605,20,661
05-22-2020,14:45,61610,6,166
05-22-2020,14:45,61611,18,781
05-22-2020,14:45,61614,47,1053
05-22-2020,14:45,61615,22,847
05-22-2020,14:45,61701,44,1442
05-22-2020,14:45,61704,71,1187
05-22-2020,14:45,61705,12,478
05-22-2020,14:45,61761,45,1369
05-22-2020,14:45,61764,15,292
05-22-2020,14:45,61801,30,867
05-22-2020,14:45,61802,69,1099
05-22-2020,14:45,61820,95,1049
05-22-2020,14:45,61821,89,1512
05-22-2020,14:45,61822,40,1079
05-22-2020,14:45,61832,20,831
05-22-2020,14:45,61853,12,577
05-22-2020,14:45,61866,137,1224
05-22-2020,14:45,61874,15,452
05-22-2020,14:45,61910,6,191
05-22-2020,14:45,61920,63,847
05-22-2020,14:45,61938,24,802
05-22-2020,14:45,61953,14,223
05-22-2020,14:45,62002,84,530
05-22-2020,14:45,62010,13,125
05-22-2020,14:45,62012,6,71
05-22-2020,14:45,62018,7,60
05-22-2020,14:45,62024,9,104
05-22-2020,14:45,62025,107,602
05-22-2020,14:45,62034,60,230
05-22-2020,14:45,62035,20,200
05-22-2020,14:45,62040,72,563
05-22-2020,14:45,62052,14,103
05-22-2020,14:45,62056,13,344
05-22-2020,14:45,62059,7,19
05-22-2020,14:45,62060,20,80
05-22-2020,14:45,62062,7,436
05-22-2020,14:45,62069,8,90
05-22-2020,14:45,62088,6,318
05-22-2020,14:45,62090,11,26
05-22-2020,14:45,62095,20,152
05-22-2020,14:45,62201,13,103
05-22-2020,14:45,62203,35,206
05-22-2020,14:45,62204,40,203
05-22-2020,14:45,62205,42,269
05-22-2020,14:45,62206,88,392
05-22-2020,14:45,62207,62,200
05-22-2020,14:45,62208,56,313
05-22-2020,14:45,62220,112,334
05-22-2020,14:45,62221,91,463
05-22-2020,14:45,62223,44,290
05-22-2020,14:45,62226,114,717
05-22-2020,14:45,62230,8,133
05-22-2020,14:45,62231,75,310
05-22-2020,14:45,62232,17,152
05-22-2020,14:45,62233,93,400
05-22-2020,14:45,62234,52,477
05-22-2020,14:45,62236,40,149
05-22-2020,14:45,62237,6,206
05-22-2020,14:45,62239,11,47
05-22-2020,14:45,62243,7,37
05-22-2020,14:45,62249,13,181
05-22-2020,14:45,62254,26,135
05-22-2020,14:45,62257,7,64
05-22-2020,14:45,62258,14,109
05-22-2020,14:45,62264,9,35
05-22-2020,14:45,62265,31,279
05-22-2020,14:45,62269,64,426
05-22-2020,14:45,62272,49,140
05-22-2020,14:45,62274,10,129
05-22-2020,14:45,62278,15,131
05-22-2020,14:45,62285,8,45
05-22-2020,14:45,62286,37,250
05-22-2020,14:45,62288,32,171
05-22-2020,14:45,62293,8,82
05-22-2020,14:45,62294,17,187
05-22-2020,14:45,62295,7,23
05-22-2020,14:45,62298,45,217
05-22-2020,14:45,62301,22,1837
05-22-2020,14:45,62305,15,186
05-22-2020,14:45,62353,7,284
05-22-2020,14:45,62428,7,89
05-22-2020,14:45,62441,6,98
05-22-2020,14:45,62448,36,319
05-22-2020,14:45,62454,8,146
05-22-2020,14:45,62471,17,185
05-22-2020,14:45,62521,105,957
05-22-2020,14:45,62522,29,250
05-22-2020,14:45,62526,38,691
05-22-2020,14:45,62560,7,60
05-22-2020,14:45,62565,13,308
05-22-2020,14:45,62568,26,439
05-22-2020,14:45,62618,59,537
05-22-2020,14:45,62629,13,633
05-22-2020,14:45,62650,26,811
05-22-2020,14:45,62656,10,762
05-22-2020,14:45,62664,10,122
05-22-2020,14:45,62675,6,274
05-22-2020,14:45,62681,8,157
05-22-2020,14:45,62684,71,498
05-22-2020,14:45,62702,61,1974
05-22-2020,14:45,62703,58,1651
05-22-2020,14:45,62704,39,1890
05-22-2020,14:45,62707,18,375
05-22-2020,14:45,62711,23,939
05-22-2020,14:45,62801,58,815
05-22-2020,14:45,62832,16,309
05-22-2020,14:45,62837,7,323
05-22-2020,14:45,62864,82,787
05-22-2020,14:45,62882,11,102
05-22-2020,14:45,62901,109,894
05-22-2020,14:45,62902,13,127
05-22-2020,14:45,62906,63,533
05-22-2020,14:45,62907,14,64
05-22-2020,14:45,62912,7,45
05-22-2020,14:45,62918,12,289
05-22-2020,14:45,62920,57,250
05-22-2020,14:45,62948,8,348
05-22-2020,14:45,62959,26,766
05-22-2020,14:45,62966,51,532
05-22-2020,14:45,62992,32,118
05-21-2020,14:36,53142,7,194
05-21-2020,14:36,60002,80,676
05-21-2020,14:36,60004,237,2806
05-21-2020,14:36,60005,135,909
05-21-2020,14:36,60007,233,1123
05-21-2020,14:36,60008,230,1086
05-21-2020,14:36,60010,84,960
05-21-2020,14:36,60012,68,287
05-21-2020,14:36,60013,71,519
05-21-2020,14:36,60014,150,1274
05-21-2020,14:36,60015,154,973
05-21-2020,14:36,60016,858,3338
05-21-2020,14:36,60018,450,1627
05-21-2020,14:36,60020,31,366
05-21-2020,14:36,60021,17,122
05-21-2020,14:36,60022,23,289
05-21-2020,14:36,60025,294,1831
05-21-2020,14:36,60026,118,641
05-21-2020,14:36,60029,7,49
05-21-2020,14:36,60030,140,1174
05-21-2020,14:36,60031,241,1585
05-21-2020,14:36,60033,122,521
05-21-2020,14:36,60035,207,1367
05-21-2020,14:36,60040,115,294
05-21-2020,14:36,60041,38,280
05-21-2020,14:36,60042,23,213
05-21-2020,14:36,60043,15,119
05-21-2020,14:36,60044,76,483
05-21-2020,14:36,60045,105,776
05-21-2020,14:36,60046,153,1020
05-21-2020,14:36,60047,204,1022
05-21-2020,14:36,60048,95,809
05-21-2020,14:36,60050,170,1066
05-21-2020,14:36,60051,77,703
05-21-2020,14:36,60053,234,1138
05-21-2020,14:36,60056,479,2152
05-21-2020,14:36,60060,347,1363
05-21-2020,14:36,60061,147,838
05-21-2020,14:36,60062,259,2027
05-21-2020,14:36,60064,530,1195
05-21-2020,14:36,60067,148,1320
05-21-2020,14:36,60068,253,1288
05-21-2020,14:36,60069,61,348
05-21-2020,14:36,60070,181,730
05-21-2020,14:36,60071,7,97
05-21-2020,14:36,60073,727,2670
05-21-2020,14:36,60074,285,1362
05-21-2020,14:36,60076,408,2061
05-21-2020,14:36,60077,337,1658
05-21-2020,14:36,60079,11,40
05-21-2020,14:36,60081,34,247
05-21-2020,14:36,60083,81,454
05-21-2020,14:36,60084,144,512
05-21-2020,14:36,60085,2007,5373
05-21-2020,14:36,60087,525,1986
05-21-2020,14:36,60088,44,120
05-21-2020,14:36,60089,202,1342
05-21-2020,14:36,60090,563,2056
05-21-2020,14:36,60091,121,1042
05-21-2020,14:36,60093,126,890
05-21-2020,14:36,60096,27,238
05-21-2020,14:36,60097,33,312
05-21-2020,14:36,60098,248,1161
05-21-2020,14:36,60099,450,1683
05-21-2020,14:36,60101,600,2104
05-21-2020,14:36,60102,106,803
05-21-2020,14:36,60103,201,1360
05-21-2020,14:36,60104,352,1371
05-21-2020,14:36,60106,403,1481
05-21-2020,14:36,60107,446,1813
05-21-2020,14:36,60108,197,1617
05-21-2020,14:36,60109,10,279
05-21-2020,14:36,60110,459,1366
05-21-2020,14:36,60112,18,142
05-21-2020,14:36,60115,127,1140
05-21-2020,14:36,60118,53,430
05-21-2020,14:36,60119,29,316
05-21-2020,14:36,60120,909,2699
05-21-2020,14:36,60123,531,2290
05-21-2020,14:36,60124,79,613
05-21-2020,14:36,60126,207,1716
05-21-2020,14:36,60130,114,1160
05-21-2020,14:36,60131,293,1166
05-21-2020,14:36,60133,548,2025
05-21-2020,14:36,60134,108,807
05-21-2020,14:36,60135,26,228
05-21-2020,14:36,60136,38,224
05-21-2020,14:36,60137,117,1138
05-21-2020,14:36,60139,465,1830
05-21-2020,14:36,60140,67,527
05-21-2020,14:36,60141,16,300
05-21-2020,14:36,60142,65,847
05-21-2020,14:36,60143,136,614
05-21-2020,14:36,60145,6,61
05-21-2020,14:36,60146,8,62
05-21-2020,14:36,60148,269,1830
05-21-2020,14:36,60151,15,132
05-21-2020,14:36,60152,61,343
05-21-2020,14:36,60153,394,1789
05-21-2020,14:36,60154,168,1163
05-21-2020,14:36,60155,146,559
05-21-2020,14:36,60156,109,759
05-21-2020,14:36,60157,12,79
05-21-2020,14:36,60160,543,1898
05-21-2020,14:36,60162,125,656
05-21-2020,14:36,60163,75,342
05-21-2020,14:36,60164,391,1925
05-21-2020,14:36,60165,150,398
05-21-2020,14:36,60169,286,1229
05-21-2020,14:36,60171,90,556
05-21-2020,14:36,60172,174,843
05-21-2020,14:36,60173,68,304
05-21-2020,14:36,60174,128,1356
05-21-2020,14:36,60175,63,725
05-21-2020,14:36,60176,120,539
05-21-2020,14:36,60177,198,827
05-21-2020,14:36,60178,37,507
05-21-2020,14:36,60181,193,1134
05-21-2020,14:36,60185,590,2130
05-21-2020,14:36,60187,91,1057
05-21-2020,14:36,60188,390,1924
05-21-2020,14:36,60189,75,899
05-21-2020,14:36,60190,31,473
05-21-2020,14:36,60191,156,647
05-21-2020,14:36,60192,38,371
05-21-2020,14:36,60193,182,1151
05-21-2020,14:36,60194,105,719
05-21-2020,14:36,60195,13,111
05-21-2020,14:36,60201,284,2133
05-21-2020,14:36,60202,325,1877
05-21-2020,14:36,60203,23,207
05-21-2020,14:36,60301,21,159
05-21-2020,14:36,60302,182,1708
05-21-2020,14:36,60304,64,726
05-21-2020,14:36,60305,37,429
05-21-2020,14:36,60401,34,388
05-21-2020,14:36,60402,1121,4646
05-21-2020,14:36,60403,162,973
05-21-2020,14:36,60404,86,832
05-21-2020,14:36,60406,394,1964
05-21-2020,14:36,60408,15,147
05-21-2020,14:36,60409,470,2695
05-21-2020,14:36,60410,35,421
05-21-2020,14:36,60411,733,4078
05-21-2020,14:36,60415,166,677
05-21-2020,14:36,60416,7,164
05-21-2020,14:36,60417,121,865
05-21-2020,14:36,60418,75,377
05-21-2020,14:36,60419,299,1836
05-21-2020,14:36,60420,6,100
05-21-2020,14:36,60421,10,107
05-21-2020,14:36,60422,74,637
05-21-2020,14:36,60423,116,963
05-21-2020,14:36,60425,149,923
05-21-2020,14:36,60426,376,2169
05-21-2020,14:36,60428,165,1123
05-21-2020,14:36,60429,196,1502
05-21-2020,14:36,60430,236,1381
05-21-2020,14:36,60431,157,1330
05-21-2020,14:36,60432,303,1133
05-21-2020,14:36,60433,233,908
05-21-2020,14:36,60434,160,192
05-21-2020,14:36,60435,544,3042
05-21-2020,14:36,60436,164,1060
05-21-2020,14:36,60438,299,1689
05-21-2020,14:36,60439,75,771
05-21-2020,14:36,60440,728,3643
05-21-2020,14:36,60441,168,1140
05-21-2020,14:36,60442,32,294
05-21-2020,14:36,60443,302,1691
05-21-2020,14:36,60445,127,943
05-21-2020,14:36,60446,402,2288
05-21-2020,14:36,60447,37,436
05-21-2020,14:36,60448,108,673
05-21-2020,14:36,60449,62,495
05-21-2020,14:36,60450,29,415
05-21-2020,14:36,60451,88,855
05-21-2020,14:36,60452,166,1280
05-21-2020,14:36,60453,616,2923
05-21-2020,14:36,60455,257,1154
05-21-2020,14:36,60456,41,255
05-21-2020,14:36,60457,103,533
05-21-2020,14:36,60458,109,740
05-21-2020,14:36,60459,330,1641
05-21-2020,14:36,60461,52,387
05-21-2020,14:36,60462,244,1542
05-21-2020,14:36,60463,199,741
05-21-2020,14:36,60464,37,341
05-21-2020,14:36,60465,200,767
05-21-2020,14:36,60466,426,2099
05-21-2020,14:36,60467,147,901
05-21-2020,14:36,60468,27,185
05-21-2020,14:36,60469,58,377
05-21-2020,14:36,60471,176,1002
05-21-2020,14:36,60472,54,421
05-21-2020,14:36,60473,325,1910
05-21-2020,14:36,60475,61,471
05-21-2020,14:36,60476,15,136
05-21-2020,14:36,60477,195,1443
05-21-2020,14:36,60478,278,1833
05-21-2020,14:36,60480,29,225
05-21-2020,14:36,60481,21,297
05-21-2020,14:36,60482,78,442
05-21-2020,14:36,60484,102,514
05-21-2020,14:36,60487,114,934
05-21-2020,14:36,60490,129,982
05-21-2020,14:36,60491,114,676
05-21-2020,14:36,60501,217,751
05-21-2020,14:36,60502,71,669
05-21-2020,14:36,60503,46,394
05-21-2020,14:36,60504,256,1363
05-21-2020,14:36,60505,1405,4161
05-21-2020,14:36,60506,790,3569
05-21-2020,14:36,60510,83,909
05-21-2020,14:36,60513,135,1169
05-21-2020,14:36,60514,37,403
05-21-2020,14:36,60515,77,804
05-21-2020,14:36,60516,96,909
05-21-2020,14:36,60517,184,1338
05-21-2020,14:36,60520,8,75
05-21-2020,14:36,60521,175,865
05-21-2020,14:36,60523,90,544
05-21-2020,14:36,60525,227,1768
05-21-2020,14:36,60526,69,934
05-21-2020,14:36,60527,197,1514
05-21-2020,14:36,60532,99,867
05-21-2020,14:36,60534,125,652
05-21-2020,14:36,60538,224,1123
05-21-2020,14:36,60540,103,1250
05-21-2020,14:36,60541,7,57
05-21-2020,14:36,60542,113,780
05-21-2020,14:36,60543,198,1129
05-21-2020,14:36,60544,140,1208
05-21-2020,14:36,60545,119,657
05-21-2020,14:36,60546,133,1341
05-21-2020,14:36,60548,58,422
05-21-2020,14:36,60551,19,76
05-21-2020,14:36,60552,6,110
05-21-2020,14:36,60554,31,369
05-21-2020,14:36,60555,101,613
05-21-2020,14:36,60558,37,475
05-21-2020,14:36,60559,270,1293
05-21-2020,14:36,60560,63,640
05-21-2020,14:36,60561,100,954
05-21-2020,14:36,60563,145,1380
05-21-2020,14:36,60564,117,1131
05-21-2020,14:36,60565,158,1085
05-21-2020,14:36,60585,67,670
05-21-2020,14:36,60586,286,1890
05-21-2020,14:36,60601,65,607
05-21-2020,14:36,60602,13,119
05-21-2020,14:36,60603,6,64
05-21-2020,14:36,60604,16,91
05-21-2020,14:36,60605,158,1297
05-21-2020,14:36,60606,48,428
05-21-2020,14:36,60607,414,1693
05-21-2020,14:36,60608,1414,5213
05-21-2020,14:36,60609,1360,4501
05-21-2020,14:36,60610,218,1871
05-21-2020,14:36,60611,124,2020
05-21-2020,14:36,60612,583,3327
05-21-2020,14:36,60613,332,1939
05-21-2020,14:36,60614,442,3421
05-21-2020,14:36,60615,328,2512
05-21-2020,14:36,60616,364,2945
05-21-2020,14:36,60617,897,5574
05-21-2020,14:36,60618,984,4638
05-21-2020,14:36,60619,778,5219
05-21-2020,14:36,60620,960,5207
05-21-2020,14:36,60621,461,2226
05-21-2020,14:36,60622,533,2751
05-21-2020,14:36,60623,2686,6948
05-21-2020,14:36,60624,699,2910
05-21-2020,14:36,60625,1105,4158
05-21-2020,14:36,60626,809,3279
05-21-2020,14:36,60628,893,4486
05-21-2020,14:36,60629,2555,7822
05-21-2020,14:36,60630,637,2980
05-21-2020,14:36,60631,244,2025
05-21-2020,14:36,60632,2455,6456
05-21-2020,14:36,60633,231,1497
05-21-2020,14:36,60634,1155,5974
05-21-2020,14:36,60636,587,2195
05-21-2020,14:36,60637,528,3678
05-21-2020,14:36,60638,936,4201
05-21-2020,14:36,60639,2605,7740
05-21-2020,14:36,60640,674,3606
05-21-2020,14:36,60641,1129,4493
05-21-2020,14:36,60642,131,977
05-21-2020,14:36,60643,622,3852
05-21-2020,14:36,60644,983,4203
05-21-2020,14:36,60645,924,3613
05-21-2020,14:36,60646,308,1833
05-21-2020,14:36,60647,1066,4515
05-21-2020,14:36,60649,642,3726
05-21-2020,14:36,60651,1336,4801
05-21-2020,14:36,60652,733,2962
05-21-2020,14:36,60653,439,2677
05-21-2020,14:36,60654,128,838
05-21-2020,14:36,60655,228,1898
05-21-2020,14:36,60656,218,1633
05-21-2020,14:36,60657,295,2764
05-21-2020,14:36,60659,586,2172
05-21-2020,14:36,60660,332,1650
05-21-2020,14:36,60661,37,393
05-21-2020,14:36,60706,287,1918
05-21-2020,14:36,60707,661,3229
05-21-2020,14:36,60712,142,728
05-21-2020,14:36,60714,623,2196
05-21-2020,14:36,60803,203,1110
05-21-2020,14:36,60804,2306,7060
05-21-2020,14:36,60805,192,1020
05-21-2020,14:36,60827,294,1659
05-21-2020,14:36,60901,395,2221
05-21-2020,14:36,60911,9,58
05-21-2020,14:36,60912,6,28
05-21-2020,14:36,60914,115,1103
05-21-2020,14:36,60915,41,485
05-21-2020,14:36,60919,6,20
05-21-2020,14:36,60922,11,102
05-21-2020,14:36,60927,43,139
05-21-2020,14:36,60928,7,18
05-21-2020,14:36,60930,6,12
05-21-2020,14:36,60940,6,103
05-21-2020,14:36,60950,59,645
05-21-2020,14:36,60954,22,342
05-21-2020,14:36,60955,11,55
05-21-2020,14:36,60957,7,159
05-21-2020,14:36,60958,18,93
05-21-2020,14:36,60964,27,175
05-21-2020,14:36,60970,11,207
05-21-2020,14:36,61008,291,1380
05-21-2020,14:36,61010,7,166
05-21-2020,14:36,61011,7,69
05-21-2020,14:36,61012,13,60
05-21-2020,14:36,61016,26,220
05-21-2020,14:36,61020,6,119
05-21-2020,14:36,61021,63,804
05-21-2020,14:36,61032,147,1268
05-21-2020,14:36,61054,7,123
05-21-2020,14:36,61061,9,159
05-21-2020,14:36,61064,10,79
05-21-2020,14:36,61065,27,301
05-21-2020,14:36,61068,120,925
05-21-2020,14:36,61071,29,236
05-21-2020,14:36,61072,24,296
05-21-2020,14:36,61073,43,525
05-21-2020,14:36,61080,33,264
05-21-2020,14:36,61081,64,383
05-21-2020,14:36,61084,7,48
05-21-2020,14:36,61088,8,171
05-21-2020,14:36,61101,193,1391
05-21-2020,14:36,61102,173,1141
05-21-2020,14:36,61103,184,1535
05-21-2020,14:36,61104,189,1019
05-21-2020,14:36,61107,134,1525
05-21-2020,14:36,61108,232,1457
05-21-2020,14:36,61109,185,1268
05-21-2020,14:36,61111,67,931
05-21-2020,14:36,61114,75,674
05-21-2020,14:36,61115,72,802
05-21-2020,14:36,61201,168,993
05-21-2020,14:36,61235,8,60
05-21-2020,14:36,61239,8,35
05-21-2020,14:36,61240,9,132
05-21-2020,14:36,61241,15,183
05-21-2020,14:36,61244,148,774
05-21-2020,14:36,61252,21,106
05-21-2020,14:36,61254,8,283
05-21-2020,14:36,61256,6,52
05-21-2020,14:36,61264,21,278
05-21-2020,14:36,61265,186,1327
05-21-2020,14:36,61270,7,127
05-21-2020,14:36,61275,10,84
05-21-2020,14:36,61282,38,268
05-21-2020,14:36,61341,33,286
05-21-2020,14:36,61342,15,152
05-21-2020,14:36,61350,18,439
05-21-2020,14:36,61356,6,236
05-21-2020,14:36,61401,78,1142
05-21-2020,14:36,61410,6,70
05-21-2020,14:36,61443,17,299
05-21-2020,14:36,61455,63,581
05-21-2020,14:36,61462,100,525
05-21-2020,14:36,61469,7,93
05-21-2020,14:36,61525,6,239
05-21-2020,14:36,61548,7,260
05-21-2020,14:36,61554,20,1294
05-21-2020,14:36,61603,26,808
05-21-2020,14:36,61604,27,1247
05-21-2020,14:36,61605,18,632
05-21-2020,14:36,61610,6,151
05-21-2020,14:36,61611,18,734
05-21-2020,14:36,61614,47,996
05-21-2020,14:36,61615,21,801
05-21-2020,14:36,61701,44,1406
05-21-2020,14:36,61704,71,1164
05-21-2020,14:36,61705,12,463
05-21-2020,14:36,61761,45,1321
05-21-2020,14:36,61764,14,286
05-21-2020,14:36,61801,28,829
05-21-2020,14:36,61802,69,1034
05-21-2020,14:36,61820,94,996
05-21-2020,14:36,61821,80,1414
05-21-2020,14:36,61822,38,1003
05-21-2020,14:36,61832,20,815
05-21-2020,14:36,61853,12,557
05-21-2020,14:36,61866,133,1181
05-21-2020,14:36,61874,15,322
05-21-2020,14:36,61910,6,189
05-21-2020,14:36,61920,63,831
05-21-2020,14:36,61938,23,778
05-21-2020,14:36,61953,13,214
05-21-2020,14:36,62002,84,523
05-21-2020,14:36,62010,13,123
05-21-2020,14:36,62012,6,71
05-21-2020,14:36,62018,7,60
05-21-2020,14:36,62024,9,100
05-21-2020,14:36,62025,107,579
05-21-2020,14:36,62034,58,223
05-21-2020,14:36,62035,19,196
05-21-2020,14:36,62040,70,543
05-21-2020,14:36,62052,14,102
05-21-2020,14:36,62056,13,341
05-21-2020,14:36,62060,20,80
05-21-2020,14:36,62062,7,181
05-21-2020,14:36,62069,8,85
05-21-2020,14:36,62088,6,315
05-21-2020,14:36,62090,11,23
05-21-2020,14:36,62095,19,144
05-21-2020,14:36,62201,13,102
05-21-2020,14:36,62203,34,197
05-21-2020,14:36,62204,37,193
05-21-2020,14:36,62205,41,260
05-21-2020,14:36,62206,87,387
05-21-2020,14:36,62207,65,187
05-21-2020,14:36,62208,55,299
05-21-2020,14:36,62220,105,316
05-21-2020,14:36,62221,81,436
05-21-2020,14:36,62223,44,276
05-21-2020,14:36,62226,113,687
05-21-2020,14:36,62230,8,133
05-21-2020,14:36,62231,75,307
05-21-2020,14:36,62232,17,147
05-21-2020,14:36,62233,93,395
05-21-2020,14:36,62234,50,454
05-21-2020,14:36,62236,40,147
05-21-2020,14:36,62237,6,205
05-21-2020,14:36,62239,11,46
05-21-2020,14:36,62243,7,35
05-21-2020,14:36,62246,7,170
05-21-2020,14:36,62249,11,174
05-21-2020,14:36,62254,26,129
05-21-2020,14:36,62257,7,64
05-21-2020,14:36,62258,14,105
05-21-2020,14:36,62264,8,33
05-21-2020,14:36,62265,31,274
05-21-2020,14:36,62269,63,404
05-21-2020,14:36,62272,48,138
05-21-2020,14:36,62274,10,125
05-21-2020,14:36,62278,15,129
05-21-2020,14:36,62285,8,41
05-21-2020,14:36,62286,33,241
05-21-2020,14:36,62288,32,169
05-21-2020,14:36,62293,8,80
05-21-2020,14:36,62294,17,180
05-21-2020,14:36,62295,7,22
05-21-2020,14:36,62298,44,215
05-21-2020,14:36,62301,22,1748
05-21-2020,14:36,62305,15,176
05-21-2020,14:36,62353,7,280
05-21-2020,14:36,62428,7,86
05-21-2020,14:36,62441,6,98
05-21-2020,14:36,62448,36,292
05-21-2020,14:36,62454,8,144
05-21-2020,14:36,62471,17,183
05-21-2020,14:36,62521,103,910
05-21-2020,14:36,62522,28,225
05-21-2020,14:36,62526,39,558
05-21-2020,14:36,62560,7,57
05-21-2020,14:36,62565,13,302
05-21-2020,14:36,62568,26,433
05-21-2020,14:36,62618,60,527
05-21-2020,14:36,62629,13,625
05-21-2020,14:36,62650,26,778
05-21-2020,14:36,62656,10,753
05-21-2020,14:36,62664,10,121
05-21-2020,14:36,62675,6,271
05-21-2020,14:36,62681,7,156
05-21-2020,14:36,62684,70,491
05-21-2020,14:36,62702,62,1909
05-21-2020,14:36,62703,57,1616
05-21-2020,14:36,62704,39,1852
05-21-2020,14:36,62707,18,361
05-21-2020,14:36,62711,22,921
05-21-2020,14:36,62801,53,792
05-21-2020,14:36,62832,16,298
05-21-2020,14:36,62837,7,315
05-21-2020,14:36,62864,83,771
05-21-2020,14:36,62882,11,101
05-21-2020,14:36,62901,106,862
05-21-2020,14:36,62902,13,121
05-21-2020,14:36,62906,51,501
05-21-2020,14:36,62907,14,63
05-21-2020,14:36,62912,7,44
05-21-2020,14:36,62918,12,278
05-21-2020,14:36,62920,57,249
05-21-2020,14:36,62948,8,339
05-21-2020,14:36,62959,27,747
05-21-2020,14:36,62966,49,512
05-21-2020,14:36,62992,32,117
05-20-2020,14:44,53142,7,169
05-20-2020,14:44,60002,78,643
05-20-2020,14:44,60004,219,2706
05-20-2020,14:44,60005,131,882
05-20-2020,14:44,60007,218,1089
05-20-2020,14:44,60008,226,1048
05-20-2020,14:44,60010,83,885
05-20-2020,14:44,60012,68,278
05-20-2020,14:44,60013,71,474
05-20-2020,14:44,60014,143,1211
05-20-2020,14:44,60015,151,935
05-20-2020,14:44,60016,842,3236
05-20-2020,14:44,60018,429,1546
05-20-2020,14:44,60020,29,335
05-20-2020,14:44,60021,17,113
05-20-2020,14:44,60022,23,278
05-20-2020,14:44,60025,286,1726
05-20-2020,14:44,60026,117,619
05-20-2020,14:44,60029,6,46
05-20-2020,14:44,60030,137,1109
05-20-2020,14:44,60031,237,1507
05-20-2020,14:44,60033,120,511
05-20-2020,14:44,60035,204,1321
05-20-2020,14:44,60040,112,285
05-20-2020,14:44,60041,35,255
05-20-2020,14:44,60042,20,194
05-20-2020,14:44,60043,15,116
05-20-2020,14:44,60044,75,465
05-20-2020,14:44,60045,104,755
05-20-2020,14:44,60046,150,958
05-20-2020,14:44,60047,191,940
05-20-2020,14:44,60048,93,768
05-20-2020,14:44,60050,167,1010
05-20-2020,14:44,60051,77,668
05-20-2020,14:44,60053,230,1099
05-20-2020,14:44,60056,470,2068
05-20-2020,14:44,60060,333,1282
05-20-2020,14:44,60061,138,799
05-20-2020,14:44,60062,251,1837
05-20-2020,14:44,60064,523,1137
05-20-2020,14:44,60067,146,1273
05-20-2020,14:44,60068,250,1247
05-20-2020,14:44,60069,60,338
05-20-2020,14:44,60070,176,706
05-20-2020,14:44,60071,7,93
05-20-2020,14:44,60073,698,2501
05-20-2020,14:44,60074,279,1313
05-20-2020,14:44,60076,403,2007
05-20-2020,14:44,60077,326,1615
05-20-2020,14:44,60079,11,40
05-20-2020,14:44,60081,32,239
05-20-2020,14:44,60083,82,435
05-20-2020,14:44,60084,142,472
05-20-2020,14:44,60085,1968,5156
05-20-2020,14:44,60087,501,1866
05-20-2020,14:44,60088,44,97
05-20-2020,14:44,60089,187,1137
05-20-2020,14:44,60090,544,1927
05-20-2020,14:44,60091,120,1008
05-20-2020,14:44,60093,125,869
05-20-2020,14:44,60096,24,219
05-20-2020,14:44,60097,32,303
05-20-2020,14:44,60098,245,1113
05-20-2020,14:44,60099,426,1577
05-20-2020,14:44,60101,581,2002
05-20-2020,14:44,60102,105,757
05-20-2020,14:44,60103,196,1298
05-20-2020,14:44,60104,351,1334
05-20-2020,14:44,60106,399,1443
05-20-2020,14:44,60107,430,1728
05-20-2020,14:44,60108,189,1547
05-20-2020,14:44,60109,10,277
05-20-2020,14:44,60110,439,1297
05-20-2020,14:44,60112,17,134
05-20-2020,14:44,60115,120,1096
05-20-2020,14:44,60118,51,402
05-20-2020,14:44,60119,28,302
05-20-2020,14:44,60120,882,2575
05-20-2020,14:44,60123,516,2182
05-20-2020,14:44,60124,78,579
05-20-2020,14:44,60126,204,1667
05-20-2020,14:44,60130,110,1113
05-20-2020,14:44,60131,287,1123
05-20-2020,14:44,60133,538,1939
05-20-2020,14:44,60134,105,762
05-20-2020,14:44,60135,25,218
05-20-2020,14:44,60136,38,215
05-20-2020,14:44,60137,115,1085
05-20-2020,14:44,60139,454,1757
05-20-2020,14:44,60140,64,499
05-20-2020,14:44,60141,15,279
05-20-2020,14:44,60142,65,802
05-20-2020,14:44,60143,133,601
05-20-2020,14:44,60145,6,59
05-20-2020,14:44,60146,8,60
05-20-2020,14:44,60148,256,1744
05-20-2020,14:44,60151,15,124
05-20-2020,14:44,60152,59,334
05-20-2020,14:44,60153,387,1730
05-20-2020,14:44,60154,164,1122
05-20-2020,14:44,60155,145,544
05-20-2020,14:44,60156,105,721
05-20-2020,14:44,60157,13,75
05-20-2020,14:44,60160,534,1849
05-20-2020,14:44,60162,122,586
05-20-2020,14:44,60163,74,328
05-20-2020,14:44,60164,382,1876
05-20-2020,14:44,60165,149,377
05-20-2020,14:44,60169,283,1189
05-20-2020,14:44,60171,88,540
05-20-2020,14:44,60172,172,812
05-20-2020,14:44,60173,66,292
05-20-2020,14:44,60174,125,1323
05-20-2020,14:44,60175,62,696
05-20-2020,14:44,60176,119,527
05-20-2020,14:44,60177,189,789
05-20-2020,14:44,60178,36,476
05-20-2020,14:44,60181,187,1096
05-20-2020,14:44,60185,575,2045
05-20-2020,14:44,60187,90,1013
05-20-2020,14:44,60188,380,1862
05-20-2020,14:44,60189,71,865
05-20-2020,14:44,60190,31,454
05-20-2020,14:44,60191,156,627
05-20-2020,14:44,60192,38,355
05-20-2020,14:44,60193,179,1101
05-20-2020,14:44,60194,102,652
05-20-2020,14:44,60195,12,109
05-20-2020,14:44,60201,278,2058
05-20-2020,14:44,60202,317,1820
05-20-2020,14:44,60203,24,206
05-20-2020,14:44,60301,21,157
05-20-2020,14:44,60302,180,1555
05-20-2020,14:44,60304,64,700
05-20-2020,14:44,60305,37,417
05-20-2020,14:44,60401,34,370
05-20-2020,14:44,60402,1104,4495
05-20-2020,14:44,60403,155,947
05-20-2020,14:44,60404,86,799
05-20-2020,14:44,60406,382,1890
05-20-2020,14:44,60408,15,146
05-20-2020,14:44,60409,466,2612
05-20-2020,14:44,60410,35,414
05-20-2020,14:44,60411,724,3986
05-20-2020,14:44,60415,161,642
05-20-2020,14:44,60416,7,155
05-20-2020,14:44,60417,121,845
05-20-2020,14:44,60418,73,364
05-20-2020,14:44,60419,294,1777
05-20-2020,14:44,60420,6,96
05-20-2020,14:44,60421,10,102
05-20-2020,14:44,60422,74,617
05-20-2020,14:44,60423,115,927
05-20-2020,14:44,60425,114,765
05-20-2020,14:44,60426,376,2138
05-20-2020,14:44,60428,164,1104
05-20-2020,14:44,60429,191,1464
05-20-2020,14:44,60430,234,1329
05-20-2020,14:44,60431,156,1282
05-20-2020,14:44,60432,284,1100
05-20-2020,14:44,60433,226,868
05-20-2020,14:44,60434,157,186
05-20-2020,14:44,60435,540,2964
05-20-2020,14:44,60436,161,1030
05-20-2020,14:44,60438,295,1635
05-20-2020,14:44,60439,74,743
05-20-2020,14:44,60440,717,3516
05-20-2020,14:44,60441,165,1105
05-20-2020,14:44,60442,32,288
05-20-2020,14:44,60443,297,1645
05-20-2020,14:44,60445,125,910
05-20-2020,14:44,60446,392,2218
05-20-2020,14:44,60447,37,420
05-20-2020,14:44,60448,107,652
05-20-2020,14:44,60449,62,475
05-20-2020,14:44,60450,29,405
05-20-2020,14:44,60451,85,815
05-20-2020,14:44,60452,163,1228
05-20-2020,14:44,60453,602,2758
05-20-2020,14:44,60455,253,1119
05-20-2020,14:44,60456,39,237
05-20-2020,14:44,60457,101,509
05-20-2020,14:44,60458,106,723
05-20-2020,14:44,60459,324,1565
05-20-2020,14:44,60461,50,374
05-20-2020,14:44,60462,235,1458
05-20-2020,14:44,60463,190,710
05-20-2020,14:44,60464,37,330
05-20-2020,14:44,60465,193,737
05-20-2020,14:44,60466,424,2052
05-20-2020,14:44,60467,143,875
05-20-2020,14:44,60468,27,176
05-20-2020,14:44,60469,55,365
05-20-2020,14:44,60471,176,977
05-20-2020,14:44,60472,53,414
05-20-2020,14:44,60473,319,1853
05-20-2020,14:44,60475,58,458
05-20-2020,14:44,60476,14,131
05-20-2020,14:44,60477,194,1401
05-20-2020,14:44,60478,274,1805
05-20-2020,14:44,60480,29,222
05-20-2020,14:44,60481,20,288
05-20-2020,14:44,60482,78,425
05-20-2020,14:44,60484,101,505
05-20-2020,14:44,60487,112,913
05-20-2020,14:44,60490,128,957
05-20-2020,14:44,60491,109,655
05-20-2020,14:44,60501,213,729
05-20-2020,14:44,60502,72,636
05-20-2020,14:44,60503,45,384
05-20-2020,14:44,60504,246,1301
05-20-2020,14:44,60505,1363,3929
05-20-2020,14:44,60506,759,3367
05-20-2020,14:44,60510,81,862
05-20-2020,14:44,60513,134,1135
05-20-2020,14:44,60514,38,396
05-20-2020,14:44,60515,76,759
05-20-2020,14:44,60516,93,878
05-20-2020,14:44,60517,179,1285
05-20-2020,14:44,60520,8,72
05-20-2020,14:44,60521,170,847
05-20-2020,14:44,60523,90,529
05-20-2020,14:44,60525,220,1705
05-20-2020,14:44,60526,67,905
05-20-2020,14:44,60527,197,1483
05-20-2020,14:44,60532,93,832
05-20-2020,14:44,60534,123,610
05-20-2020,14:44,60538,218,1060
05-20-2020,14:44,60540,100,1213
05-20-2020,14:44,60541,7,56
05-20-2020,14:44,60542,102,729
05-20-2020,14:44,60543,193,1067
05-20-2020,14:44,60544,137,1176
05-20-2020,14:44,60545,116,627
05-20-2020,14:44,60546,129,1315
05-20-2020,14:44,60548,56,396
05-20-2020,14:44,60551,18,74
05-20-2020,14:44,60552,6,103
05-20-2020,14:44,60554,31,353
05-20-2020,14:44,60555,95,590
05-20-2020,14:44,60558,36,465
05-20-2020,14:44,60559,260,1260
05-20-2020,14:44,60560,63,622
05-20-2020,14:44,60561,100,919
05-20-2020,14:44,60563,140,1334
05-20-2020,14:44,60564,112,1094
05-20-2020,14:44,60565,156,1056
05-20-2020,14:44,60585,67,653
05-20-2020,14:44,60586,273,1838
05-20-2020,14:44,60601,66,587
05-20-2020,14:44,60602,13,116
05-20-2020,14:44,60603,7,63
05-20-2020,14:44,60604,17,90
05-20-2020,14:44,60605,157,1255
05-20-2020,14:44,60606,47,418
05-20-2020,14:44,60607,410,1634
05-20-2020,14:44,60608,1388,5075
05-20-2020,14:44,60609,1330,4298
05-20-2020,14:44,60610,214,1794
05-20-2020,14:44,60611,120,1923
05-20-2020,14:44,60612,572,3242
05-20-2020,14:44,60613,329,1860
05-20-2020,14:44,60614,438,3252
05-20-2020,14:44,60615,324,2405
05-20-2020,14:44,60616,361,2777
05-20-2020,14:44,60617,886,5266
05-20-2020,14:44,60618,957,4467
05-20-2020,14:44,60619,768,4699
05-20-2020,14:44,60620,943,4758
05-20-2020,14:44,60621,455,2103
05-20-2020,14:44,60622,525,2675
05-20-2020,14:44,60623,2650,6772
05-20-2020,14:44,60624,687,2816
05-20-2020,14:44,60625,1086,4017
05-20-2020,14:44,60626,791,3190
05-20-2020,14:44,60628,880,4235
05-20-2020,14:44,60629,2506,7494
05-20-2020,14:44,60630,625,2892
05-20-2020,14:44,60631,237,1970
05-20-2020,14:44,60632,2403,6242
05-20-2020,14:44,60633,230,1470
05-20-2020,14:44,60634,1128,5778
05-20-2020,14:44,60636,580,2103
05-20-2020,14:44,60637,517,3501
05-20-2020,14:44,60638,918,4065
05-20-2020,14:44,60639,2549,7473
05-20-2020,14:44,60640,662,3476
05-20-2020,14:44,60641,1099,4315
05-20-2020,14:44,60642,127,943
05-20-2020,14:44,60643,617,3690
05-20-2020,14:44,60644,959,4087
05-20-2020,14:44,60645,904,3525
05-20-2020,14:44,60646,302,1790
05-20-2020,14:44,60647,1039,4370
05-20-2020,14:44,60649,634,3539
05-20-2020,14:44,60651,1313,4620
05-20-2020,14:44,60652,692,2794
05-20-2020,14:44,60653,433,2541
05-20-2020,14:44,60654,126,811
05-20-2020,14:44,60655,224,1832
05-20-2020,14:44,60656,214,1577
05-20-2020,14:44,60657,287,2566
05-20-2020,14:44,60659,581,2107
05-20-2020,14:44,60660,326,1578
05-20-2020,14:44,60661,37,381
05-20-2020,14:44,60706,284,1787
05-20-2020,14:44,60707,640,3141
05-20-2020,14:44,60712,138,707
05-20-2020,14:44,60714,617,2143
05-20-2020,14:44,60803,198,1076
05-20-2020,14:44,60804,2264,6870
05-20-2020,14:44,60805,190,940
05-20-2020,14:44,60827,289,1607
05-20-2020,14:44,60901,394,2140
05-20-2020,14:44,60911,9,56
05-20-2020,14:44,60912,6,28
05-20-2020,14:44,60914,115,1075
05-20-2020,14:44,60915,40,475
05-20-2020,14:44,60919,6,20
05-20-2020,14:44,60922,11,101
05-20-2020,14:44,60927,43,133
05-20-2020,14:44,60928,7,16
05-20-2020,14:44,60930,6,11
05-20-2020,14:44,60940,6,100
05-20-2020,14:44,60950,59,634
05-20-2020,14:44,60954,22,332
05-20-2020,14:44,60955,11,53
05-20-2020,14:44,60957,7,147
05-20-2020,14:44,60958,18,90
05-20-2020,14:44,60964,25,164
05-20-2020,14:44,60970,11,202
05-20-2020,14:44,61008,274,1281
05-20-2020,14:44,61010,7,163
05-20-2020,14:44,61012,13,55
05-20-2020,14:44,61016,25,213
05-20-2020,14:44,61021,63,786
05-20-2020,14:44,61032,142,1015
05-20-2020,14:44,61054,7,120
05-20-2020,14:44,61061,8,157
05-20-2020,14:44,61064,9,72
05-20-2020,14:44,61065,27,279
05-20-2020,14:44,61068,119,916
05-20-2020,14:44,61071,27,228
05-20-2020,14:44,61072,23,282
05-20-2020,14:44,61073,41,507
05-20-2020,14:44,61080,33,257
05-20-2020,14:44,61081,63,372
05-20-2020,14:44,61084,7,47
05-20-2020,14:44,61088,7,156
05-20-2020,14:44,61101,186,1336
05-20-2020,14:44,61102,168,1096
05-20-2020,14:44,61103,172,1459
05-20-2020,14:44,61104,181,976
05-20-2020,14:44,61107,131,1472
05-20-2020,14:44,61108,226,1386
05-20-2020,14:44,61109,180,1223
05-20-2020,14:44,61111,66,877
05-20-2020,14:44,61114,72,627
05-20-2020,14:44,61115,71,757
05-20-2020,14:44,61201,170,968
05-20-2020,14:44,61235,8,59
05-20-2020,14:44,61239,8,35
05-20-2020,14:44,61240,9,127
05-20-2020,14:44,61241,15,180
05-20-2020,14:44,61244,149,746
05-20-2020,14:44,61252,21,106
05-20-2020,14:44,61254,8,279
05-20-2020,14:44,61256,6,52
05-20-2020,14:44,61264,21,272
05-20-2020,14:44,61265,184,1244
05-20-2020,14:44,61270,7,123
05-20-2020,14:44,61275,11,82
05-20-2020,14:44,61282,38,262
05-20-2020,14:44,61341,33,277
05-20-2020,14:44,61342,15,146
05-20-2020,14:44,61350,18,419
05-20-2020,14:44,61356,6,222
05-20-2020,14:44,61401,78,1110
05-20-2020,14:44,61410,6,70
05-20-2020,14:44,61443,17,296
05-20-2020,14:44,61455,61,555
05-20-2020,14:44,61462,100,509
05-20-2020,14:44,61469,7,88
05-20-2020,14:44,61525,6,226
05-20-2020,14:44,61548,7,251
05-20-2020,14:44,61554,20,1225
05-20-2020,14:44,61603,26,793
05-20-2020,14:44,61604,27,1201
05-20-2020,14:44,61605,18,616
05-20-2020,14:44,61610,6,140
05-20-2020,14:44,61611,18,700
05-20-2020,14:44,61614,46,971
05-20-2020,14:44,61615,21,765
05-20-2020,14:44,61701,42,1373
05-20-2020,14:44,61704,69,1135
05-20-2020,14:44,61705,12,441
05-20-2020,14:44,61761,45,1291
05-20-2020,14:44,61764,13,283
05-20-2020,14:44,61801,29,769
05-20-2020,14:44,61802,65,979
05-20-2020,14:44,61820,80,919
05-20-2020,14:44,61821,78,1289
05-20-2020,14:44,61822,38,929
05-20-2020,14:44,61832,19,777
05-20-2020,14:44,61853,12,519
05-20-2020,14:44,61866,131,1130
05-20-2020,14:44,61874,13,296
05-20-2020,14:44,61910,6,182
05-20-2020,14:44,61920,58,789
05-20-2020,14:44,61938,23,747
05-20-2020,14:44,61953,13,208
05-20-2020,14:44,62002,83,491
05-20-2020,14:44,62010,13,115
05-20-2020,14:44,62012,6,71
05-20-2020,14:44,62018,7,56
05-20-2020,14:44,62024,9,99
05-20-2020,14:44,62025,107,560
05-20-2020,14:44,62034,57,216
05-20-2020,14:44,62035,19,180
05-20-2020,14:44,62040,70,532
05-20-2020,14:44,62052,14,98
05-20-2020,14:44,62056,14,326
05-20-2020,14:44,62060,20,77
05-20-2020,14:44,62062,7,178
05-20-2020,14:44,62069,8,83
05-20-2020,14:44,62088,6,312
05-20-2020,14:44,62090,10,22
05-20-2020,14:44,62095,18,133
05-20-2020,14:44,62201,13,95
05-20-2020,14:44,62203,34,185
05-20-2020,14:44,62204,36,174
05-20-2020,14:44,62205,39,241
05-20-2020,14:44,62206,86,373
05-20-2020,14:44,62207,62,171
05-20-2020,14:44,62208,54,284
05-20-2020,14:44,62220,100,280
05-20-2020,14:44,62221,79,403
05-20-2020,14:44,62223,44,256
05-20-2020,14:44,62226,110,643
05-20-2020,14:44,62230,8,132
05-20-2020,14:44,62231,75,301
05-20-2020,14:44,62232,15,135
05-20-2020,14:44,62233,93,384
05-20-2020,14:44,62234,48,436
05-20-2020,14:44,62236,40,140
05-20-2020,14:44,62237,6,205
05-20-2020,14:44,62239,11,42
05-20-2020,14:44,62243,7,30
05-20-2020,14:44,62246,7,163
05-20-2020,14:44,62249,11,167
05-20-2020,14:44,62254,28,127
05-20-2020,14:44,62257,7,61
05-20-2020,14:44,62258,14,103
05-20-2020,14:44,62264,6,29
05-20-2020,14:44,62265,30,271
05-20-2020,14:44,62269,63,394
05-20-2020,14:44,62272,48,137
05-20-2020,14:44,62274,10,120
05-20-2020,14:44,62278,15,127
05-20-2020,14:44,62285,8,40
05-20-2020,14:44,62286,32,237
05-20-2020,14:44,62288,32,166
05-20-2020,14:44,62293,8,76
05-20-2020,14:44,62294,17,176
05-20-2020,14:44,62295,7,19
05-20-2020,14:44,62298,44,212
05-20-2020,14:44,62301,21,1744
05-20-2020,14:44,62305,15,175
05-20-2020,14:44,62353,7,278
05-20-2020,14:44,62428,7,78
05-20-2020,14:44,62441,6,89
05-20-2020,14:44,62448,36,282
05-20-2020,14:44,62454,8,142
05-20-2020,14:44,62471,17,173
05-20-2020,14:44,62521,100,879
05-20-2020,14:44,62522,27,211
05-20-2020,14:44,62526,38,511
05-20-2020,14:44,62560,7,56
05-20-2020,14:44,62565,13,298
05-20-2020,14:44,62568,26,380
05-20-2020,14:44,62618,59,519
05-20-2020,14:44,62629,12,592
05-20-2020,14:44,62650,26,697
05-20-2020,14:44,62656,10,699
05-20-2020,14:44,62664,10,115
05-20-2020,14:44,62675,6,249
05-20-2020,14:44,62681,7,149
05-20-2020,14:44,62684,69,436
05-20-2020,14:44,62702,62,1781
05-20-2020,14:44,62703,56,1518
05-20-2020,14:44,62704,39,1736
05-20-2020,14:44,62707,18,328
05-20-2020,14:44,62711,22,873
05-20-2020,14:44,62801,52,760
05-20-2020,14:44,62832,16,287
05-20-2020,14:44,62837,7,312
05-20-2020,14:44,62864,84,752
05-20-2020,14:44,62882,10,98
05-20-2020,14:44,62901,104,830
05-20-2020,14:44,62902,13,116
05-20-2020,14:44,62906,51,490
05-20-2020,14:44,62907,14,63
05-20-2020,14:44,62912,7,43
05-20-2020,14:44,62918,13,266
05-20-2020,14:44,62920,57,245
05-20-2020,14:44,62948,8,324
05-20-2020,14:44,62959,27,723
05-20-2020,14:44,62966,47,499
05-20-2020,14:44,62992,32,116
05-19-2020,23:29,46324,6,135
05-19-2020,23:29,53142,7,168
05-19-2020,23:29,60002,73,622
05-19-2020,23:29,60004,219,2644
05-19-2020,23:29,60005,130,840
05-19-2020,23:29,60007,211,1021
05-19-2020,23:29,60008,220,995
05-19-2020,23:29,60010,75,847
05-19-2020,23:29,60012,68,273
05-19-2020,23:29,60013,69,456
05-19-2020,23:29,60014,141,1168
05-19-2020,23:29,60015,148,894
05-19-2020,23:29,60016,827,3119
05-19-2020,23:29,60018,417,1461
05-19-2020,23:29,60020,27,322
05-19-2020,23:29,60021,17,111
05-19-2020,23:29,60022,23,270
05-19-2020,23:29,60025,283,1626
05-19-2020,23:29,60026,112,539
05-19-2020,23:29,60030,131,1063
05-19-2020,23:29,60031,231,1446
05-19-2020,23:29,60033,109,483
05-19-2020,23:29,60035,194,1275
05-19-2020,23:29,60040,105,266
05-19-2020,23:29,60041,33,247
05-19-2020,23:29,60042,20,184
05-19-2020,23:29,60043,15,114
05-19-2020,23:29,60044,75,451
05-19-2020,23:29,60045,103,726
05-19-2020,23:29,60046,145,926
05-19-2020,23:29,60047,183,898
05-19-2020,23:29,60048,93,747
05-19-2020,23:29,60050,163,971
05-19-2020,23:29,60051,74,647
05-19-2020,23:29,60053,225,1063
05-19-2020,23:29,60056,455,1930
05-19-2020,23:29,60060,326,1229
05-19-2020,23:29,60061,138,766
05-19-2020,23:29,60062,250,1785
05-19-2020,23:29,60064,514,1104
05-19-2020,23:29,60067,138,1220
05-19-2020,23:29,60068,250,1214
05-19-2020,23:29,60069,57,329
05-19-2020,23:29,60070,166,667
05-19-2020,23:29,60071,7,83
05-19-2020,23:29,60073,680,2394
05-19-2020,23:29,60074,274,1243
05-19-2020,23:29,60076,392,1954
05-19-2020,23:29,60077,321,1572
05-19-2020,23:29,60079,10,37
05-19-2020,23:29,60081,32,229
05-19-2020,23:29,60083,80,417
05-19-2020,23:29,60084,139,439
05-19-2020,23:29,60085,1912,4917
05-19-2020,23:29,60087,492,1790
05-19-2020,23:29,60088,42,95
05-19-2020,23:29,60089,169,1013
05-19-2020,23:29,60090,520,1809
05-19-2020,23:29,60091,120,976
05-19-2020,23:29,60093,123,843
05-19-2020,23:29,60096,24,211
05-19-2020,23:29,60097,33,295
05-19-2020,23:29,60098,244,1081
05-19-2020,23:29,60099,412,1503
05-19-2020,23:29,60101,560,1870
05-19-2020,23:29,60102,102,725
05-19-2020,23:29,60103,190,1235
05-19-2020,23:29,60104,346,1281
05-19-2020,23:29,60106,394,1392
05-19-2020,23:29,60107,425,1646
05-19-2020,23:29,60108,187,1491
05-19-2020,23:29,60109,10,276
05-19-2020,23:29,60110,427,1255
05-19-2020,23:29,60112,17,132
05-19-2020,23:29,60115,113,1040
05-19-2020,23:29,60118,48,380
05-19-2020,23:29,60119,28,295
05-19-2020,23:29,60120,865,2478
05-19-2020,23:29,60123,510,2102
05-19-2020,23:29,60124,74,550
05-19-2020,23:29,60126,202,1595
05-19-2020,23:29,60130,108,1075
05-19-2020,23:29,60131,277,1064
05-19-2020,23:29,60133,517,1825
05-19-2020,23:29,60134,104,737
05-19-2020,23:29,60135,25,212
05-19-2020,23:29,60136,38,204
05-19-2020,23:29,60137,111,1037
05-19-2020,23:29,60139,439,1650
05-19-2020,23:29,60140,64,482
05-19-2020,23:29,60141,12,273
05-19-2020,23:29,60142,61,779
05-19-2020,23:29,60143,130,576
05-19-2020,23:29,60146,8,54
05-19-2020,23:29,60148,243,1641
05-19-2020,23:29,60151,15,119
05-19-2020,23:29,60152,59,324
05-19-2020,23:29,60153,366,1629
05-19-2020,23:29,60154,157,1071
05-19-2020,23:29,60155,140,518
05-19-2020,23:29,60156,101,695
05-19-2020,23:29,60157,13,69
05-19-2020,23:29,60160,516,1715
05-19-2020,23:29,60162,119,554
05-19-2020,23:29,60163,72,307
05-19-2020,23:29,60164,374,1773
05-19-2020,23:29,60165,141,346
05-19-2020,23:29,60169,277,1123
05-19-2020,23:29,60171,86,514
05-19-2020,23:29,60172,165,774
05-19-2020,23:29,60173,65,278
05-19-2020,23:29,60174,118,1272
05-19-2020,23:29,60175,62,669
05-19-2020,23:29,60176,116,502
05-19-2020,23:29,60177,186,768
05-19-2020,23:29,60178,36,464
05-19-2020,23:29,60181,181,1037
05-19-2020,23:29,60185,551,1967
05-19-2020,23:29,60187,89,960
05-19-2020,23:29,60188,377,1769
05-19-2020,23:29,60189,71,825
05-19-2020,23:29,60190,30,445
05-19-2020,23:29,60191,152,597
05-19-2020,23:29,60192,37,335
05-19-2020,23:29,60193,171,1031
05-19-2020,23:29,60194,98,624
05-19-2020,23:29,60195,12,104
05-19-2020,23:29,60201,275,1982
05-19-2020,23:29,60202,313,1771
05-19-2020,23:29,60203,24,199
05-19-2020,23:29,60301,21,148
05-19-2020,23:29,60302,178,1476
05-19-2020,23:29,60304,64,666
05-19-2020,23:29,60305,37,407
05-19-2020,23:29,60401,34,366
05-19-2020,23:29,60402,1070,4233
05-19-2020,23:29,60403,147,888
05-19-2020,23:29,60404,87,762
05-19-2020,23:29,60406,370,1793
05-19-2020,23:29,60408,15,140
05-19-2020,23:29,60409,457,2479
05-19-2020,23:29,60410,35,396
05-19-2020,23:29,60411,714,3849
05-19-2020,23:29,60415,156,602
05-19-2020,23:29,60416,6,145
05-19-2020,23:29,60417,120,822
05-19-2020,23:29,60418,71,347
05-19-2020,23:29,60419,288,1717
05-19-2020,23:29,60420,6,91
05-19-2020,23:29,60421,10,98
05-19-2020,23:29,60422,74,603
05-19-2020,23:29,60423,114,887
05-19-2020,23:29,60425,112,734
05-19-2020,23:29,60426,370,2058
05-19-2020,23:29,60428,164,1042
05-19-2020,23:29,60429,189,1423
05-19-2020,23:29,60430,234,1270
05-19-2020,23:29,60431,149,1203
05-19-2020,23:29,60432,270,1019
05-19-2020,23:29,60433,216,824
05-19-2020,23:29,60434,156,178
05-19-2020,23:29,60435,530,2808
05-19-2020,23:29,60436,158,983
05-19-2020,23:29,60438,289,1583
05-19-2020,23:29,60439,73,688
05-19-2020,23:29,60440,668,2908
05-19-2020,23:29,60441,162,1059
05-19-2020,23:29,60442,32,265
05-19-2020,23:29,60443,295,1582
05-19-2020,23:29,60445,122,869
05-19-2020,23:29,60446,379,2022
05-19-2020,23:29,60447,36,405
05-19-2020,23:29,60448,107,621
05-19-2020,23:29,60449,61,457
05-19-2020,23:29,60450,27,392
05-19-2020,23:29,60451,83,775
05-19-2020,23:29,60452,159,1163
05-19-2020,23:29,60453,589,2595
05-19-2020,23:29,60455,251,1092
05-19-2020,23:29,60456,39,227
05-19-2020,23:29,60457,99,469
05-19-2020,23:29,60458,101,682
05-19-2020,23:29,60459,312,1496
05-19-2020,23:29,60461,49,365
05-19-2020,23:29,60462,231,1395
05-19-2020,23:29,60463,189,696
05-19-2020,23:29,60464,37,323
05-19-2020,23:29,60465,188,713
05-19-2020,23:29,60466,422,2000
05-19-2020,23:29,60467,142,839
05-19-2020,23:29,60468,26,165
05-19-2020,23:29,60469,53,341
05-19-2020,23:29,60471,176,956
05-19-2020,23:29,60472,53,408
05-19-2020,23:29,60473,317,1798
05-19-2020,23:29,60475,58,443
05-19-2020,23:29,60476,14,128
05-19-2020,23:29,60477,192,1345
05-19-2020,23:29,60478,272,1762
05-19-2020,23:29,60480,29,209
05-19-2020,23:29,60481,20,277
05-19-2020,23:29,60482,75,400
05-19-2020,23:29,60484,101,492
05-19-2020,23:29,60487,110,875
05-19-2020,23:29,60490,120,830
05-19-2020,23:29,60491,109,625
05-19-2020,23:29,60501,207,674
05-19-2020,23:29,60502,70,602
05-19-2020,23:29,60503,45,370
05-19-2020,23:29,60504,237,1225
05-19-2020,23:29,60505,1325,3690
05-19-2020,23:29,60506,732,3219
05-19-2020,23:29,60510,77,828
05-19-2020,23:29,60513,133,1078
05-19-2020,23:29,60514,37,375
05-19-2020,23:29,60515,75,714
05-19-2020,23:29,60516,90,821
05-19-2020,23:29,60517,171,1147
05-19-2020,23:29,60520,8,68
05-19-2020,23:29,60521,170,820
05-19-2020,23:29,60523,88,500
05-19-2020,23:29,60525,218,1623
05-19-2020,23:29,60526,66,843
05-19-2020,23:29,60527,195,1412
05-19-2020,23:29,60532,92,777
05-19-2020,23:29,60534,119,582
05-19-2020,23:29,60538,210,981
05-19-2020,23:29,60540,97,1150
05-19-2020,23:29,60541,6,55
05-19-2020,23:29,60542,100,696
05-19-2020,23:29,60543,186,1016
05-19-2020,23:29,60544,134,1082
05-19-2020,23:29,60545,113,606
05-19-2020,23:29,60546,120,1208
05-19-2020,23:29,60548,54,385
05-19-2020,23:29,60551,18,72
05-19-2020,23:29,60552,6,101
05-19-2020,23:29,60554,31,339
05-19-2020,23:29,60555,92,566
05-19-2020,23:29,60558,36,443
05-19-2020,23:29,60559,258,1171
05-19-2020,23:29,60560,66,587
05-19-2020,23:29,60561,96,861
05-19-2020,23:29,60563,135,1285
05-19-2020,23:29,60564,109,1001
05-19-2020,23:29,60565,153,976
05-19-2020,23:29,60585,67,610
05-19-2020,23:29,60586,267,1689
05-19-2020,23:29,60601,66,573
05-19-2020,23:29,60602,13,111
05-19-2020,23:29,60603,6,58
05-19-2020,23:29,60604,16,84
05-19-2020,23:29,60605,154,1214
05-19-2020,23:29,60606,47,402
05-19-2020,23:29,60607,397,1587
05-19-2020,23:29,60608,1347,4902
05-19-2020,23:29,60609,1299,4124
05-19-2020,23:29,60610,211,1737
05-19-2020,23:29,60611,120,1867
05-19-2020,23:29,60612,562,3149
05-19-2020,23:29,60613,328,1796
05-19-2020,23:29,60614,439,3154
05-19-2020,23:29,60615,322,2335
05-19-2020,23:29,60616,355,2677
05-19-2020,23:29,60617,868,5085
05-19-2020,23:29,60618,929,4203
05-19-2020,23:29,60619,760,4443
05-19-2020,23:29,60620,931,4541
05-19-2020,23:29,60621,445,2025
05-19-2020,23:29,60622,513,2539
05-19-2020,23:29,60623,2567,6413
05-19-2020,23:29,60624,668,2672
05-19-2020,23:29,60625,1062,3873
05-19-2020,23:29,60626,782,3099
05-19-2020,23:29,60628,868,4072
05-19-2020,23:29,60629,2431,7067
05-19-2020,23:29,60630,609,2732
05-19-2020,23:29,60631,231,1879
05-19-2020,23:29,60632,2332,5908
05-19-2020,23:29,60633,225,1448
05-19-2020,23:29,60634,1092,5409
05-19-2020,23:29,60636,567,2013
05-19-2020,23:29,60637,507,3401
05-19-2020,23:29,60638,892,3869
05-19-2020,23:29,60639,2458,6781
05-19-2020,23:29,60640,654,3374
05-19-2020,23:29,60641,1059,4005
05-19-2020,23:29,60642,124,904
05-19-2020,23:29,60643,610,3574
05-19-2020,23:29,60644,938,3920
05-19-2020,23:29,60645,894,3434
05-19-2020,23:29,60646,300,1728
05-19-2020,23:29,60647,1006,4120
05-19-2020,23:29,60649,632,3440
05-19-2020,23:29,60651,1268,4254
05-19-2020,23:29,60652,685,2666
05-19-2020,23:29,60653,432,2463
05-19-2020,23:29,60654,122,782
05-19-2020,23:29,60655,221,1788
05-19-2020,23:29,60656,208,1495
05-19-2020,23:29,60657,281,2483
05-19-2020,23:29,60659,577,2042
05-19-2020,23:29,60660,316,1535
05-19-2020,23:29,60661,36,365
05-19-2020,23:29,60706,274,1644
05-19-2020,23:29,60707,631,2924
05-19-2020,23:29,60712,138,687
05-19-2020,23:29,60714,611,2086
05-19-2020,23:29,60803,198,1039
05-19-2020,23:29,60804,2206,6483
05-19-2020,23:29,60805,188,897
05-19-2020,23:29,60827,280,1539
05-19-2020,23:29,60901,389,2099
05-19-2020,23:29,60911,9,51
05-19-2020,23:29,60912,6,27
05-19-2020,23:29,60914,111,1047
05-19-2020,23:29,60915,40,469
05-19-2020,23:29,60919,6,20
05-19-2020,23:29,60922,11,101
05-19-2020,23:29,60927,43,132
05-19-2020,23:29,60928,7,16
05-19-2020,23:29,60930,6,10
05-19-2020,23:29,60940,6,99
05-19-2020,23:29,60950,59,619
05-19-2020,23:29,60954,22,324
05-19-2020,23:29,60955,11,52
05-19-2020,23:29,60957,7,140
05-19-2020,23:29,60958,18,89
05-19-2020,23:29,60964,25,160
05-19-2020,23:29,60970,11,192
05-19-2020,23:29,61008,267,1250
05-19-2020,23:29,61010,7,157
05-19-2020,23:29,61012,12,49
05-19-2020,23:29,61016,24,209
05-19-2020,23:29,61021,63,770
05-19-2020,23:29,61032,141,916
05-19-2020,23:29,61054,7,119
05-19-2020,23:29,61061,8,153
05-19-2020,23:29,61064,9,71
05-19-2020,23:29,61065,26,264
05-19-2020,23:29,61068,119,908
05-19-2020,23:29,61071,27,216
05-19-2020,23:29,61072,23,278
05-19-2020,23:29,61073,40,496
05-19-2020,23:29,61080,29,245
05-19-2020,23:29,61081,59,358
05-19-2020,23:29,61084,7,46
05-19-2020,23:29,61088,7,152
05-19-2020,23:29,61101,183,1259
05-19-2020,23:29,61102,158,1045
05-19-2020,23:29,61103,170,1388
05-19-2020,23:29,61104,177,950
05-19-2020,23:29,61107,129,1406
05-19-2020,23:29,61108,222,1349
05-19-2020,23:29,61109,169,1158
05-19-2020,23:29,61111,65,849
05-19-2020,23:29,61114,69,606
05-19-2020,23:29,61115,69,725
05-19-2020,23:29,61201,167,951
05-19-2020,23:29,61235,8,59
05-19-2020,23:29,61239,8,35
05-19-2020,23:29,61240,9,125
05-19-2020,23:29,61241,15,175
05-19-2020,23:29,61244,149,732
05-19-2020,23:29,61252,21,104
05-19-2020,23:29,61254,8,277
05-19-2020,23:29,61256,6,51
05-19-2020,23:29,61264,21,265
05-19-2020,23:29,61265,181,1219
05-19-2020,23:29,61270,7,122
05-19-2020,23:29,61275,10,82
05-19-2020,23:29,61282,36,260
05-19-2020,23:29,61341,31,273
05-19-2020,23:29,61342,15,141
05-19-2020,23:29,61350,17,398
05-19-2020,23:29,61356,6,213
05-19-2020,23:29,61401,77,1078
05-19-2020,23:29,61410,6,67
05-19-2020,23:29,61443,17,292
05-19-2020,23:29,61455,59,533
05-19-2020,23:29,61462,100,492
05-19-2020,23:29,61469,7,73
05-19-2020,23:29,61525,6,213
05-19-2020,23:29,61548,7,242
05-19-2020,23:29,61554,20,1192
05-19-2020,23:29,61603,26,769
05-19-2020,23:29,61604,27,1169
05-19-2020,23:29,61605,18,601
05-19-2020,23:29,61610,6,137
05-19-2020,23:29,61611,18,677
05-19-2020,23:29,61614,45,929
05-19-2020,23:29,61615,21,742
05-19-2020,23:29,61701,42,1323
05-19-2020,23:29,61704,68,1087
05-19-2020,23:29,61705,12,416
05-19-2020,23:29,61761,44,1238
05-19-2020,23:29,61764,12,275
05-19-2020,23:29,61801,27,731
05-19-2020,23:29,61802,57,931
05-19-2020,23:29,61820,75,866
05-19-2020,23:29,61821,76,1230
05-19-2020,23:29,61822,35,872
05-19-2020,23:29,61832,18,756
05-19-2020,23:29,61853,12,490
05-19-2020,23:29,61866,116,1062
05-19-2020,23:29,61874,13,286
05-19-2020,23:29,61910,6,181
05-19-2020,23:29,61920,56,714
05-19-2020,23:29,61938,22,690
05-19-2020,23:29,61953,13,196
05-19-2020,23:29,62002,84,489
05-19-2020,23:29,62010,13,114
05-19-2020,23:29,62012,6,70
05-19-2020,23:29,62018,7,56
05-19-2020,23:29,62024,8,97
05-19-2020,23:29,62025,108,554
05-19-2020,23:29,62034,56,215
05-19-2020,23:29,62035,19,180
05-19-2020,23:29,62040,70,526
05-19-2020,23:29,62052,13,96
05-19-2020,23:29,62056,14,303
05-19-2020,23:29,62060,20,75
05-19-2020,23:29,62062,7,177
05-19-2020,23:29,62069,8,82
05-19-2020,23:29,62088,7,307
05-19-2020,23:29,62090,10,21
05-19-2020,23:29,62095,18,132
05-19-2020,23:29,62201,13,90
05-19-2020,23:29,62203,29,173
05-19-2020,23:29,62204,35,169
05-19-2020,23:29,62205,39,236
05-19-2020,23:29,62206,83,355
05-19-2020,23:29,62207,58,158
05-19-2020,23:29,62208,51,273
05-19-2020,23:29,62220,98,269
05-19-2020,23:29,62221,78,381
05-19-2020,23:29,62223,44,252
05-19-2020,23:29,62226,110,621
05-19-2020,23:29,62230,8,128
05-19-2020,23:29,62231,75,295
05-19-2020,23:29,62232,15,132
05-19-2020,23:29,62233,93,373
05-19-2020,23:29,62234,49,421
05-19-2020,23:29,62236,40,135
05-19-2020,23:29,62237,6,203
05-19-2020,23:29,62238,6,32
05-19-2020,23:29,62239,11,39
05-19-2020,23:29,62243,6,26
05-19-2020,23:29,62246,7,158
05-19-2020,23:29,62249,11,158
05-19-2020,23:29,62254,28,120
05-19-2020,23:29,62257,7,60
05-19-2020,23:29,62258,14,100
05-19-2020,23:29,62265,29,263
05-19-2020,23:29,62269,62,384
05-19-2020,23:29,62272,45,131
05-19-2020,23:29,62274,10,118
05-19-2020,23:29,62278,15,125
05-19-2020,23:29,62285,7,40
05-19-2020,23:29,62286,30,229
05-19-2020,23:29,62288,30,164
05-19-2020,23:29,62293,8,74
05-19-2020,23:29,62294,17,176
05-19-2020,23:29,62295,7,18
05-19-2020,23:29,62298,44,206
05-19-2020,23:29,62301,21,1730
05-19-2020,23:29,62305,15,170
05-19-2020,23:29,62353,7,276
05-19-2020,23:29,62428,6,71
05-19-2020,23:29,62441,6,88
05-19-2020,23:29,62448,36,272
05-19-2020,23:29,62454,8,138
05-19-2020,23:29,62471,17,165
05-19-2020,23:29,62521,97,841
05-19-2020,23:29,62522,27,200
05-19-2020,23:29,62526,35,482
05-19-2020,23:29,62560,7,48
05-19-2020,23:29,62565,13,228
05-19-2020,23:29,62568,26,334
05-19-2020,23:29,62618,58,501
05-19-2020,23:29,62629,12,494
05-19-2020,23:29,62650,27,637
05-19-2020,23:29,62656,10,626
05-19-2020,23:29,62664,10,111
05-19-2020,23:29,62675,6,216
05-19-2020,23:29,62681,6,143
05-19-2020,23:29,62684,69,381
05-19-2020,23:29,62702,61,1511
05-19-2020,23:29,62703,53,1328
05-19-2020,23:29,62704,38,1473
05-19-2020,23:29,62707,17,268
05-19-2020,23:29,62711,21,742
05-19-2020,23:29,62801,51,750
05-19-2020,23:29,62832,16,284
05-19-2020,23:29,62837,7,307
05-19-2020,23:29,62864,84,741
05-19-2020,23:29,62882,10,95
05-19-2020,23:29,62901,103,787
05-19-2020,23:29,62902,13,111
05-19-2020,23:29,62906,51,483
05-19-2020,23:29,62907,14,63
05-19-2020,23:29,62912,7,42
05-19-2020,23:29,62918,13,257
05-19-2020,23:29,62920,55,204
05-19-2020,23:29,62948,8,317
05-19-2020,23:29,62959,25,707
05-19-2020,23:29,62966,47,486
05-19-2020,23:29,62992,32,116
05-18-2020,14:45,46324,6,129
05-18-2020,14:45,53142,9,161
05-18-2020,14:45,60002,71,607
05-18-2020,14:45,60004,215,2613
05-18-2020,14:45,60005,127,806
05-18-2020,14:45,60007,205,1005
05-18-2020,14:45,60008,216,983
05-18-2020,14:45,60010,73,823
05-18-2020,14:45,60012,69,264
05-18-2020,14:45,60013,68,448
05-18-2020,14:45,60014,138,1125
05-18-2020,14:45,60015,143,870
05-18-2020,14:45,60016,821,2914
05-18-2020,14:45,60018,406,1428
05-18-2020,14:45,60020,27,312
05-18-2020,14:45,60021,17,107
05-18-2020,14:45,60022,23,261
05-18-2020,14:45,60025,277,1584
05-18-2020,14:45,60026,111,532
05-18-2020,14:45,60030,129,1044
05-18-2020,14:45,60031,231,1428
05-18-2020,14:45,60033,109,481
05-18-2020,14:45,60035,193,1234
05-18-2020,14:45,60040,99,262
05-18-2020,14:45,60041,34,242
05-18-2020,14:45,60042,20,182
05-18-2020,14:45,60043,15,113
05-18-2020,14:45,60044,75,445
05-18-2020,14:45,60045,104,708
05-18-2020,14:45,60046,144,908
05-18-2020,14:45,60047,181,874
05-18-2020,14:45,60048,92,720
05-18-2020,14:45,60050,162,937
05-18-2020,14:45,60051,75,620
05-18-2020,14:45,60053,224,1040
05-18-2020,14:45,60056,449,1886
05-18-2020,14:45,60060,319,1188
05-18-2020,14:45,60061,137,746
05-18-2020,14:45,60062,250,1740
05-18-2020,14:45,60064,504,1083
05-18-2020,14:45,60067,135,1190
05-18-2020,14:45,60068,247,1194
05-18-2020,14:45,60069,56,320
05-18-2020,14:45,60070,157,563
05-18-2020,14:45,60071,7,80
05-18-2020,14:45,60073,667,2323
05-18-2020,14:45,60074,266,1222
05-18-2020,14:45,60076,388,1916
05-18-2020,14:45,60077,315,1540
05-18-2020,14:45,60079,10,37
05-18-2020,14:45,60081,32,223
05-18-2020,14:45,60083,79,410
05-18-2020,14:45,60084,137,430
05-18-2020,14:45,60085,1893,4828
05-18-2020,14:45,60087,488,1754
05-18-2020,14:45,60088,42,91
05-18-2020,14:45,60089,163,991
05-18-2020,14:45,60090,468,1640
05-18-2020,14:45,60091,120,962
05-18-2020,14:45,60093,123,816
05-18-2020,14:45,60096,24,205
05-18-2020,14:45,60097,32,286
05-18-2020,14:45,60098,243,1038
05-18-2020,14:45,60099,406,1463
05-18-2020,14:45,60101,554,1815
05-18-2020,14:45,60102,98,692
05-18-2020,14:45,60103,186,1208
05-18-2020,14:45,60104,341,1242
05-18-2020,14:45,60106,391,1357
05-18-2020,14:45,60107,409,1600
05-18-2020,14:45,60108,183,1465
05-18-2020,14:45,60109,10,275
05-18-2020,14:45,60110,420,1229
05-18-2020,14:45,60112,17,129
05-18-2020,14:45,60115,109,999
05-18-2020,14:45,60118,46,367
05-18-2020,14:45,60119,28,287
05-18-2020,14:45,60120,854,2381
05-18-2020,14:45,60123,501,2040
05-18-2020,14:45,60124,72,533
05-18-2020,14:45,60126,198,1548
05-18-2020,14:45,60130,107,1062
05-18-2020,14:45,60131,273,1033
05-18-2020,14:45,60133,503,1783
05-18-2020,14:45,60134,102,709
05-18-2020,14:45,60135,25,206
05-18-2020,14:45,60136,35,202
05-18-2020,14:45,60137,111,989
05-18-2020,14:45,60139,424,1599
05-18-2020,14:45,60140,62,469
05-18-2020,14:45,60141,10,269
05-18-2020,14:45,60142,58,749
05-18-2020,14:45,60143,128,563
05-18-2020,14:45,60146,8,53
05-18-2020,14:45,60148,238,1597
05-18-2020,14:45,60151,15,107
05-18-2020,14:45,60152,55,307
05-18-2020,14:45,60153,357,1586
05-18-2020,14:45,60154,154,1048
05-18-2020,14:45,60155,136,510
05-18-2020,14:45,60156,100,670
05-18-2020,14:45,60157,12,68
05-18-2020,14:45,60160,508,1678
05-18-2020,14:45,60162,116,545
05-18-2020,14:45,60163,71,301
05-18-2020,14:45,60164,364,1724
05-18-2020,14:45,60165,141,337
05-18-2020,14:45,60169,273,1104
05-18-2020,14:45,60171,82,503
05-18-2020,14:45,60172,164,762
05-18-2020,14:45,60173,65,273
05-18-2020,14:45,60174,116,1234
05-18-2020,14:45,60175,61,644
05-18-2020,14:45,60176,113,488
05-18-2020,14:45,60177,185,739
05-18-2020,14:45,60178,35,439
05-18-2020,14:45,60181,177,1008
05-18-2020,14:45,60185,538,1891
05-18-2020,14:45,60187,89,932
05-18-2020,14:45,60188,371,1730
05-18-2020,14:45,60189,70,803
05-18-2020,14:45,60190,30,438
05-18-2020,14:45,60191,149,572
05-18-2020,14:45,60192,36,325
05-18-2020,14:45,60193,170,1011
05-18-2020,14:45,60194,94,610
05-18-2020,14:45,60195,12,103
05-18-2020,14:45,60201,274,1950
05-18-2020,14:45,60202,292,1720
05-18-2020,14:45,60203,24,197
05-18-2020,14:45,60301,20,147
05-18-2020,14:45,60302,177,1444
05-18-2020,14:45,60304,62,654
05-18-2020,14:45,60305,37,398
05-18-2020,14:45,60401,34,349
05-18-2020,14:45,60402,1058,4135
05-18-2020,14:45,60403,143,877
05-18-2020,14:45,60404,86,749
05-18-2020,14:45,60406,357,1701
05-18-2020,14:45,60408,15,135
05-18-2020,14:45,60409,451,2401
05-18-2020,14:45,60410,35,390
05-18-2020,14:45,60411,703,3759
05-18-2020,14:45,60415,151,585
05-18-2020,14:45,60417,119,802
05-18-2020,14:45,60418,70,338
05-18-2020,14:45,60419,284,1678
05-18-2020,14:45,60420,6,87
05-18-2020,14:45,60421,9,97
05-18-2020,14:45,60422,74,578
05-18-2020,14:45,60423,113,861
05-18-2020,14:45,60425,111,722
05-18-2020,14:45,60426,363,1998
05-18-2020,14:45,60428,161,1018
05-18-2020,14:45,60429,187,1368
05-18-2020,14:45,60430,230,1238
05-18-2020,14:45,60431,141,1177
05-18-2020,14:45,60432,250,1001
05-18-2020,14:45,60433,208,809
05-18-2020,14:45,60434,154,177
05-18-2020,14:45,60435,518,2760
05-18-2020,14:45,60436,151,962
05-18-2020,14:45,60438,281,1542
05-18-2020,14:45,60439,71,664
05-18-2020,14:45,60440,651,2857
05-18-2020,14:45,60441,160,1035
05-18-2020,14:45,60442,32,260
05-18-2020,14:45,60443,292,1542
05-18-2020,14:45,60445,122,850
05-18-2020,14:45,60446,370,1971
05-18-2020,14:45,60447,33,396
05-18-2020,14:45,60448,106,610
05-18-2020,14:45,60449,60,448
05-18-2020,14:45,60450,26,385
05-18-2020,14:45,60451,83,753
05-18-2020,14:45,60452,157,1102
05-18-2020,14:45,60453,575,2506
05-18-2020,14:45,60455,245,1080
05-18-2020,14:45,60456,39,219
05-18-2020,14:45,60457,99,453
05-18-2020,14:45,60458,100,668
05-18-2020,14:45,60459,302,1457
05-18-2020,14:45,60461,46,347
05-18-2020,14:45,60462,226,1333
05-18-2020,14:45,60463,186,674
05-18-2020,14:45,60464,36,296
05-18-2020,14:45,60465,184,691
05-18-2020,14:45,60466,421,1965
05-18-2020,14:45,60467,133,773
05-18-2020,14:45,60468,25,158
05-18-2020,14:45,60469,52,328
05-18-2020,14:45,60471,177,931
05-18-2020,14:45,60472,53,396
05-18-2020,14:45,60473,313,1766
05-18-2020,14:45,60475,58,433
05-18-2020,14:45,60476,14,128
05-18-2020,14:45,60477,187,1289
05-18-2020,14:45,60478,272,1723
05-18-2020,14:45,60480,27,205
05-18-2020,14:45,60481,20,276
05-18-2020,14:45,60482,73,389
05-18-2020,14:45,60484,100,474
05-18-2020,14:45,60487,107,842
05-18-2020,14:45,60490,120,817
05-18-2020,14:45,60491,107,611
05-18-2020,14:45,60501,204,654
05-18-2020,14:45,60502,69,580
05-18-2020,14:45,60503,45,358
05-18-2020,14:45,60504,232,1195
05-18-2020,14:45,60505,1285,3541
05-18-2020,14:45,60506,717,3113
05-18-2020,14:45,60510,76,799
05-18-2020,14:45,60513,129,1048
05-18-2020,14:45,60514,36,363
05-18-2020,14:45,60515,72,691
05-18-2020,14:45,60516,90,792
05-18-2020,14:45,60517,168,1126
05-18-2020,14:45,60520,8,64
05-18-2020,14:45,60521,169,808
05-18-2020,14:45,60523,87,492
05-18-2020,14:45,60525,216,1595
05-18-2020,14:45,60526,65,805
05-18-2020,14:45,60527,192,1384
05-18-2020,14:45,60532,92,758
05-18-2020,14:45,60534,117,562
05-18-2020,14:45,60538,206,940
05-18-2020,14:45,60540,96,1123
05-18-2020,14:45,60541,6,53
05-18-2020,14:45,60542,97,669
05-18-2020,14:45,60543,181,983
05-18-2020,14:45,60544,134,1069
05-18-2020,14:45,60545,113,591
05-18-2020,14:45,60546,115,1094
05-18-2020,14:45,60548,54,359
05-18-2020,14:45,60551,17,70
05-18-2020,14:45,60552,6,97
05-18-2020,14:45,60554,30,328
05-18-2020,14:45,60555,92,546
05-18-2020,14:45,60558,35,438
05-18-2020,14:45,60559,255,1161
05-18-2020,14:45,60560,66,569
05-18-2020,14:45,60561,93,838
05-18-2020,14:45,60563,132,1256
05-18-2020,14:45,60564,107,977
05-18-2020,14:45,60565,151,950
05-18-2020,14:45,60585,63,595
05-18-2020,14:45,60586,260,1648
05-18-2020,14:45,60601,66,564
05-18-2020,14:45,60602,13,110
05-18-2020,14:45,60603,7,57
05-18-2020,14:45,60604,16,83
05-18-2020,14:45,60605,152,1191
05-18-2020,14:45,60606,46,394
05-18-2020,14:45,60607,397,1542
05-18-2020,14:45,60608,1332,4811
05-18-2020,14:45,60609,1280,4041
05-18-2020,14:45,60610,204,1677
05-18-2020,14:45,60611,120,1832
05-18-2020,14:45,60612,556,3081
05-18-2020,14:45,60613,325,1763
05-18-2020,14:45,60614,434,3072
05-18-2020,14:45,60615,321,2284
05-18-2020,14:45,60616,351,2612
05-18-2020,14:45,60617,853,4960
05-18-2020,14:45,60618,910,4086
05-18-2020,14:45,60619,750,4314
05-18-2020,14:45,60620,926,4440
05-18-2020,14:45,60621,438,1982
05-18-2020,14:45,60622,507,2478
05-18-2020,14:45,60623,2540,6272
05-18-2020,14:45,60624,647,2631
05-18-2020,14:45,60625,1050,3693
05-18-2020,14:45,60626,778,3053
05-18-2020,14:45,60628,857,3976
05-18-2020,14:45,60629,2398,6861
05-18-2020,14:45,60630,597,2672
05-18-2020,14:45,60631,221,1819
05-18-2020,14:45,60632,2289,5723
05-18-2020,14:45,60633,221,1433
05-18-2020,14:45,60634,1068,5262
05-18-2020,14:45,60636,567,1972
05-18-2020,14:45,60637,503,3324
05-18-2020,14:45,60638,881,3798
05-18-2020,14:45,60639,2429,6608
05-18-2020,14:45,60640,650,3305
05-18-2020,14:45,60641,1023,3908
05-18-2020,14:45,60642,120,877
05-18-2020,14:45,60643,605,3486
05-18-2020,14:45,60644,925,3837
05-18-2020,14:45,60645,885,3372
05-18-2020,14:45,60646,296,1704
05-18-2020,14:45,60647,991,4015
05-18-2020,14:45,60649,627,3286
05-18-2020,14:45,60651,1252,4156
05-18-2020,14:45,60652,677,2606
05-18-2020,14:45,60653,430,2327
05-18-2020,14:45,60654,122,762
05-18-2020,14:45,60655,217,1750
05-18-2020,14:45,60656,204,1474
05-18-2020,14:45,60657,276,2379
05-18-2020,14:45,60659,576,2003
05-18-2020,14:45,60660,317,1506
05-18-2020,14:45,60661,33,350
05-18-2020,14:45,60706,268,1626
05-18-2020,14:45,60707,611,2865
05-18-2020,14:45,60712,137,673
05-18-2020,14:45,60714,601,2054
05-18-2020,14:45,60803,194,1002
05-18-2020,14:45,60804,2181,6327
05-18-2020,14:45,60805,189,874
05-18-2020,14:45,60827,277,1506
05-18-2020,14:45,60901,376,2073
05-18-2020,14:45,60911,8,50
05-18-2020,14:45,60912,6,26
05-18-2020,14:45,60914,107,1027
05-18-2020,14:45,60915,40,456
05-18-2020,14:45,60919,6,20
05-18-2020,14:45,60922,11,101
05-18-2020,14:45,60927,43,132
05-18-2020,14:45,60928,7,15
05-18-2020,14:45,60940,6,96
05-18-2020,14:45,60950,59,610
05-18-2020,14:45,60954,21,321
05-18-2020,14:45,60955,11,52
05-18-2020,14:45,60957,7,138
05-18-2020,14:45,60958,18,88
05-18-2020,14:45,60964,23,159
05-18-2020,14:45,60970,11,190
05-18-2020,14:45,61008,262,1213
05-18-2020,14:45,61010,7,154
05-18-2020,14:45,61012,12,49
05-18-2020,14:45,61016,23,204
05-18-2020,14:45,61021,62,746
05-18-2020,14:45,61032,138,880
05-18-2020,14:45,61054,7,114
05-18-2020,14:45,61061,8,148
05-18-2020,14:45,61064,9,71
05-18-2020,14:45,61065,24,258
05-18-2020,14:45,61068,119,893
05-18-2020,14:45,61071,26,214
05-18-2020,14:45,61072,22,264
05-18-2020,14:45,61073,37,484
05-18-2020,14:45,61080,28,228
05-18-2020,14:45,61081,58,351
05-18-2020,14:45,61084,7,46
05-18-2020,14:45,61088,7,150
05-18-2020,14:45,61101,180,1244
05-18-2020,14:45,61102,156,1032
05-18-2020,14:45,61103,165,1354
05-18-2020,14:45,61104,175,935
05-18-2020,14:45,61107,128,1384
05-18-2020,14:45,61108,220,1311
05-18-2020,14:45,61109,167,1143
05-18-2020,14:45,61111,65,829
05-18-2020,14:45,61114,67,595
05-18-2020,14:45,61115,65,702
05-18-2020,14:45,61201,166,890
05-18-2020,14:45,61235,8,56
05-18-2020,14:45,61239,8,30
05-18-2020,14:45,61240,9,113
05-18-2020,14:45,61241,16,149
05-18-2020,14:45,61244,145,595
05-18-2020,14:45,61252,21,101
05-18-2020,14:45,61254,8,256
05-18-2020,14:45,61256,6,43
05-18-2020,14:45,61264,21,249
05-18-2020,14:45,61265,180,1086
05-18-2020,14:45,61270,7,120
05-18-2020,14:45,61275,10,69
05-18-2020,14:45,61282,34,197
05-18-2020,14:45,61341,31,265
05-18-2020,14:45,61342,15,138
05-18-2020,14:45,61350,17,386
05-18-2020,14:45,61354,6,250
05-18-2020,14:45,61356,6,205
05-18-2020,14:45,61401,74,1055
05-18-2020,14:45,61410,6,67
05-18-2020,14:45,61443,16,283
05-18-2020,14:45,61455,53,520
05-18-2020,14:45,61462,99,487
05-18-2020,14:45,61469,7,70
05-18-2020,14:45,61525,6,211
05-18-2020,14:45,61548,7,232
05-18-2020,14:45,61554,19,1152
05-18-2020,14:45,61603,26,758
05-18-2020,14:45,61604,26,1160
05-18-2020,14:45,61605,17,592
05-18-2020,14:45,61610,6,133
05-18-2020,14:45,61611,18,659
05-18-2020,14:45,61614,45,901
05-18-2020,14:45,61615,21,731
05-18-2020,14:45,61701,43,1230
05-18-2020,14:45,61704,67,992
05-18-2020,14:45,61705,11,381
05-18-2020,14:45,61761,43,1150
05-18-2020,14:45,61764,12,261
05-18-2020,14:45,61801,28,708
05-18-2020,14:45,61802,59,908
05-18-2020,14:45,61820,67,842
05-18-2020,14:45,61821,71,1194
05-18-2020,14:45,61822,34,853
05-18-2020,14:45,61832,19,737
05-18-2020,14:45,61853,12,478
05-18-2020,14:45,61866,113,1035
05-18-2020,14:45,61874,12,279
05-18-2020,14:45,61910,6,180
05-18-2020,14:45,61920,57,704
05-18-2020,14:45,61938,22,679
05-18-2020,14:45,61953,13,190
05-18-2020,14:45,62002,82,458
05-18-2020,14:45,62010,13,108
05-18-2020,14:45,62012,6,66
05-18-2020,14:45,62018,7,48
05-18-2020,14:45,62024,7,86
05-18-2020,14:45,62025,106,546
05-18-2020,14:45,62034,56,212
05-18-2020,14:45,62035,19,160
05-18-2020,14:45,62040,70,520
05-18-2020,14:45,62052,13,92
05-18-2020,14:45,62056,14,202
05-18-2020,14:45,62060,19,74
05-18-2020,14:45,62062,7,170
05-18-2020,14:45,62069,8,80
05-18-2020,14:45,62088,6,307
05-18-2020,14:45,62090,10,21
05-18-2020,14:45,62095,18,128
05-18-2020,14:45,62201,13,90
05-18-2020,14:45,62203,28,171
05-18-2020,14:45,62204,34,166
05-18-2020,14:45,62205,42,230
05-18-2020,14:45,62206,78,348
05-18-2020,14:45,62207,55,154
05-18-2020,14:45,62208,49,266
05-18-2020,14:45,62220,94,261
05-18-2020,14:45,62221,77,369
05-18-2020,14:45,62223,44,244
05-18-2020,14:45,62226,110,603
05-18-2020,14:45,62230,8,124
05-18-2020,14:45,62231,75,285
05-18-2020,14:45,62232,15,130
05-18-2020,14:45,62233,92,370
05-18-2020,14:45,62234,49,415
05-18-2020,14:45,62236,40,131
05-18-2020,14:45,62237,6,196
05-18-2020,14:45,62239,11,39
05-18-2020,14:45,62246,6,149
05-18-2020,14:45,62249,11,155
05-18-2020,14:45,62254,26,117
05-18-2020,14:45,62257,8,60
05-18-2020,14:45,62258,14,100
05-18-2020,14:45,62265,27,262
05-18-2020,14:45,62269,61,361
05-18-2020,14:45,62272,44,130
05-18-2020,14:45,62274,10,115
05-18-2020,14:45,62278,15,125
05-18-2020,14:45,62285,7,40
05-18-2020,14:45,62286,30,226
05-18-2020,14:45,62288,32,164
05-18-2020,14:45,62293,8,73
05-18-2020,14:45,62294,17,173
05-18-2020,14:45,62295,7,17
05-18-2020,14:45,62298,43,204
05-18-2020,14:45,62301,21,1724
05-18-2020,14:45,62305,15,167
05-18-2020,14:45,62353,7,274
05-18-2020,14:45,62428,6,71
05-18-2020,14:45,62441,6,86
05-18-2020,14:45,62448,36,271
05-18-2020,14:45,62454,8,136
05-18-2020,14:45,62471,17,157
05-18-2020,14:45,62521,96,797
05-18-2020,14:45,62522,26,188
05-18-2020,14:45,62526,36,452
05-18-2020,14:45,62560,7,45
05-18-2020,14:45,62565,11,221
05-18-2020,14:45,62568,26,326
05-18-2020,14:45,62618,56,498
05-18-2020,14:45,62629,12,475
05-18-2020,14:45,62650,28,614
05-18-2020,14:45,62656,10,605
05-18-2020,14:45,62664,10,110
05-18-2020,14:45,62675,6,212
05-18-2020,14:45,62681,6,143
05-18-2020,14:45,62684,69,372
05-18-2020,14:45,62702,61,1474
05-18-2020,14:45,62703,52,1288
05-18-2020,14:45,62704,38,1417
05-18-2020,14:45,62707,17,260
05-18-2020,14:45,62711,20,718
05-18-2020,14:45,62801,50,708
05-18-2020,14:45,62832,16,274
05-18-2020,14:45,62837,7,304
05-18-2020,14:45,62864,83,714
05-18-2020,14:45,62882,9,88
05-18-2020,14:45,62901,99,768
05-18-2020,14:45,62902,13,111
05-18-2020,14:45,62906,51,476
05-18-2020,14:45,62907,14,62
05-18-2020,14:45,62912,7,42
05-18-2020,14:45,62918,13,252
05-18-2020,14:45,62920,55,202
05-18-2020,14:45,62948,8,304
05-18-2020,14:45,62959,25,693
05-18-2020,14:45,62966,46,477
05-18-2020,14:45,62992,32,116
05-17-2020,14:45,46324,6,121
05-17-2020,14:45,53142,8,160
05-17-2020,14:45,60002,71,595
05-17-2020,14:45,60004,213,2521
05-17-2020,14:45,60005,122,778
05-17-2020,14:45,60007,200,971
05-17-2020,14:45,60008,203,953
05-17-2020,14:45,60010,73,795
05-17-2020,14:45,60012,69,259
05-17-2020,14:45,60013,66,438
05-17-2020,14:45,60014,133,1086
05-17-2020,14:45,60015,140,837
05-17-2020,14:45,60016,806,2852
05-17-2020,14:45,60018,389,1370
05-17-2020,14:45,60020,25,299
05-17-2020,14:45,60021,16,105
05-17-2020,14:45,60022,23,253
05-17-2020,14:45,60025,266,1552
05-17-2020,14:45,60026,110,523
05-17-2020,14:45,60030,127,1010
05-17-2020,14:45,60031,226,1375
05-17-2020,14:45,60033,108,451
05-17-2020,14:45,60035,189,1189
05-17-2020,14:45,60040,96,251
05-17-2020,14:45,60041,33,233
05-17-2020,14:45,60042,20,172
05-17-2020,14:45,60043,15,110
05-17-2020,14:45,60044,73,423
05-17-2020,14:45,60045,103,688
05-17-2020,14:45,60046,143,882
05-17-2020,14:45,60047,168,848
05-17-2020,14:45,60048,90,682
05-17-2020,14:45,60050,158,905
05-17-2020,14:45,60051,74,595
05-17-2020,14:45,60053,219,1020
05-17-2020,14:45,60056,443,1810
05-17-2020,14:45,60060,308,1146
05-17-2020,14:45,60061,129,702
05-17-2020,14:45,60062,239,1661
05-17-2020,14:45,60064,496,1050
05-17-2020,14:45,60067,131,1119
05-17-2020,14:45,60068,244,1149
05-17-2020,14:45,60069,54,289
05-17-2020,14:45,60070,145,533
05-17-2020,14:45,60071,7,78
05-17-2020,14:45,60073,643,2207
05-17-2020,14:45,60074,255,1164
05-17-2020,14:45,60076,376,1830
05-17-2020,14:45,60077,302,1505
05-17-2020,14:45,60079,10,35
05-17-2020,14:45,60081,32,214
05-17-2020,14:45,60083,79,388
05-17-2020,14:45,60084,136,410
05-17-2020,14:45,60085,1857,4623
05-17-2020,14:45,60087,482,1694
05-17-2020,14:45,60088,41,90
05-17-2020,14:45,60089,159,951
05-17-2020,14:45,60090,451,1576
05-17-2020,14:45,60091,120,948
05-17-2020,14:45,60093,115,794
05-17-2020,14:45,60096,24,198
05-17-2020,14:45,60097,32,276
05-17-2020,14:45,60098,242,996
05-17-2020,14:45,60099,397,1409
05-17-2020,14:45,60101,533,1729
05-17-2020,14:45,60102,90,664
05-17-2020,14:45,60103,181,1139
05-17-2020,14:45,60104,332,1204
05-17-2020,14:45,60106,380,1333
05-17-2020,14:45,60107,393,1525
05-17-2020,14:45,60108,176,1414
05-17-2020,14:45,60109,10,274
05-17-2020,14:45,60110,393,1155
05-17-2020,14:45,60112,17,123
05-17-2020,14:45,60115,103,962
05-17-2020,14:45,60118,44,345
05-17-2020,14:45,60119,26,263
05-17-2020,14:45,60120,802,2198
05-17-2020,14:45,60123,473,1907
05-17-2020,14:45,60124,71,500
05-17-2020,14:45,60126,191,1475
05-17-2020,14:45,60130,108,1037
05-17-2020,14:45,60131,262,992
05-17-2020,14:45,60133,472,1689
05-17-2020,14:45,60134,98,671
05-17-2020,14:45,60135,24,195
05-17-2020,14:45,60136,35,190
05-17-2020,14:45,60137,108,946
05-17-2020,14:45,60139,412,1512
05-17-2020,14:45,60140,59,443
05-17-2020,14:45,60141,8,264
05-17-2020,14:45,60142,57,719
05-17-2020,14:45,60143,118,539
05-17-2020,14:45,60146,8,52
05-17-2020,14:45,60148,236,1538
05-17-2020,14:45,60151,15,102
05-17-2020,14:45,60152,53,288
05-17-2020,14:45,60153,345,1534
05-17-2020,14:45,60154,153,1017
05-17-2020,14:45,60155,134,496
05-17-2020,14:45,60156,95,645
05-17-2020,14:45,60157,10,62
05-17-2020,14:45,60160,492,1625
05-17-2020,14:45,60162,114,528
05-17-2020,14:45,60163,69,290
05-17-2020,14:45,60164,350,1675
05-17-2020,14:45,60165,131,320
05-17-2020,14:45,60169,264,1053
05-17-2020,14:45,60171,82,491
05-17-2020,14:45,60172,159,730
05-17-2020,14:45,60173,61,260
05-17-2020,14:45,60174,108,1186
05-17-2020,14:45,60175,61,617
05-17-2020,14:45,60176,107,470
05-17-2020,14:45,60177,181,700
05-17-2020,14:45,60178,33,422
05-17-2020,14:45,60181,173,965
05-17-2020,14:45,60185,509,1772
05-17-2020,14:45,60187,86,895
05-17-2020,14:45,60188,367,1654
05-17-2020,14:45,60189,67,756
05-17-2020,14:45,60190,28,423
05-17-2020,14:45,60191,140,545
05-17-2020,14:45,60192,34,315
05-17-2020,14:45,60193,164,980
05-17-2020,14:45,60194,91,588
05-17-2020,14:45,60195,12,97
05-17-2020,14:45,60201,266,1919
05-17-2020,14:45,60202,289,1682
05-17-2020,14:45,60203,24,196
05-17-2020,14:45,60301,20,143
05-17-2020,14:45,60302,174,1407
05-17-2020,14:45,60304,62,640
05-17-2020,14:45,60305,36,390
05-17-2020,14:45,60401,34,317
05-17-2020,14:45,60402,1029,4000
05-17-2020,14:45,60403,139,845
05-17-2020,14:45,60404,86,732
05-17-2020,14:45,60406,348,1613
05-17-2020,14:45,60408,14,132
05-17-2020,14:45,60409,443,2318
05-17-2020,14:45,60410,33,379
05-17-2020,14:45,60411,684,3639
05-17-2020,14:45,60415,151,569
05-17-2020,14:45,60417,119,772
05-17-2020,14:45,60418,71,335
05-17-2020,14:45,60419,280,1618
05-17-2020,14:45,60420,6,85
05-17-2020,14:45,60421,9,97
05-17-2020,14:45,60422,73,559
05-17-2020,14:45,60423,112,833
05-17-2020,14:45,60425,109,698
05-17-2020,14:45,60426,360,1928
05-17-2020,14:45,60428,160,992
05-17-2020,14:45,60429,184,1323
05-17-2020,14:45,60430,226,1207
05-17-2020,14:45,60431,140,1102
05-17-2020,14:45,60432,241,954
05-17-2020,14:45,60433,206,788
05-17-2020,14:45,60434,152,175
05-17-2020,14:45,60435,506,2677
05-17-2020,14:45,60436,146,924
05-17-2020,14:45,60438,278,1498
05-17-2020,14:45,60439,69,641
05-17-2020,14:45,60440,644,2753
05-17-2020,14:45,60441,162,1012
05-17-2020,14:45,60442,32,254
05-17-2020,14:45,60443,292,1507
05-17-2020,14:45,60445,121,813
05-17-2020,14:45,60446,364,1900
05-17-2020,14:45,60447,33,381
05-17-2020,14:45,60448,106,595
05-17-2020,14:45,60449,60,435
05-17-2020,14:45,60450,26,369
05-17-2020,14:45,60451,83,723
05-17-2020,14:45,60452,154,1056
05-17-2020,14:45,60453,565,2432
05-17-2020,14:45,60455,236,1040
05-17-2020,14:45,60456,39,209
05-17-2020,14:45,60457,97,442
05-17-2020,14:45,60458,98,643
05-17-2020,14:45,60459,299,1345
05-17-2020,14:45,60461,46,331
05-17-2020,14:45,60462,216,1272
05-17-2020,14:45,60463,178,642
05-17-2020,14:45,60464,35,281
05-17-2020,14:45,60465,180,659
05-17-2020,14:45,60466,417,1895
05-17-2020,14:45,60467,129,717
05-17-2020,14:45,60468,25,150
05-17-2020,14:45,60469,51,319
05-17-2020,14:45,60471,176,916
05-17-2020,14:45,60472,53,387
05-17-2020,14:45,60473,313,1730
05-17-2020,14:45,60475,58,421
05-17-2020,14:45,60476,14,123
05-17-2020,14:45,60477,185,1234
05-17-2020,14:45,60478,270,1666
05-17-2020,14:45,60480,27,199
05-17-2020,14:45,60481,20,272
05-17-2020,14:45,60482,71,377
05-17-2020,14:45,60484,99,456
05-17-2020,14:45,60487,107,793
05-17-2020,14:45,60490,119,791
05-17-2020,14:45,60491,107,596
05-17-2020,14:45,60501,196,616
05-17-2020,14:45,60502,65,538
05-17-2020,14:45,60503,45,342
05-17-2020,14:45,60504,227,1146
05-17-2020,14:45,60505,1242,3291
05-17-2020,14:45,60506,691,2936
05-17-2020,14:45,60510,75,769
05-17-2020,14:45,60513,125,1018
05-17-2020,14:45,60514,35,351
05-17-2020,14:45,60515,72,659
05-17-2020,14:45,60516,89,765
05-17-2020,14:45,60517,166,1090
05-17-2020,14:45,60520,8,60
05-17-2020,14:45,60521,170,787
05-17-2020,14:45,60523,86,473
05-17-2020,14:45,60525,212,1543
05-17-2020,14:45,60526,65,785
05-17-2020,14:45,60527,191,1340
05-17-2020,14:45,60532,88,720
05-17-2020,14:45,60534,115,545
05-17-2020,14:45,60538,195,878
05-17-2020,14:45,60540,92,1078
05-17-2020,14:45,60541,6,48
05-17-2020,14:45,60542,90,626
05-17-2020,14:45,60543,185,939
05-17-2020,14:45,60544,131,1042
05-17-2020,14:45,60545,111,569
05-17-2020,14:45,60546,112,1072
05-17-2020,14:45,60548,51,346
05-17-2020,14:45,60551,17,70
05-17-2020,14:45,60552,6,94
05-17-2020,14:45,60554,29,315
05-17-2020,14:45,60555,88,505
05-17-2020,14:45,60558,34,424
05-17-2020,14:45,60559,253,1128
05-17-2020,14:45,60560,61,507
05-17-2020,14:45,60561,92,811
05-17-2020,14:45,60563,129,1210
05-17-2020,14:45,60564,104,938
05-17-2020,14:45,60565,147,920
05-17-2020,14:45,60585,62,569
05-17-2020,14:45,60586,253,1592
05-17-2020,14:45,60601,65,553
05-17-2020,14:45,60602,13,109
05-17-2020,14:45,60603,7,56
05-17-2020,14:45,60604,16,79
05-17-2020,14:45,60605,150,1157
05-17-2020,14:45,60606,45,381
05-17-2020,14:45,60607,396,1509
05-17-2020,14:45,60608,1309,4678
05-17-2020,14:45,60609,1245,3874
05-17-2020,14:45,60610,198,1606
05-17-2020,14:45,60611,117,1794
05-17-2020,14:45,60612,540,3018
05-17-2020,14:45,60613,320,1708
05-17-2020,14:45,60614,436,2993
05-17-2020,14:45,60615,316,2227
05-17-2020,14:45,60616,348,2544
05-17-2020,14:45,60617,834,4770
05-17-2020,14:45,60618,882,3897
05-17-2020,14:45,60619,740,4149
05-17-2020,14:45,60620,914,4315
05-17-2020,14:45,60621,433,1880
05-17-2020,14:45,60622,493,2409
05-17-2020,14:45,60623,2500,6102
05-17-2020,14:45,60624,637,2571
05-17-2020,14:45,60625,1027,3607
05-17-2020,14:45,60626,752,2935
05-17-2020,14:45,60628,852,3880
05-17-2020,14:45,60629,2315,6519
05-17-2020,14:45,60630,578,2610
05-17-2020,14:45,60631,211,1768
05-17-2020,14:45,60632,2200,5476
05-17-2020,14:45,60633,218,1412
05-17-2020,14:45,60634,1049,5126
05-17-2020,14:45,60636,558,1899
05-17-2020,14:45,60637,492,3221
05-17-2020,14:45,60638,862,3701
05-17-2020,14:45,60639,2365,6388
05-17-2020,14:45,60640,643,3207
05-17-2020,14:45,60641,987,3789
05-17-2020,14:45,60642,119,851
05-17-2020,14:45,60643,598,3393
05-17-2020,14:45,60644,912,3756
05-17-2020,14:45,60645,859,3294
05-17-2020,14:45,60646,288,1668
05-17-2020,14:45,60647,959,3908
05-17-2020,14:45,60649,622,3197
05-17-2020,14:45,60651,1220,4012
05-17-2020,14:45,60652,669,2526
05-17-2020,14:45,60653,422,2234
05-17-2020,14:45,60654,119,741
05-17-2020,14:45,60655,211,1704
05-17-2020,14:45,60656,199,1441
05-17-2020,14:45,60657,272,2331
05-17-2020,14:45,60659,567,1939
05-17-2020,14:45,60660,313,1463
05-17-2020,14:45,60661,33,340
05-17-2020,14:45,60706,262,1593
05-17-2020,14:45,60707,594,2788
05-17-2020,14:45,60712,134,659
05-17-2020,14:45,60714,591,2002
05-17-2020,14:45,60803,189,974
05-17-2020,14:45,60804,2128,6110
05-17-2020,14:45,60805,188,847
05-17-2020,14:45,60827,271,1462
05-17-2020,14:45,60901,372,2037
05-17-2020,14:45,60911,8,48
05-17-2020,14:45,60912,6,24
05-17-2020,14:45,60914,107,1005
05-17-2020,14:45,60915,40,446
05-17-2020,14:45,60919,6,20
05-17-2020,14:45,60922,11,100
05-17-2020,14:45,60927,43,131
05-17-2020,14:45,60928,7,14
05-17-2020,14:45,60940,6,91
05-17-2020,14:45,60950,59,603
05-17-2020,14:45,60954,21,317
05-17-2020,14:45,60955,11,52
05-17-2020,14:45,60957,6,134
05-17-2020,14:45,60958,18,83
05-17-2020,14:45,60964,23,153
05-17-2020,14:45,60970,10,181
05-17-2020,14:45,61008,247,1138
05-17-2020,14:45,61010,7,146
05-17-2020,14:45,61012,11,47
05-17-2020,14:45,61016,22,188
05-17-2020,14:45,61021,62,731
05-17-2020,14:45,61032,132,847
05-17-2020,14:45,61054,6,113
05-17-2020,14:45,61061,8,141
05-17-2020,14:45,61064,9,69
05-17-2020,14:45,61065,23,249
05-17-2020,14:45,61068,119,869
05-17-2020,14:45,61071,26,205
05-17-2020,14:45,61072,22,243
05-17-2020,14:45,61073,37,461
05-17-2020,14:45,61080,27,220
05-17-2020,14:45,61081,58,347
05-17-2020,14:45,61084,7,44
05-17-2020,14:45,61088,7,146
05-17-2020,14:45,61101,177,1181
05-17-2020,14:45,61102,155,1003
05-17-2020,14:45,61103,163,1284
05-17-2020,14:45,61104,172,903
05-17-2020,14:45,61107,121,1316
05-17-2020,14:45,61108,205,1238
05-17-2020,14:45,61109,164,1071
05-17-2020,14:45,61111,63,775
05-17-2020,14:45,61114,64,556
05-17-2020,14:45,61115,63,672
05-17-2020,14:45,61201,163,844
05-17-2020,14:45,61235,8,54
05-17-2020,14:45,61239,6,27
05-17-2020,14:45,61240,9,107
05-17-2020,14:45,61241,15,143
05-17-2020,14:45,61244,144,570
05-17-2020,14:45,61252,21,81
05-17-2020,14:45,61254,8,245
05-17-2020,14:45,61264,19,234
05-17-2020,14:45,61265,176,1032
05-17-2020,14:45,61270,7,113
05-17-2020,14:45,61275,10,67
05-17-2020,14:45,61282,34,189
05-17-2020,14:45,61341,31,258
05-17-2020,14:45,61342,15,128
05-17-2020,14:45,61350,17,368
05-17-2020,14:45,61354,6,242
05-17-2020,14:45,61356,6,195
05-17-2020,14:45,61401,72,1016
05-17-2020,14:45,61410,6,65
05-17-2020,14:45,61443,16,262
05-17-2020,14:45,61455,53,501
05-17-2020,14:45,61462,98,478
05-17-2020,14:45,61469,7,69
05-17-2020,14:45,61525,6,205
05-17-2020,14:45,61548,6,221
05-17-2020,14:45,61554,19,1091
05-17-2020,14:45,61603,25,725
05-17-2020,14:45,61604,26,1120
05-17-2020,14:45,61605,17,565
05-17-2020,14:45,61610,6,126
05-17-2020,14:45,61611,18,629
05-17-2020,14:45,61614,45,862
05-17-2020,14:45,61615,21,695
05-17-2020,14:45,61701,42,1211
05-17-2020,14:45,61704,58,972
05-17-2020,14:45,61705,11,374
05-17-2020,14:45,61761,38,1134
05-17-2020,14:45,61764,11,251
05-17-2020,14:45,61801,26,680
05-17-2020,14:45,61802,54,873
05-17-2020,14:45,61820,64,806
05-17-2020,14:45,61821,70,1125
05-17-2020,14:45,61822,33,820
05-17-2020,14:45,61832,19,691
05-17-2020,14:45,61853,11,448
05-17-2020,14:45,61866,109,1004
05-17-2020,14:45,61874,12,264
05-17-2020,14:45,61910,6,179
05-17-2020,14:45,61920,54,638
05-17-2020,14:45,61938,21,628
05-17-2020,14:45,61953,12,181
05-17-2020,14:45,62002,82,452
05-17-2020,14:45,62010,13,106
05-17-2020,14:45,62012,6,64
05-17-2020,14:45,62018,7,48
05-17-2020,14:45,62024,7,84
05-17-2020,14:45,62025,106,539
05-17-2020,14:45,62034,56,209
05-17-2020,14:45,62035,18,156
05-17-2020,14:45,62040,69,514
05-17-2020,14:45,62052,13,86
05-17-2020,14:45,62056,13,190
05-17-2020,14:45,62060,19,72
05-17-2020,14:45,62062,7,170
05-17-2020,14:45,62069,8,78
05-17-2020,14:45,62088,6,304
05-17-2020,14:45,62090,10,20
05-17-2020,14:45,62095,17,128
05-17-2020,14:45,62201,13,85
05-17-2020,14:45,62203,28,168
05-17-2020,14:45,62204,33,160
05-17-2020,14:45,62205,41,215
05-17-2020,14:45,62206,76,341
05-17-2020,14:45,62207,55,154
05-17-2020,14:45,62208,48,255
05-17-2020,14:45,62220,94,259
05-17-2020,14:45,62221,76,361
05-17-2020,14:45,62223,43,239
05-17-2020,14:45,62226,110,592
05-17-2020,14:45,62230,8,123
05-17-2020,14:45,62231,75,283
05-17-2020,14:45,62232,14,127
05-17-2020,14:45,62233,91,365
05-17-2020,14:45,62234,49,406
05-17-2020,14:45,62236,38,129
05-17-2020,14:45,62237,6,194
05-17-2020,14:45,62239,11,38
05-17-2020,14:45,62246,6,145
05-17-2020,14:45,62249,11,150
05-17-2020,14:45,62254,26,117
05-17-2020,14:45,62257,8,57
05-17-2020,14:45,62258,14,98
05-17-2020,14:45,62265,27,258
05-17-2020,14:45,62269,61,353
05-17-2020,14:45,62272,44,130
05-17-2020,14:45,62274,10,111
05-17-2020,14:45,62278,15,123
05-17-2020,14:45,62285,7,39
05-17-2020,14:45,62286,30,224
05-17-2020,14:45,62288,32,161
05-17-2020,14:45,62293,8,73
05-17-2020,14:45,62294,17,168
05-17-2020,14:45,62295,7,17
05-17-2020,14:45,62298,43,204
05-17-2020,14:45,62301,21,1713
05-17-2020,14:45,62305,15,164
05-17-2020,14:45,62353,7,272
05-17-2020,14:45,62441,6,80
05-17-2020,14:45,62448,36,269
05-17-2020,14:45,62454,8,126
05-17-2020,14:45,62471,17,144
05-17-2020,14:45,62521,94,769
05-17-2020,14:45,62522,27,181
05-17-2020,14:45,62526,33,424
05-17-2020,14:45,62560,7,42
05-17-2020,14:45,62565,11,211
05-17-2020,14:45,62568,26,316
05-17-2020,14:45,62618,56,490
05-17-2020,14:45,62629,12,426
05-17-2020,14:45,62650,28,592
05-17-2020,14:45,62656,10,547
05-17-2020,14:45,62664,10,103
05-17-2020,14:45,62675,6,188
05-17-2020,14:45,62681,6,142
05-17-2020,14:45,62684,69,356
05-17-2020,14:45,62702,61,1366
05-17-2020,14:45,62703,52,1226
05-17-2020,14:45,62704,38,1316
05-17-2020,14:45,62707,17,243
05-17-2020,14:45,62711,20,664
05-17-2020,14:45,62801,50,697
05-17-2020,14:45,62832,16,272
05-17-2020,14:45,62837,7,299
05-17-2020,14:45,62864,82,709
05-17-2020,14:45,62882,9,85
05-17-2020,14:45,62901,99,751
05-17-2020,14:45,62902,13,111
05-17-2020,14:45,62906,51,469
05-17-2020,14:45,62907,14,62
05-17-2020,14:45,62912,7,41
05-17-2020,14:45,62918,13,237
05-17-2020,14:45,62920,55,196
05-17-2020,14:45,62948,8,289
05-17-2020,14:45,62959,25,668
05-17-2020,14:45,62966,46,471
05-17-2020,14:45,62992,32,115
05-16-2020,14:45,53142,8,147
05-16-2020,14:45,60002,70,568
05-16-2020,14:45,60004,211,2459
05-16-2020,14:45,60005,118,755
05-16-2020,14:45,60007,196,929
05-16-2020,14:45,60008,199,926
05-16-2020,14:45,60010,73,771
05-16-2020,14:45,60012,69,250
05-16-2020,14:45,60013,65,427
05-16-2020,14:45,60014,131,1053
05-16-2020,14:45,60015,139,812
05-16-2020,14:45,60016,804,2760
05-16-2020,14:45,60018,385,1315
05-16-2020,14:45,60020,25,277
05-16-2020,14:45,60021,16,100
05-16-2020,14:45,60022,23,244
05-16-2020,14:45,60025,261,1508
05-16-2020,14:45,60026,110,509
05-16-2020,14:45,60030,126,964
05-16-2020,14:45,60031,224,1321
05-16-2020,14:45,60033,103,438
05-16-2020,14:45,60035,188,1149
05-16-2020,14:45,60040,94,235
05-16-2020,14:45,60041,33,220
05-16-2020,14:45,60042,20,166
05-16-2020,14:45,60043,14,109
05-16-2020,14:45,60044,71,409
05-16-2020,14:45,60045,104,670
05-16-2020,14:45,60046,141,845
05-16-2020,14:45,60047,153,811
05-16-2020,14:45,60048,89,655
05-16-2020,14:45,60050,153,860
05-16-2020,14:45,60051,74,571
05-16-2020,14:45,60053,218,980
05-16-2020,14:45,60056,441,1741
05-16-2020,14:45,60060,306,1103
05-16-2020,14:45,60061,129,663
05-16-2020,14:45,60062,238,1614
05-16-2020,14:45,60064,487,1009
05-16-2020,14:45,60067,124,1085
05-16-2020,14:45,60068,242,1109
05-16-2020,14:45,60069,53,278
05-16-2020,14:45,60070,143,519
05-16-2020,14:45,60071,7,76
05-16-2020,14:45,60073,621,2073
05-16-2020,14:45,60074,250,1132
05-16-2020,14:45,60076,371,1771
05-16-2020,14:45,60077,300,1470
05-16-2020,14:45,60079,10,34
05-16-2020,14:45,60081,32,207
05-16-2020,14:45,60083,78,360
05-16-2020,14:45,60084,136,386
05-16-2020,14:45,60085,1828,4412
05-16-2020,14:45,60087,475,1626
05-16-2020,14:45,60088,41,90
05-16-2020,14:45,60089,158,925
05-16-2020,14:45,60090,447,1526
05-16-2020,14:45,60091,120,927
05-16-2020,14:45,60093,115,767
05-16-2020,14:45,60096,24,186
05-16-2020,14:45,60097,31,264
05-16-2020,14:45,60098,239,949
05-16-2020,14:45,60099,392,1338
05-16-2020,14:45,60101,522,1665
05-16-2020,14:45,60102,83,626
05-16-2020,14:45,60103,178,1093
05-16-2020,14:45,60104,323,1164
05-16-2020,14:45,60106,378,1298
05-16-2020,14:45,60107,385,1474
05-16-2020,14:45,60108,169,1369
05-16-2020,14:45,60109,10,273
05-16-2020,14:45,60110,384,1100
05-16-2020,14:45,60112,17,118
05-16-2020,14:45,60115,98,919
05-16-2020,14:45,60118,43,330
05-16-2020,14:45,60119,25,253
05-16-2020,14:45,60120,783,2103
05-16-2020,14:45,60123,457,1833
05-16-2020,14:45,60124,67,474
05-16-2020,14:45,60126,190,1425
05-16-2020,14:45,60130,106,1013
05-16-2020,14:45,60131,260,954
05-16-2020,14:45,60133,457,1627
05-16-2020,14:45,60134,99,639
05-16-2020,14:45,60135,24,185
05-16-2020,14:45,60136,34,183
05-16-2020,14:45,60137,107,906
05-16-2020,14:45,60139,394,1460
05-16-2020,14:45,60140,59,420
05-16-2020,14:45,60141,8,234
05-16-2020,14:45,60142,55,683
05-16-2020,14:45,60143,116,525
05-16-2020,14:45,60146,8,52
05-16-2020,14:45,60148,227,1469
05-16-2020,14:45,60151,14,99
05-16-2020,14:45,60152,53,276
05-16-2020,14:45,60153,342,1486
05-16-2020,14:45,60154,152,979
05-16-2020,14:45,60155,133,480
05-16-2020,14:45,60156,95,625
05-16-2020,14:45,60157,10,61
05-16-2020,14:45,60160,489,1588
05-16-2020,14:45,60162,112,501
05-16-2020,14:45,60163,68,273
05-16-2020,14:45,60164,345,1624
05-16-2020,14:45,60165,131,314
05-16-2020,14:45,60169,261,1011
05-16-2020,14:45,60171,82,480
05-16-2020,14:45,60172,152,691
05-16-2020,14:45,60173,58,253
05-16-2020,14:45,60174,106,1135
05-16-2020,14:45,60175,61,595
05-16-2020,14:45,60176,106,457
05-16-2020,14:45,60177,177,647
05-16-2020,14:45,60178,30,408
05-16-2020,14:45,60181,169,914
05-16-2020,14:45,60185,497,1708
05-16-2020,14:45,60187,85,849
05-16-2020,14:45,60188,357,1574
05-16-2020,14:45,60189,66,729
05-16-2020,14:45,60190,28,410
05-16-2020,14:45,60191,135,528
05-16-2020,14:45,60192,33,303
05-16-2020,14:45,60193,159,926
05-16-2020,14:45,60194,87,539
05-16-2020,14:45,60195,12,92
05-16-2020,14:45,60201,259,1876
05-16-2020,14:45,60202,286,1647
05-16-2020,14:45,60203,23,192
05-16-2020,14:45,60301,19,139
05-16-2020,14:45,60302,171,1385
05-16-2020,14:45,60304,62,629
05-16-2020,14:45,60305,36,388
05-16-2020,14:45,60401,34,310
05-16-2020,14:45,60402,1000,3845
05-16-2020,14:45,60403,133,824
05-16-2020,14:45,60404,83,711
05-16-2020,14:45,60406,336,1536
05-16-2020,14:45,60408,14,127
05-16-2020,14:45,60409,428,2233
05-16-2020,14:45,60410,33,370
05-16-2020,14:45,60411,673,3517
05-16-2020,14:45,60415,150,554
05-16-2020,14:45,60417,118,738
05-16-2020,14:45,60418,71,323
05-16-2020,14:45,60419,279,1560
05-16-2020,14:45,60420,6,82
05-16-2020,14:45,60421,9,95
05-16-2020,14:45,60422,73,537
05-16-2020,14:45,60423,111,806
05-16-2020,14:45,60425,109,680
05-16-2020,14:45,60426,351,1886
05-16-2020,14:45,60428,160,961
05-16-2020,14:45,60429,183,1285
05-16-2020,14:45,60430,224,1174
05-16-2020,14:45,60431,137,1061
05-16-2020,14:45,60432,235,931
05-16-2020,14:45,60433,200,770
05-16-2020,14:45,60434,152,168
05-16-2020,14:45,60435,500,2593
05-16-2020,14:45,60436,143,902
05-16-2020,14:45,60438,272,1445
05-16-2020,14:45,60439,69,628
05-16-2020,14:45,60440,638,2679
05-16-2020,14:45,60441,161,990
05-16-2020,14:45,60442,32,251
05-16-2020,14:45,60443,285,1451
05-16-2020,14:45,60445,119,779
05-16-2020,14:45,60446,359,1848
05-16-2020,14:45,60447,32,373
05-16-2020,14:45,60448,103,575
05-16-2020,14:45,60449,60,429
05-16-2020,14:45,60450,26,358
05-16-2020,14:45,60451,82,698
05-16-2020,14:45,60452,150,1012
05-16-2020,14:45,60453,554,2331
05-16-2020,14:45,60455,235,1024
05-16-2020,14:45,60456,38,196
05-16-2020,14:45,60457,97,427
05-16-2020,14:45,60458,97,612
05-16-2020,14:45,60459,295,1231
05-16-2020,14:45,60461,46,328
05-16-2020,14:45,60462,210,1241
05-16-2020,14:45,60463,174,621
05-16-2020,14:45,60464,35,272
05-16-2020,14:45,60465,178,643
05-16-2020,14:45,60466,416,1852
05-16-2020,14:45,60467,127,701
05-16-2020,14:45,60468,25,144
05-16-2020,14:45,60469,49,309
05-16-2020,14:45,60471,174,891
05-16-2020,14:45,60472,53,375
05-16-2020,14:45,60473,309,1671
05-16-2020,14:45,60475,58,417
05-16-2020,14:45,60476,14,115
05-16-2020,14:45,60477,181,1177
05-16-2020,14:45,60478,268,1615
05-16-2020,14:45,60480,27,194
05-16-2020,14:45,60481,20,267
05-16-2020,14:45,60482,70,369
05-16-2020,14:45,60484,97,446
05-16-2020,14:45,60487,103,755
05-16-2020,14:45,60490,118,768
05-16-2020,14:45,60491,107,584
05-16-2020,14:45,60501,194,596
05-16-2020,14:45,60502,62,518
05-16-2020,14:45,60503,45,325
05-16-2020,14:45,60504,218,1101
05-16-2020,14:45,60505,1205,3134
05-16-2020,14:45,60506,671,2810
05-16-2020,14:45,60510,69,731
05-16-2020,14:45,60513,119,978
05-16-2020,14:45,60514,35,345
05-16-2020,14:45,60515,67,632
05-16-2020,14:45,60516,88,717
05-16-2020,14:45,60517,163,1053
05-16-2020,14:45,60520,8,58
05-16-2020,14:45,60521,170,762
05-16-2020,14:45,60523,85,463
05-16-2020,14:45,60525,208,1498
05-16-2020,14:45,60526,60,754
05-16-2020,14:45,60527,191,1313
05-16-2020,14:45,60532,88,697
05-16-2020,14:45,60534,114,524
05-16-2020,14:45,60538,190,828
05-16-2020,14:45,60540,90,1047
05-16-2020,14:45,60541,6,46
05-16-2020,14:45,60542,88,600
05-16-2020,14:45,60543,175,884
05-16-2020,14:45,60544,125,1008
05-16-2020,14:45,60545,108,535
05-16-2020,14:45,60546,111,1047
05-16-2020,14:45,60548,47,327
05-16-2020,14:45,60551,18,68
05-16-2020,14:45,60552,6,90
05-16-2020,14:45,60554,27,301
05-16-2020,14:45,60555,86,471
05-16-2020,14:45,60558,32,404
05-16-2020,14:45,60559,252,1096
05-16-2020,14:45,60560,61,484
05-16-2020,14:45,60561,91,787
05-16-2020,14:45,60563,125,1179
05-16-2020,14:45,60564,104,921
05-16-2020,14:45,60565,146,901
05-16-2020,14:45,60585,57,544
05-16-2020,14:45,60586,245,1536
05-16-2020,14:45,60601,65,541
05-16-2020,14:45,60602,12,104
05-16-2020,14:45,60603,6,53
05-16-2020,14:45,60604,15,77
05-16-2020,14:45,60605,148,1136
05-16-2020,14:45,60606,41,365
05-16-2020,14:45,60607,395,1485
05-16-2020,14:45,60608,1291,4555
05-16-2020,14:45,60609,1204,3752
05-16-2020,14:45,60610,196,1557
05-16-2020,14:45,60611,117,1750
05-16-2020,14:45,60612,531,2933
05-16-2020,14:45,60613,319,1678
05-16-2020,14:45,60614,434,2936
05-16-2020,14:45,60615,314,2170
05-16-2020,14:45,60616,342,2408
05-16-2020,14:45,60617,803,4594
05-16-2020,14:45,60618,865,3760
05-16-2020,14:45,60619,733,4038
05-16-2020,14:45,60620,905,4215
05-16-2020,14:45,60621,427,1818
05-16-2020,14:45,60622,480,2346
05-16-2020,14:45,60623,2458,5987
05-16-2020,14:45,60624,631,2503
05-16-2020,14:45,60625,1009,3505
05-16-2020,14:45,60626,749,2862
05-16-2020,14:45,60628,848,3780
05-16-2020,14:45,60629,2248,6318
05-16-2020,14:45,60630,565,2523
05-16-2020,14:45,60631,208,1729
05-16-2020,14:45,60632,2140,5317
05-16-2020,14:45,60633,215,1389
05-16-2020,14:45,60634,1044,4978
05-16-2020,14:45,60636,549,1831
05-16-2020,14:45,60637,480,3139
05-16-2020,14:45,60638,846,3604
05-16-2020,14:45,60639,2325,6222
05-16-2020,14:45,60640,636,3135
05-16-2020,14:45,60641,980,3690
05-16-2020,14:45,60642,116,816
05-16-2020,14:45,60643,591,3317
05-16-2020,14:45,60644,899,3675
05-16-2020,14:45,60645,849,3211
05-16-2020,14:45,60646,284,1624
05-16-2020,14:45,60647,945,3803
05-16-2020,14:45,60649,617,3115
05-16-2020,14:45,60651,1192,3872
05-16-2020,14:45,60652,655,2451
05-16-2020,14:45,60653,416,2178
05-16-2020,14:45,60654,119,728
05-16-2020,14:45,60655,209,1662
05-16-2020,14:45,60656,195,1396
05-16-2020,14:45,60657,270,2287
05-16-2020,14:45,60659,553,1876
05-16-2020,14:45,60660,309,1426
05-16-2020,14:45,60661,33,329
05-16-2020,14:45,60706,259,1551
05-16-2020,14:45,60707,588,2716
05-16-2020,14:45,60712,134,641
05-16-2020,14:45,60714,589,1927
05-16-2020,14:45,60803,186,950
05-16-2020,14:45,60804,2098,5948
05-16-2020,14:45,60805,186,826
05-16-2020,14:45,60827,269,1426
05-16-2020,14:45,60901,364,1968
05-16-2020,14:45,60911,8,42
05-16-2020,14:45,60912,6,23
05-16-2020,14:45,60914,104,962
05-16-2020,14:45,60915,40,433
05-16-2020,14:45,60919,6,20
05-16-2020,14:45,60922,11,96
05-16-2020,14:45,60927,43,125
05-16-2020,14:45,60928,7,14
05-16-2020,14:45,60950,59,592
05-16-2020,14:45,60954,21,313
05-16-2020,14:45,60955,11,51
05-16-2020,14:45,60957,6,129
05-16-2020,14:45,60958,18,81
05-16-2020,14:45,60964,23,143
05-16-2020,14:45,60970,10,178
05-16-2020,14:45,61008,243,1110
05-16-2020,14:45,61010,7,144
05-16-2020,14:45,61012,10,45
05-16-2020,14:45,61016,22,186
05-16-2020,14:45,61021,62,721
05-16-2020,14:45,61032,122,726
05-16-2020,14:45,61054,6,109
05-16-2020,14:45,61061,8,138
05-16-2020,14:45,61064,9,66
05-16-2020,14:45,61065,21,239
05-16-2020,14:45,61068,118,863
05-16-2020,14:45,61071,26,199
05-16-2020,14:45,61072,22,235
05-16-2020,14:45,61073,37,445
05-16-2020,14:45,61080,26,211
05-16-2020,14:45,61081,58,338
05-16-2020,14:45,61084,7,43
05-16-2020,14:45,61088,7,143
05-16-2020,14:45,61101,163,1137
05-16-2020,14:45,61102,150,971
05-16-2020,14:45,61103,155,1243
05-16-2020,14:45,61104,164,843
05-16-2020,14:45,61107,115,1270
05-16-2020,14:45,61108,203,1194
05-16-2020,14:45,61109,158,1034
05-16-2020,14:45,61111,62,749
05-16-2020,14:45,61114,63,528
05-16-2020,14:45,61115,61,644
05-16-2020,14:45,61201,159,806
05-16-2020,14:45,61235,8,53
05-16-2020,14:45,61239,6,26
05-16-2020,14:45,61240,9,101
05-16-2020,14:45,61241,15,139
05-16-2020,14:45,61244,143,545
05-16-2020,14:45,61252,17,62
05-16-2020,14:45,61254,8,242
05-16-2020,14:45,61264,19,227
05-16-2020,14:45,61265,175,995
05-16-2020,14:45,61270,7,110
05-16-2020,14:45,61275,9,67
05-16-2020,14:45,61282,34,183
05-16-2020,14:45,61341,31,256
05-16-2020,14:45,61342,15,128
05-16-2020,14:45,61350,17,356
05-16-2020,14:45,61354,6,228
05-16-2020,14:45,61356,6,186
05-16-2020,14:45,61401,71,1003
05-16-2020,14:45,61410,6,64
05-16-2020,14:45,61443,16,260
05-16-2020,14:45,61455,50,488
05-16-2020,14:45,61462,96,474
05-16-2020,14:45,61469,7,67
05-16-2020,14:45,61525,6,199
05-16-2020,14:45,61548,6,219
05-16-2020,14:45,61554,19,984
05-16-2020,14:45,61603,24,703
05-16-2020,14:45,61604,24,1076
05-16-2020,14:45,61605,16,542
05-16-2020,14:45,61610,6,122
05-16-2020,14:45,61611,18,606
05-16-2020,14:45,61614,45,823
05-16-2020,14:45,61615,21,672
05-16-2020,14:45,61701,42,1138
05-16-2020,14:45,61704,48,893
05-16-2020,14:45,61705,10,344
05-16-2020,14:45,61761,38,1053
05-16-2020,14:45,61764,11,241
05-16-2020,14:45,61801,25,661
05-16-2020,14:45,61802,46,833
05-16-2020,14:45,61820,60,769
05-16-2020,14:45,61821,56,1053
05-16-2020,14:45,61822,33,771
05-16-2020,14:45,61832,18,660
05-16-2020,14:45,61853,11,418
05-16-2020,14:45,61866,104,959
05-16-2020,14:45,61874,11,245
05-16-2020,14:45,61910,6,176
05-16-2020,14:45,61920,47,584
05-16-2020,14:45,61938,20,573
05-16-2020,14:45,61953,12,171
05-16-2020,14:45,62002,76,434
05-16-2020,14:45,62010,13,105
05-16-2020,14:45,62012,6,62
05-16-2020,14:45,62018,7,48
05-16-2020,14:45,62024,7,81
05-16-2020,14:45,62025,106,530
05-16-2020,14:45,62034,55,201
05-16-2020,14:45,62035,18,151
05-16-2020,14:45,62040,68,494
05-16-2020,14:45,62052,13,82
05-16-2020,14:45,62056,12,186
05-16-2020,14:45,62060,18,64
05-16-2020,14:45,62062,8,165
05-16-2020,14:45,62069,8,78
05-16-2020,14:45,62088,6,302
05-16-2020,14:45,62090,10,17
05-16-2020,14:45,62095,16,121
05-16-2020,14:45,62201,13,77
05-16-2020,14:45,62203,27,164
05-16-2020,14:45,62204,33,154
05-16-2020,14:45,62205,38,197
05-16-2020,14:45,62206,76,335
05-16-2020,14:45,62207,53,145
05-16-2020,14:45,62208,47,234
05-16-2020,14:45,62220,91,247
05-16-2020,14:45,62221,74,337
05-16-2020,14:45,62223,43,191
05-16-2020,14:45,62226,105,577
05-16-2020,14:45,62230,8,122
05-16-2020,14:45,62231,75,281
05-16-2020,14:45,62232,9,74
05-16-2020,14:45,62233,91,359
05-16-2020,14:45,62234,46,377
05-16-2020,14:45,62236,38,129
05-16-2020,14:45,62237,6,194
05-16-2020,14:45,62239,11,38
05-16-2020,14:45,62246,6,133
05-16-2020,14:45,62249,11,142
05-16-2020,14:45,62254,24,111
05-16-2020,14:45,62257,8,56
05-16-2020,14:45,62258,14,98
05-16-2020,14:45,62265,27,256
05-16-2020,14:45,62269,61,342
05-16-2020,14:45,62272,44,128
05-16-2020,14:45,62274,9,110
05-16-2020,14:45,62278,15,119
05-16-2020,14:45,62285,7,39
05-16-2020,14:45,62286,30,223
05-16-2020,14:45,62288,32,160
05-16-2020,14:45,62293,8,73
05-16-2020,14:45,62294,17,160
05-16-2020,14:45,62295,7,17
05-16-2020,14:45,62298,42,196
05-16-2020,14:45,62301,21,1707
05-16-2020,14:45,62305,15,163
05-16-2020,14:45,62353,7,203
05-16-2020,14:45,62441,6,71
05-16-2020,14:45,62448,37,266
05-16-2020,14:45,62454,8,122
05-16-2020,14:45,62471,17,143
05-16-2020,14:45,62521,94,752
05-16-2020,14:45,62522,26,180
05-16-2020,14:45,62526,32,417
05-16-2020,14:45,62560,7,40
05-16-2020,14:45,62565,11,84
05-16-2020,14:45,62568,26,312
05-16-2020,14:45,62618,56,485
05-16-2020,14:45,62629,11,420
05-16-2020,14:45,62650,27,575
05-16-2020,14:45,62656,10,537
05-16-2020,14:45,62664,10,102
05-16-2020,14:45,62675,6,186
05-16-2020,14:45,62681,6,138
05-16-2020,14:45,62684,69,353
05-16-2020,14:45,62702,61,1340
05-16-2020,14:45,62703,50,1191
05-16-2020,14:45,62704,38,1265
05-16-2020,14:45,62707,17,236
05-16-2020,14:45,62711,20,642
05-16-2020,14:45,62801,51,678
05-16-2020,14:45,62832,16,268
05-16-2020,14:45,62837,7,287
05-16-2020,14:45,62864,82,694
05-16-2020,14:45,62882,9,83
05-16-2020,14:45,62901,99,738
05-16-2020,14:45,62902,13,107
05-16-2020,14:45,62906,51,462
05-16-2020,14:45,62907,14,55
05-16-2020,14:45,62912,7,40
05-16-2020,14:45,62918,13,231
05-16-2020,14:45,62920,56,196
05-16-2020,14:45,62948,8,279
05-16-2020,14:45,62959,25,654
05-16-2020,14:45,62966,46,464
05-16-2020,14:45,62992,32,114
05-15-2020,21:28,53142,8,145
05-15-2020,21:28,60002,68,549
05-15-2020,21:28,60004,205,2416
05-15-2020,21:28,60005,113,734
05-15-2020,21:28,60007,181,877
05-15-2020,21:28,60008,200,898
05-15-2020,21:28,60010,72,749
05-15-2020,21:28,60012,68,238
05-15-2020,21:28,60013,63,409
05-15-2020,21:28,60014,130,1020
05-15-2020,21:28,60015,137,790
05-15-2020,21:28,60016,792,2671
05-15-2020,21:28,60018,379,1274
05-15-2020,21:28,60020,25,268
05-15-2020,21:28,60021,16,100
05-15-2020,21:28,60022,23,239
05-15-2020,21:28,60025,256,1472
05-15-2020,21:28,60026,107,503
05-15-2020,21:28,60030,123,916
05-15-2020,21:28,60031,219,1245
05-15-2020,21:28,60033,100,410
05-15-2020,21:28,60035,180,1102
05-15-2020,21:28,60040,88,229
05-15-2020,21:28,60041,33,209
05-15-2020,21:28,60042,20,160
05-15-2020,21:28,60043,14,106
05-15-2020,21:28,60044,70,379
05-15-2020,21:28,60045,103,648
05-15-2020,21:28,60046,135,809
05-15-2020,21:28,60047,140,767
05-15-2020,21:28,60048,88,633
05-15-2020,21:28,60050,146,814
05-15-2020,21:28,60051,72,547
05-15-2020,21:28,60053,214,946
05-15-2020,21:28,60056,428,1683
05-15-2020,21:28,60060,295,1058
05-15-2020,21:28,60061,125,617
05-15-2020,21:28,60062,235,1587
05-15-2020,21:28,60064,471,948
05-15-2020,21:28,60067,119,946
05-15-2020,21:28,60068,242,1070
05-15-2020,21:28,60069,52,267
05-15-2020,21:28,60070,139,502
05-15-2020,21:28,60071,7,73
05-15-2020,21:28,60073,589,1955
05-15-2020,21:28,60074,244,1091
05-15-2020,21:28,60076,364,1708
05-15-2020,21:28,60077,296,1425
05-15-2020,21:28,60079,10,32
05-15-2020,21:28,60081,32,204
05-15-2020,21:28,60083,72,322
05-15-2020,21:28,60084,130,367
05-15-2020,21:28,60085,1750,4098
05-15-2020,21:28,60087,461,1493
05-15-2020,21:28,60088,42,87
05-15-2020,21:28,60089,155,889
05-15-2020,21:28,60090,435,1465
05-15-2020,21:28,60091,120,906
05-15-2020,21:28,60093,115,744
05-15-2020,21:28,60096,23,176
05-15-2020,21:28,60097,31,253
05-15-2020,21:28,60098,236,911
05-15-2020,21:28,60099,378,1236
05-15-2020,21:28,60101,511,1595
05-15-2020,21:28,60102,81,603
05-15-2020,21:28,60103,176,1045
05-15-2020,21:28,60104,318,1120
05-15-2020,21:28,60106,371,1252
05-15-2020,21:28,60107,377,1415
05-15-2020,21:28,60108,162,1329
05-15-2020,21:28,60109,11,273
05-15-2020,21:28,60110,366,1032
05-15-2020,21:28,60112,17,114
05-15-2020,21:28,60115,88,872
05-15-2020,21:28,60118,43,312
05-15-2020,21:28,60119,23,247
05-15-2020,21:28,60120,759,1992
05-15-2020,21:28,60123,442,1614
05-15-2020,21:28,60124,62,442
05-15-2020,21:28,60126,186,1377
05-15-2020,21:28,60130,98,842
05-15-2020,21:28,60131,249,916
05-15-2020,21:28,60133,452,1556
05-15-2020,21:28,60134,99,619
05-15-2020,21:28,60135,23,172
05-15-2020,21:28,60136,33,176
05-15-2020,21:28,60137,106,871
05-15-2020,21:28,60139,385,1399
05-15-2020,21:28,60140,57,401
05-15-2020,21:28,60141,8,218
05-15-2020,21:28,60142,54,663
05-15-2020,21:28,60143,113,516
05-15-2020,21:28,60146,8,47
05-15-2020,21:28,60148,222,1410
05-15-2020,21:28,60151,12,94
05-15-2020,21:28,60152,49,262
05-15-2020,21:28,60153,330,1421
05-15-2020,21:28,60154,146,935
05-15-2020,21:28,60155,130,463
05-15-2020,21:28,60156,89,607
05-15-2020,21:28,60157,10,58
05-15-2020,21:28,60160,479,1518
05-15-2020,21:28,60162,110,478
05-15-2020,21:28,60163,65,262
05-15-2020,21:28,60164,341,1587
05-15-2020,21:28,60165,128,309
05-15-2020,21:28,60169,254,969
05-15-2020,21:28,60171,80,462
05-15-2020,21:28,60172,152,671
05-15-2020,21:28,60173,57,245
05-15-2020,21:28,60174,104,1099
05-15-2020,21:28,60175,59,568
05-15-2020,21:28,60176,101,437
05-15-2020,21:28,60177,170,615
05-15-2020,21:28,60178,29,392
05-15-2020,21:28,60181,168,887
05-15-2020,21:28,60185,476,1622
05-15-2020,21:28,60187,84,807
05-15-2020,21:28,60188,354,1525
05-15-2020,21:28,60189,63,700
05-15-2020,21:28,60190,28,398
05-15-2020,21:28,60191,129,510
05-15-2020,21:28,60192,33,299
05-15-2020,21:28,60193,156,891
05-15-2020,21:28,60194,85,495
05-15-2020,21:28,60195,12,87
05-15-2020,21:28,60201,255,1839
05-15-2020,21:28,60202,280,1589
05-15-2020,21:28,60203,23,188
05-15-2020,21:28,60301,18,135
05-15-2020,21:28,60302,168,1336
05-15-2020,21:28,60304,61,615
05-15-2020,21:28,60305,36,380
05-15-2020,21:28,60401,34,297
05-15-2020,21:28,60402,975,3700
05-15-2020,21:28,60403,133,802
05-15-2020,21:28,60404,84,685
05-15-2020,21:28,60406,330,1417
05-15-2020,21:28,60408,13,126
05-15-2020,21:28,60409,418,2136
05-15-2020,21:28,60410,32,353
05-15-2020,21:28,60411,664,3373
05-15-2020,21:28,60415,149,539
05-15-2020,21:28,60417,116,715
05-15-2020,21:28,60418,70,316
05-15-2020,21:28,60419,277,1495
05-15-2020,21:28,60420,6,76
05-15-2020,21:28,60421,9,95
05-15-2020,21:28,60422,73,528
05-15-2020,21:28,60423,110,780
05-15-2020,21:28,60425,107,667
05-15-2020,21:28,60426,344,1831
05-15-2020,21:28,60428,160,926
05-15-2020,21:28,60429,183,1254
05-15-2020,21:28,60430,221,1129
05-15-2020,21:28,60431,135,1000
05-15-2020,21:28,60432,231,870
05-15-2020,21:28,60433,200,726
05-15-2020,21:28,60434,151,160
05-15-2020,21:28,60435,497,2517
05-15-2020,21:28,60436,142,880
05-15-2020,21:28,60438,268,1397
05-15-2020,21:28,60439,69,602
05-15-2020,21:28,60440,634,2595
05-15-2020,21:28,60441,161,953
05-15-2020,21:28,60442,31,242
05-15-2020,21:28,60443,281,1389
05-15-2020,21:28,60445,118,741
05-15-2020,21:28,60446,352,1797
05-15-2020,21:28,60447,32,369
05-15-2020,21:28,60448,102,567
05-15-2020,21:28,60449,59,421
05-15-2020,21:28,60450,27,349
05-15-2020,21:28,60451,82,679
05-15-2020,21:28,60452,145,972
05-15-2020,21:28,60453,540,2256
05-15-2020,21:28,60455,235,1001
05-15-2020,21:28,60456,36,189
05-15-2020,21:28,60457,96,408
05-15-2020,21:28,60458,96,577
05-15-2020,21:28,60459,292,1176
05-15-2020,21:28,60461,46,317
05-15-2020,21:28,60462,207,1189
05-15-2020,21:28,60463,162,583
05-15-2020,21:28,60464,35,261
05-15-2020,21:28,60465,175,612
05-15-2020,21:28,60466,414,1796
05-15-2020,21:28,60467,128,679
05-15-2020,21:28,60468,24,140
05-15-2020,21:28,60469,45,277
05-15-2020,21:28,60471,172,866
05-15-2020,21:28,60472,53,363
05-15-2020,21:28,60473,305,1609
05-15-2020,21:28,60475,58,404
05-15-2020,21:28,60476,14,111
05-15-2020,21:28,60477,180,1138
05-15-2020,21:28,60478,264,1511
05-15-2020,21:28,60480,27,187
05-15-2020,21:28,60481,19,264
05-15-2020,21:28,60482,70,358
05-15-2020,21:28,60484,97,430
05-15-2020,21:28,60487,101,718
05-15-2020,21:28,60490,118,751
05-15-2020,21:28,60491,107,573
05-15-2020,21:28,60501,191,570
05-15-2020,21:28,60502,62,504
05-15-2020,21:28,60503,45,314
05-15-2020,21:28,60504,215,1060
05-15-2020,21:28,60505,1185,2976
05-15-2020,21:28,60506,666,2720
05-15-2020,21:28,60510,69,696
05-15-2020,21:28,60513,115,934
05-15-2020,21:28,60514,35,332
05-15-2020,21:28,60515,66,601
05-15-2020,21:28,60516,87,684
05-15-2020,21:28,60517,159,1004
05-15-2020,21:28,60520,8,56
05-15-2020,21:28,60521,171,740
05-15-2020,21:28,60523,82,442
05-15-2020,21:28,60525,206,1441
05-15-2020,21:28,60526,59,729
05-15-2020,21:28,60527,185,1263
05-15-2020,21:28,60532,86,667
05-15-2020,21:28,60534,114,505
05-15-2020,21:28,60538,186,800
05-15-2020,21:28,60540,89,1021
05-15-2020,21:28,60542,85,583
05-15-2020,21:28,60543,170,857
05-15-2020,21:28,60544,122,974
05-15-2020,21:28,60545,107,503
05-15-2020,21:28,60546,109,1012
05-15-2020,21:28,60548,47,319
05-15-2020,21:28,60551,17,66
05-15-2020,21:28,60552,6,83
05-15-2020,21:28,60554,26,288
05-15-2020,21:28,60555,86,457
05-15-2020,21:28,60558,31,382
05-15-2020,21:28,60559,249,1060
05-15-2020,21:28,60560,60,463
05-15-2020,21:28,60561,86,753
05-15-2020,21:28,60563,122,1096
05-15-2020,21:28,60564,104,905
05-15-2020,21:28,60565,146,874
05-15-2020,21:28,60585,57,527
05-15-2020,21:28,60586,240,1480
05-15-2020,21:28,60601,64,529
05-15-2020,21:28,60602,12,101
05-15-2020,21:28,60604,15,74
05-15-2020,21:28,60605,148,1114
05-15-2020,21:28,60606,40,357
05-15-2020,21:28,60607,368,1435
05-15-2020,21:28,60608,1255,4378
05-15-2020,21:28,60609,1170,3514
05-15-2020,21:28,60610,191,1473
05-15-2020,21:28,60611,115,1680
05-15-2020,21:28,60612,521,2794
05-15-2020,21:28,60613,320,1639
05-15-2020,21:28,60614,425,2855
05-15-2020,21:28,60615,307,2085
05-15-2020,21:28,60616,332,2248
05-15-2020,21:28,60617,768,4382
05-15-2020,21:28,60618,847,3632
05-15-2020,21:28,60619,727,3883
05-15-2020,21:28,60620,888,4085
05-15-2020,21:28,60621,420,1741
05-15-2020,21:28,60622,469,2257
05-15-2020,21:28,60623,2397,5724
05-15-2020,21:28,60624,626,2434
05-15-2020,21:28,60625,984,3327
05-15-2020,21:28,60626,738,2787
05-15-2020,21:28,60628,832,3641
05-15-2020,21:28,60629,2173,5990
05-15-2020,21:28,60630,556,2461
05-15-2020,21:28,60631,202,1669
05-15-2020,21:28,60632,2106,5070
05-15-2020,21:28,60633,209,1355
05-15-2020,21:28,60634,1016,4820
05-15-2020,21:28,60636,536,1760
05-15-2020,21:28,60637,466,3033
05-15-2020,21:28,60638,825,3445
05-15-2020,21:28,60639,2285,6001
05-15-2020,21:28,60640,630,3057
05-15-2020,21:28,60641,958,3557
05-15-2020,21:28,60642,115,789
05-15-2020,21:28,60643,588,3212
05-15-2020,21:28,60644,875,3554
05-15-2020,21:28,60645,817,3065
05-15-2020,21:28,60646,273,1589
05-15-2020,21:28,60647,924,3664
05-15-2020,21:28,60649,607,3003
05-15-2020,21:28,60651,1162,3749
05-15-2020,21:28,60652,647,2360
05-15-2020,21:28,60653,398,2093
05-15-2020,21:28,60654,117,700
05-15-2020,21:28,60655,206,1625
05-15-2020,21:28,60656,191,1365
05-15-2020,21:28,60657,269,2229
05-15-2020,21:28,60659,543,1809
05-15-2020,21:28,60660,305,1366
05-15-2020,21:28,60661,32,318
05-15-2020,21:28,60706,256,1534
05-15-2020,21:28,60707,581,2632
05-15-2020,21:28,60712,132,628
05-15-2020,21:28,60714,573,1858
05-15-2020,21:28,60803,184,906
05-15-2020,21:28,60804,2037,5703
05-15-2020,21:28,60805,184,787
05-15-2020,21:28,60827,262,1365
05-15-2020,21:28,60901,357,1924
05-15-2020,21:28,60911,6,40
05-15-2020,21:28,60912,6,23
05-15-2020,21:28,60914,102,946
05-15-2020,21:28,60915,40,426
05-15-2020,21:28,60919,6,20
05-15-2020,21:28,60922,11,96
05-15-2020,21:28,60927,43,125
05-15-2020,21:28,60928,7,14
05-15-2020,21:28,60950,59,586
05-15-2020,21:28,60954,21,307
05-15-2020,21:28,60955,10,42
05-15-2020,21:28,60958,18,77
05-15-2020,21:28,60964,22,138
05-15-2020,21:28,60970,10,168
05-15-2020,21:28,61008,237,1061
05-15-2020,21:28,61010,7,139
05-15-2020,21:28,61012,9,42
05-15-2020,21:28,61016,21,177
05-15-2020,21:28,61021,62,697
05-15-2020,21:28,61032,120,630
05-15-2020,21:28,61054,6,105
05-15-2020,21:28,61061,7,138
05-15-2020,21:28,61064,9,65
05-15-2020,21:28,61065,20,234
05-15-2020,21:28,61068,117,840
05-15-2020,21:28,61071,26,189
05-15-2020,21:28,61072,21,227
05-15-2020,21:28,61073,34,413
05-15-2020,21:28,61080,26,201
05-15-2020,21:28,61081,57,320
05-15-2020,21:28,61084,6,39
05-15-2020,21:28,61088,6,136
05-15-2020,21:28,61101,156,1102
05-15-2020,21:28,61102,143,923
05-15-2020,21:28,61103,146,1189
05-15-2020,21:28,61104,163,804
05-15-2020,21:28,61107,113,1207
05-15-2020,21:28,61108,198,1132
05-15-2020,21:28,61109,153,983
05-15-2020,21:28,61111,61,683
05-15-2020,21:28,61114,62,506
05-15-2020,21:28,61115,60,611
05-15-2020,21:28,61201,156,758
05-15-2020,21:28,61235,8,52
05-15-2020,21:28,61240,9,96
05-15-2020,21:28,61241,15,131
05-15-2020,21:28,61244,140,513
05-15-2020,21:28,61252,13,60
05-15-2020,21:28,61254,8,232
05-15-2020,21:28,61264,19,211
05-15-2020,21:28,61265,174,945
05-15-2020,21:28,61270,7,104
05-15-2020,21:28,61275,9,65
05-15-2020,21:28,61282,34,170
05-15-2020,21:28,61341,30,250
05-15-2020,21:28,61342,16,123
05-15-2020,21:28,61350,16,341
05-15-2020,21:28,61354,6,214
05-15-2020,21:28,61356,6,182
05-15-2020,21:28,61401,70,990
05-15-2020,21:28,61410,6,63
05-15-2020,21:28,61443,16,244
05-15-2020,21:28,61455,47,467
05-15-2020,21:28,61462,95,464
05-15-2020,21:28,61469,6,66
05-15-2020,21:28,61525,6,187
05-15-2020,21:28,61554,19,914
05-15-2020,21:28,61603,23,666
05-15-2020,21:28,61604,24,1011
05-15-2020,21:28,61605,16,521
05-15-2020,21:28,61610,6,117
05-15-2020,21:28,61611,18,577
05-15-2020,21:28,61614,46,774
05-15-2020,21:28,61615,21,637
05-15-2020,21:28,61701,41,1107
05-15-2020,21:28,61704,26,876
05-15-2020,21:28,61705,9,336
05-15-2020,21:28,61761,38,1029
05-15-2020,21:28,61764,11,233
05-15-2020,21:28,61801,25,638
05-15-2020,21:28,61802,44,808
05-15-2020,21:28,61820,55,732
05-15-2020,21:28,61821,48,999
05-15-2020,21:28,61822,31,739
05-15-2020,21:28,61832,18,640
05-15-2020,21:28,61853,11,400
05-15-2020,21:28,61866,99,903
05-15-2020,21:28,61874,11,236
05-15-2020,21:28,61910,6,173
05-15-2020,21:28,61920,46,546
05-15-2020,21:28,61938,18,477
05-15-2020,21:28,61953,11,159
05-15-2020,21:28,62002,76,429
05-15-2020,21:28,62010,12,105
05-15-2020,21:28,62012,6,60
05-15-2020,21:28,62018,6,48
05-15-2020,21:28,62024,7,77
05-15-2020,21:28,62025,106,513
05-15-2020,21:28,62034,55,196
05-15-2020,21:28,62035,18,147
05-15-2020,21:28,62040,67,484
05-15-2020,21:28,62052,13,80
05-15-2020,21:28,62056,12,172
05-15-2020,21:28,62060,17,62
05-15-2020,21:28,62062,7,161
05-15-2020,21:28,62069,8,73
05-15-2020,21:28,62088,6,211
05-15-2020,21:28,62090,9,16
05-15-2020,21:28,62095,16,119
05-15-2020,21:28,62201,13,74
05-15-2020,21:28,62203,26,148
05-15-2020,21:28,62204,33,146
05-15-2020,21:28,62205,37,186
05-15-2020,21:28,62206,74,329
05-15-2020,21:28,62207,52,142
05-15-2020,21:28,62208,46,221
05-15-2020,21:28,62220,87,234
05-15-2020,21:28,62221,73,320
05-15-2020,21:28,62223,42,185
05-15-2020,21:28,62226,103,552
05-15-2020,21:28,62230,7,108
05-15-2020,21:28,62231,75,276
05-15-2020,21:28,62232,8,70
05-15-2020,21:28,62233,89,345
05-15-2020,21:28,62234,43,351
05-15-2020,21:28,62236,38,124
05-15-2020,21:28,62237,6,190
05-15-2020,21:28,62239,11,37
05-15-2020,21:28,62246,6,130
05-15-2020,21:28,62249,10,126
05-15-2020,21:28,62254,24,107
05-15-2020,21:28,62257,8,53
05-15-2020,21:28,62258,14,90
05-15-2020,21:28,62265,27,232
05-15-2020,21:28,62269,61,322
05-15-2020,21:28,62272,44,125
05-15-2020,21:28,62274,9,108
05-15-2020,21:28,62278,15,118
05-15-2020,21:28,62285,7,38
05-15-2020,21:28,62286,30,213
05-15-2020,21:28,62288,32,154
05-15-2020,21:28,62293,8,63
05-15-2020,21:28,62294,16,141
05-15-2020,21:28,62295,7,17
05-15-2020,21:28,62298,38,181
05-15-2020,21:28,62301,21,1563
05-15-2020,21:28,62305,15,151
05-15-2020,21:28,62353,6,202
05-15-2020,21:28,62441,6,59
05-15-2020,21:28,62448,36,260
05-15-2020,21:28,62454,8,121
05-15-2020,21:28,62471,17,137
05-15-2020,21:28,62521,92,727
05-15-2020,21:28,62522,26,171
05-15-2020,21:28,62526,30,392
05-15-2020,21:28,62560,6,36
05-15-2020,21:28,62565,10,82
05-15-2020,21:28,62568,26,290
05-15-2020,21:28,62618,55,469
05-15-2020,21:28,62629,12,373
05-15-2020,21:28,62650,27,536
05-15-2020,21:28,62656,10,490
05-15-2020,21:28,62664,10,93
05-15-2020,21:28,62675,6,174
05-15-2020,21:28,62681,6,134
05-15-2020,21:28,62684,69,340
05-15-2020,21:28,62702,61,1203
05-15-2020,21:28,62703,48,1049
05-15-2020,21:28,62704,37,1118
05-15-2020,21:28,62707,16,214
05-15-2020,21:28,62711,19,523
05-15-2020,21:28,62801,50,658
05-15-2020,21:28,62832,16,254
05-15-2020,21:28,62837,7,270
05-15-2020,21:28,62864,82,679
05-15-2020,21:28,62882,9,82
05-15-2020,21:28,62901,96,691
05-15-2020,21:28,62902,13,101
05-15-2020,21:28,62906,48,427
05-15-2020,21:28,62907,12,50
05-15-2020,21:28,62912,6,36
05-15-2020,21:28,62918,13,221
05-15-2020,21:28,62920,54,190
05-15-2020,21:28,62948,8,262
05-15-2020,21:28,62959,24,632
05-15-2020,21:28,62966,48,440
05-15-2020,21:28,62992,32,111
05-14-2020,14:45,53142,9,138
05-14-2020,14:45,60002,67,536
05-14-2020,14:45,60004,202,2359
05-14-2020,14:45,60005,110,716
05-14-2020,14:45,60007,175,836
05-14-2020,14:45,60008,197,866
05-14-2020,14:45,60010,70,724
05-14-2020,14:45,60012,67,228
05-14-2020,14:45,60013,61,395
05-14-2020,14:45,60014,122,988
05-14-2020,14:45,60015,134,772
05-14-2020,14:45,60016,786,2584
05-14-2020,14:45,60018,365,1218
05-14-2020,14:45,60020,25,258
05-14-2020,14:45,60021,15,97
05-14-2020,14:45,60022,23,229
05-14-2020,14:45,60025,250,1424
05-14-2020,14:45,60026,103,482
05-14-2020,14:45,60030,119,865
05-14-2020,14:45,60031,218,1181
05-14-2020,14:45,60033,97,391
05-14-2020,14:45,60035,177,1075
05-14-2020,14:45,60040,86,221
05-14-2020,14:45,60041,32,198
05-14-2020,14:45,60042,20,155
05-14-2020,14:45,60043,14,102
05-14-2020,14:45,60044,70,364
05-14-2020,14:45,60045,101,620
05-14-2020,14:45,60046,131,776
05-14-2020,14:45,60047,127,728
05-14-2020,14:45,60048,86,604
05-14-2020,14:45,60050,134,772
05-14-2020,14:45,60051,70,535
05-14-2020,14:45,60053,211,916
05-14-2020,14:45,60056,413,1620
05-14-2020,14:45,60060,287,1021
05-14-2020,14:45,60061,122,594
05-14-2020,14:45,60062,234,1546
05-14-2020,14:45,60064,464,900
05-14-2020,14:45,60067,113,820
05-14-2020,14:45,60068,231,1023
05-14-2020,14:45,60069,49,260
05-14-2020,14:45,60070,135,485
05-14-2020,14:45,60071,7,72
05-14-2020,14:45,60073,559,1843
05-14-2020,14:45,60074,237,1057
05-14-2020,14:45,60076,358,1662
05-14-2020,14:45,60077,292,1387
05-14-2020,14:45,60079,10,31
05-14-2020,14:45,60081,32,199
05-14-2020,14:45,60083,72,303
05-14-2020,14:45,60084,126,354
05-14-2020,14:45,60085,1704,3905
05-14-2020,14:45,60087,451,1412
05-14-2020,14:45,60088,42,85
05-14-2020,14:45,60089,152,851
05-14-2020,14:45,60090,412,1399
05-14-2020,14:45,60091,118,883
05-14-2020,14:45,60093,115,715
05-14-2020,14:45,60096,23,164
05-14-2020,14:45,60097,31,248
05-14-2020,14:45,60098,230,892
05-14-2020,14:45,60099,364,1166
05-14-2020,14:45,60101,489,1518
05-14-2020,14:45,60102,83,577
05-14-2020,14:45,60103,168,1002
05-14-2020,14:45,60104,310,1080
05-14-2020,14:45,60106,366,1200
05-14-2020,14:45,60107,356,1331
05-14-2020,14:45,60108,156,1279
05-14-2020,14:45,60109,11,273
05-14-2020,14:45,60110,355,994
05-14-2020,14:45,60112,17,111
05-14-2020,14:45,60115,78,831
05-14-2020,14:45,60118,44,293
05-14-2020,14:45,60119,22,238
05-14-2020,14:45,60120,724,1871
05-14-2020,14:45,60123,423,1500
05-14-2020,14:45,60124,61,417
05-14-2020,14:45,60126,183,1317
05-14-2020,14:45,60130,94,790
05-14-2020,14:45,60131,241,879
05-14-2020,14:45,60133,439,1481
05-14-2020,14:45,60134,97,587
05-14-2020,14:45,60135,23,162
05-14-2020,14:45,60136,32,172
05-14-2020,14:45,60137,105,834
05-14-2020,14:45,60139,372,1353
05-14-2020,14:45,60140,56,384
05-14-2020,14:45,60141,8,218
05-14-2020,14:45,60142,52,634
05-14-2020,14:45,60143,111,505
05-14-2020,14:45,60146,8,45
05-14-2020,14:45,60148,208,1338
05-14-2020,14:45,60151,11,90
05-14-2020,14:45,60152,47,247
05-14-2020,14:45,60153,315,1354
05-14-2020,14:45,60154,144,839
05-14-2020,14:45,60155,127,435
05-14-2020,14:45,60156,84,587
05-14-2020,14:45,60157,9,57
05-14-2020,14:45,60160,457,1435
05-14-2020,14:45,60162,106,448
05-14-2020,14:45,60163,63,249
05-14-2020,14:45,60164,336,1524
05-14-2020,14:45,60165,126,301
05-14-2020,14:45,60169,244,938
05-14-2020,14:45,60171,75,434
05-14-2020,14:45,60172,149,649
05-14-2020,14:45,60173,54,235
05-14-2020,14:45,60174,100,1065
05-14-2020,14:45,60175,57,536
05-14-2020,14:45,60176,100,427
05-14-2020,14:45,60177,168,586
05-14-2020,14:45,60178,29,376
05-14-2020,14:45,60181,166,852
05-14-2020,14:45,60185,455,1545
05-14-2020,14:45,60187,82,772
05-14-2020,14:45,60188,336,1461
05-14-2020,14:45,60189,62,676
05-14-2020,14:45,60190,26,383
05-14-2020,14:45,60191,123,484
05-14-2020,14:45,60192,31,291
05-14-2020,14:45,60193,150,843
05-14-2020,14:45,60194,78,475
05-14-2020,14:45,60195,10,82
05-14-2020,14:45,60201,251,1720
05-14-2020,14:45,60202,278,1503
05-14-2020,14:45,60203,23,183
05-14-2020,14:45,60301,18,119
05-14-2020,14:45,60302,161,1217
05-14-2020,14:45,60304,61,556
05-14-2020,14:45,60305,36,359
05-14-2020,14:45,60401,34,286
05-14-2020,14:45,60402,937,3472
05-14-2020,14:45,60403,129,769
05-14-2020,14:45,60404,84,653
05-14-2020,14:45,60406,328,1372
05-14-2020,14:45,60408,13,119
05-14-2020,14:45,60409,413,2050
05-14-2020,14:45,60410,29,332
05-14-2020,14:45,60411,654,3275
05-14-2020,14:45,60415,147,524
05-14-2020,14:45,60417,114,699
05-14-2020,14:45,60418,69,313
05-14-2020,14:45,60419,271,1437
05-14-2020,14:45,60420,6,74
05-14-2020,14:45,60421,8,87
05-14-2020,14:45,60422,72,511
05-14-2020,14:45,60423,109,756
05-14-2020,14:45,60425,103,651
05-14-2020,14:45,60426,337,1761
05-14-2020,14:45,60428,155,894
05-14-2020,14:45,60429,183,1227
05-14-2020,14:45,60430,219,1100
05-14-2020,14:45,60431,130,954
05-14-2020,14:45,60432,195,802
05-14-2020,14:45,60433,188,692
05-14-2020,14:45,60434,134,96
05-14-2020,14:45,60435,476,2388
05-14-2020,14:45,60436,134,823
05-14-2020,14:45,60438,263,1342
05-14-2020,14:45,60439,67,580
05-14-2020,14:45,60440,608,2484
05-14-2020,14:45,60441,155,908
05-14-2020,14:45,60442,31,236
05-14-2020,14:45,60443,278,1352
05-14-2020,14:45,60445,110,717
05-14-2020,14:45,60446,340,1698
05-14-2020,14:45,60447,29,349
05-14-2020,14:45,60448,100,546
05-14-2020,14:45,60449,59,413
05-14-2020,14:45,60450,25,332
05-14-2020,14:45,60451,77,646
05-14-2020,14:45,60452,143,922
05-14-2020,14:45,60453,537,2174
05-14-2020,14:45,60455,234,980
05-14-2020,14:45,60456,35,184
05-14-2020,14:45,60457,95,386
05-14-2020,14:45,60458,92,556
05-14-2020,14:45,60459,279,1125
05-14-2020,14:45,60461,46,311
05-14-2020,14:45,60462,198,1142
05-14-2020,14:45,60463,160,563
05-14-2020,14:45,60464,35,248
05-14-2020,14:45,60465,174,600
05-14-2020,14:45,60466,409,1753
05-14-2020,14:45,60467,120,658
05-14-2020,14:45,60468,24,134
05-14-2020,14:45,60469,44,263
05-14-2020,14:45,60471,171,839
05-14-2020,14:45,60472,52,352
05-14-2020,14:45,60473,303,1555
05-14-2020,14:45,60475,58,388
05-14-2020,14:45,60476,14,109
05-14-2020,14:45,60477,174,1109
05-14-2020,14:45,60478,261,1476
05-14-2020,14:45,60480,24,177
05-14-2020,14:45,60481,17,247
05-14-2020,14:45,60482,68,347
05-14-2020,14:45,60484,95,423
05-14-2020,14:45,60487,100,692
05-14-2020,14:45,60490,118,723
05-14-2020,14:45,60491,106,549
05-14-2020,14:45,60501,188,552
05-14-2020,14:45,60502,59,473
05-14-2020,14:45,60503,44,297
05-14-2020,14:45,60504,200,1002
05-14-2020,14:45,60505,1136,2840
05-14-2020,14:45,60506,633,2608
05-14-2020,14:45,60510,67,668
05-14-2020,14:45,60513,114,894
05-14-2020,14:45,60514,35,321
05-14-2020,14:45,60515,61,568
05-14-2020,14:45,60516,81,656
05-14-2020,14:45,60517,153,968
05-14-2020,14:45,60520,8,54
05-14-2020,14:45,60521,170,712
05-14-2020,14:45,60523,81,426
05-14-2020,14:45,60525,202,1387
05-14-2020,14:45,60526,56,621
05-14-2020,14:45,60527,184,1226
05-14-2020,14:45,60532,86,628
05-14-2020,14:45,60534,107,470
05-14-2020,14:45,60538,183,763
05-14-2020,14:45,60540,85,983
05-14-2020,14:45,60542,81,550
05-14-2020,14:45,60543,169,822
05-14-2020,14:45,60544,117,930
05-14-2020,14:45,60545,104,467
05-14-2020,14:45,60546,108,972
05-14-2020,14:45,60548,43,292
05-14-2020,14:45,60551,17,63
05-14-2020,14:45,60552,6,80
05-14-2020,14:45,60554,25,275
05-14-2020,14:45,60555,85,430
05-14-2020,14:45,60558,31,343
05-14-2020,14:45,60559,247,1032
05-14-2020,14:45,60560,56,431
05-14-2020,14:45,60561,85,721
05-14-2020,14:45,60563,121,1054
05-14-2020,14:45,60564,101,878
05-14-2020,14:45,60565,144,828
05-14-2020,14:45,60585,55,493
05-14-2020,14:45,60586,231,1412
05-14-2020,14:45,60601,67,508
05-14-2020,14:45,60602,10,91
05-14-2020,14:45,60604,16,71
05-14-2020,14:45,60605,148,1062
05-14-2020,14:45,60606,41,343
05-14-2020,14:45,60607,364,1329
05-14-2020,14:45,60608,1228,4107
05-14-2020,14:45,60609,1115,3247
05-14-2020,14:45,60610,189,1409
05-14-2020,14:45,60611,113,1598
05-14-2020,14:45,60612,507,2622
05-14-2020,14:45,60613,322,1576
05-14-2020,14:45,60614,421,2711
05-14-2020,14:45,60615,300,1992
05-14-2020,14:45,60616,319,2099
05-14-2020,14:45,60617,748,4229
05-14-2020,14:45,60618,823,3466
05-14-2020,14:45,60619,712,3744
05-14-2020,14:45,60620,879,3945
05-14-2020,14:45,60621,407,1664
05-14-2020,14:45,60622,458,2152
05-14-2020,14:45,60623,2325,5367
05-14-2020,14:45,60624,610,2284
05-14-2020,14:45,60625,951,3157
05-14-2020,14:45,60626,728,2710
05-14-2020,14:45,60628,814,3490
05-14-2020,14:45,60629,2122,5585
05-14-2020,14:45,60630,544,2376
05-14-2020,14:45,60631,197,1619
05-14-2020,14:45,60632,2028,4760
05-14-2020,14:45,60633,206,1340
05-14-2020,14:45,60634,985,4668
05-14-2020,14:45,60636,522,1658
05-14-2020,14:45,60637,457,2912
05-14-2020,14:45,60638,802,3297
05-14-2020,14:45,60639,2215,5698
05-14-2020,14:45,60640,617,2947
05-14-2020,14:45,60641,927,3387
05-14-2020,14:45,60642,112,757
05-14-2020,14:45,60643,583,3119
05-14-2020,14:45,60644,861,3351
05-14-2020,14:45,60645,812,2963
05-14-2020,14:45,60646,272,1546
05-14-2020,14:45,60647,897,3481
05-14-2020,14:45,60649,597,2904
05-14-2020,14:45,60651,1134,3542
05-14-2020,14:45,60652,621,2242
05-14-2020,14:45,60653,391,1998
05-14-2020,14:45,60654,122,669
05-14-2020,14:45,60655,203,1584
05-14-2020,14:45,60656,191,1330
05-14-2020,14:45,60657,265,2138
05-14-2020,14:45,60659,529,1732
05-14-2020,14:45,60660,297,1300
05-14-2020,14:45,60661,35,294
05-14-2020,14:45,60706,252,1442
05-14-2020,14:45,60707,568,2501
05-14-2020,14:45,60712,130,615
05-14-2020,14:45,60714,556,1799
05-14-2020,14:45,60803,177,866
05-14-2020,14:45,60804,1975,5398
05-14-2020,14:45,60805,184,743
05-14-2020,14:45,60827,257,1315
05-14-2020,14:45,60901,341,1862
05-14-2020,14:45,60911,6,37
05-14-2020,14:45,60912,6,21
05-14-2020,14:45,60914,100,913
05-14-2020,14:45,60915,37,408
05-14-2020,14:45,60922,10,94
05-14-2020,14:45,60927,43,122
05-14-2020,14:45,60928,7,14
05-14-2020,14:45,60950,59,581
05-14-2020,14:45,60954,21,300
05-14-2020,14:45,60955,10,37
05-14-2020,14:45,60958,18,76
05-14-2020,14:45,60964,20,133
05-14-2020,14:45,60970,10,163
05-14-2020,14:45,61008,233,1020
05-14-2020,14:45,61010,7,136
05-14-2020,14:45,61012,8,40
05-14-2020,14:45,61016,21,173
05-14-2020,14:45,61021,59,628
05-14-2020,14:45,61032,106,520
05-14-2020,14:45,61054,6,99
05-14-2020,14:45,61061,7,133
05-14-2020,14:45,61064,9,61
05-14-2020,14:45,61065,20,225
05-14-2020,14:45,61068,115,820
05-14-2020,14:45,61071,26,180
05-14-2020,14:45,61072,21,220
05-14-2020,14:45,61073,33,398
05-14-2020,14:45,61080,26,183
05-14-2020,14:45,61081,57,302
05-14-2020,14:45,61084,6,35
05-14-2020,14:45,61088,6,126
05-14-2020,14:45,61101,150,1055
05-14-2020,14:45,61102,130,853
05-14-2020,14:45,61103,137,1122
05-14-2020,14:45,61104,159,761
05-14-2020,14:45,61107,113,1154
05-14-2020,14:45,61108,190,1067
05-14-2020,14:45,61109,145,922
05-14-2020,14:45,61111,59,631
05-14-2020,14:45,61114,60,470
05-14-2020,14:45,61115,59,580
05-14-2020,14:45,61201,149,710
05-14-2020,14:45,61235,8,52
05-14-2020,14:45,61240,8,91
05-14-2020,14:45,61241,14,130
05-14-2020,14:45,61244,139,499
05-14-2020,14:45,61252,13,59
05-14-2020,14:45,61254,8,228
05-14-2020,14:45,61264,19,199
05-14-2020,14:45,61265,169,904
05-14-2020,14:45,61270,6,98
05-14-2020,14:45,61275,9,61
05-14-2020,14:45,61282,32,160
05-14-2020,14:45,61341,30,248
05-14-2020,14:45,61342,16,120
05-14-2020,14:45,61350,16,320
05-14-2020,14:45,61354,6,209
05-14-2020,14:45,61356,6,177
05-14-2020,14:45,61401,66,944
05-14-2020,14:45,61410,6,61
05-14-2020,14:45,61443,16,237
05-14-2020,14:45,61455,47,448
05-14-2020,14:45,61462,95,455
05-14-2020,14:45,61469,6,63
05-14-2020,14:45,61525,6,173
05-14-2020,14:45,61554,16,834
05-14-2020,14:45,61603,22,625
05-14-2020,14:45,61604,24,935
05-14-2020,14:45,61605,14,468
05-14-2020,14:45,61610,6,110
05-14-2020,14:45,61611,18,528
05-14-2020,14:45,61614,44,724
05-14-2020,14:45,61615,21,585
05-14-2020,14:45,61701,40,1059
05-14-2020,14:45,61704,25,851
05-14-2020,14:45,61705,9,316
05-14-2020,14:45,61761,38,1000
05-14-2020,14:45,61764,11,228
05-14-2020,14:45,61801,25,584
05-14-2020,14:45,61802,44,751
05-14-2020,14:45,61820,49,665
05-14-2020,14:45,61821,45,936
05-14-2020,14:45,61822,31,687
05-14-2020,14:45,61832,18,518
05-14-2020,14:45,61853,11,380
05-14-2020,14:45,61866,91,692
05-14-2020,14:45,61874,11,221
05-14-2020,14:45,61910,6,79
05-14-2020,14:45,61920,46,402
05-14-2020,14:45,61938,13,346
05-14-2020,14:45,61953,11,147
05-14-2020,14:45,62002,75,396
05-14-2020,14:45,62010,12,95
05-14-2020,14:45,62012,6,56
05-14-2020,14:45,62018,6,43
05-14-2020,14:45,62024,7,69
05-14-2020,14:45,62025,106,493
05-14-2020,14:45,62034,53,183
05-14-2020,14:45,62035,18,137
05-14-2020,14:45,62040,66,448
05-14-2020,14:45,62052,13,78
05-14-2020,14:45,62056,12,163
05-14-2020,14:45,62060,17,60
05-14-2020,14:45,62062,7,160
05-14-2020,14:45,62069,8,72
05-14-2020,14:45,62088,6,211
05-14-2020,14:45,62090,9,16
05-14-2020,14:45,62095,16,111
05-14-2020,14:45,62201,13,70
05-14-2020,14:45,62203,26,131
05-14-2020,14:45,62204,33,142
05-14-2020,14:45,62205,37,169
05-14-2020,14:45,62206,74,323
05-14-2020,14:45,62207,52,139
05-14-2020,14:45,62208,45,207
05-14-2020,14:45,62220,87,222
05-14-2020,14:45,62221,71,303
05-14-2020,14:45,62223,42,173
05-14-2020,14:45,62226,100,539
05-14-2020,14:45,62230,7,90
05-14-2020,14:45,62231,75,259
05-14-2020,14:45,62232,8,65
05-14-2020,14:45,62233,88,334
05-14-2020,14:45,62234,43,327
05-14-2020,14:45,62236,38,119
05-14-2020,14:45,62237,6,187
05-14-2020,14:45,62239,11,35
05-14-2020,14:45,62249,10,119
05-14-2020,14:45,62254,24,100
05-14-2020,14:45,62257,8,51
05-14-2020,14:45,62258,14,84
05-14-2020,14:45,62265,23,176
05-14-2020,14:45,62269,61,309
05-14-2020,14:45,62272,44,122
05-14-2020,14:45,62274,9,103
05-14-2020,14:45,62278,15,108
05-14-2020,14:45,62285,7,36
05-14-2020,14:45,62286,30,211
05-14-2020,14:45,62288,32,151
05-14-2020,14:45,62293,8,48
05-14-2020,14:45,62294,16,125
05-14-2020,14:45,62295,7,16
05-14-2020,14:45,62298,38,167
05-14-2020,14:45,62301,20,1167
05-14-2020,14:45,62305,15,147
05-14-2020,14:45,62353,6,180
05-14-2020,14:45,62448,36,246
05-14-2020,14:45,62454,8,114
05-14-2020,14:45,62471,16,132
05-14-2020,14:45,62521,90,680
05-14-2020,14:45,62522,25,151
05-14-2020,14:45,62526,28,353
05-14-2020,14:45,62560,6,32
05-14-2020,14:45,62565,9,74
05-14-2020,14:45,62568,26,268
05-14-2020,14:45,62618,54,463
05-14-2020,14:45,62629,11,351
05-14-2020,14:45,62650,26,497
05-14-2020,14:45,62656,10,460
05-14-2020,14:45,62664,10,89
05-14-2020,14:45,62675,6,167
05-14-2020,14:45,62681,6,131
05-14-2020,14:45,62684,69,322
05-14-2020,14:45,62702,55,1138
05-14-2020,14:45,62703,48,968
05-14-2020,14:45,62704,36,1056
05-14-2020,14:45,62707,13,193
05-14-2020,14:45,62711,19,496
05-14-2020,14:45,62801,50,630
05-14-2020,14:45,62832,16,247
05-14-2020,14:45,62837,9,262
05-14-2020,14:45,62864,82,652
05-14-2020,14:45,62882,9,78
05-14-2020,14:45,62901,95,650
05-14-2020,14:45,62902,13,94
05-14-2020,14:45,62906,47,410
05-14-2020,14:45,62907,12,48
05-14-2020,14:45,62918,14,213
05-14-2020,14:45,62920,53,185
05-14-2020,14:45,62948,8,251
05-14-2020,14:45,62959,24,603
05-14-2020,14:45,62966,47,416
05-14-2020,14:45,62992,25,99
05-13-2020,14:45,53142,8,121
05-13-2020,14:45,60002,67,516
05-13-2020,14:45,60004,199,2283
05-13-2020,14:45,60005,108,697
05-13-2020,14:45,60007,169,812
05-13-2020,14:45,60008,186,842
05-13-2020,14:45,60010,67,692
05-13-2020,14:45,60012,66,221
05-13-2020,14:45,60013,58,376
05-13-2020,14:45,60014,121,930
05-13-2020,14:45,60015,131,753
05-13-2020,14:45,60016,769,2441
05-13-2020,14:45,60018,353,1151
05-13-2020,14:45,60020,24,244
05-13-2020,14:45,60021,14,93
05-13-2020,14:45,60022,23,224
05-13-2020,14:45,60025,245,1369
05-13-2020,14:45,60026,99,469
05-13-2020,14:45,60030,112,820
05-13-2020,14:45,60031,210,1093
05-13-2020,14:45,60033,93,380
05-13-2020,14:45,60035,177,1046
05-13-2020,14:45,60040,85,209
05-13-2020,14:45,60041,30,185
05-13-2020,14:45,60042,20,144
05-13-2020,14:45,60043,14,100
05-13-2020,14:45,60044,69,345
05-13-2020,14:45,60045,101,606
05-13-2020,14:45,60046,128,731
05-13-2020,14:45,60047,123,690
05-13-2020,14:45,60048,86,577
05-13-2020,14:45,60050,130,721
05-13-2020,14:45,60051,68,509
05-13-2020,14:45,60053,206,879
05-13-2020,14:45,60056,400,1573
05-13-2020,14:45,60060,273,962
05-13-2020,14:45,60061,117,560
05-13-2020,14:45,60062,234,1508
05-13-2020,14:45,60064,441,845
05-13-2020,14:45,60067,102,746
05-13-2020,14:45,60068,219,981
05-13-2020,14:45,60069,50,250
05-13-2020,14:45,60070,132,466
05-13-2020,14:45,60071,7,71
05-13-2020,14:45,60073,525,1699
05-13-2020,14:45,60074,231,1014
05-13-2020,14:45,60076,345,1617
05-13-2020,14:45,60077,286,1345
05-13-2020,14:45,60079,10,29
05-13-2020,14:45,60081,32,184
05-13-2020,14:45,60083,68,270
05-13-2020,14:45,60084,120,319
05-13-2020,14:45,60085,1640,3617
05-13-2020,14:45,60087,435,1255
05-13-2020,14:45,60088,40,83
05-13-2020,14:45,60089,149,820
05-13-2020,14:45,60090,400,1342
05-13-2020,14:45,60091,115,857
05-13-2020,14:45,60093,112,685
05-13-2020,14:45,60096,23,141
05-13-2020,14:45,60097,32,234
05-13-2020,14:45,60098,225,846
05-13-2020,14:45,60099,336,1079
05-13-2020,14:45,60101,459,1459
05-13-2020,14:45,60102,78,550
05-13-2020,14:45,60103,159,944
05-13-2020,14:45,60104,301,1055
05-13-2020,14:45,60106,352,1159
05-13-2020,14:45,60107,335,1263
05-13-2020,14:45,60108,154,1259
05-13-2020,14:45,60109,11,271
05-13-2020,14:45,60110,335,941
05-13-2020,14:45,60112,17,106
05-13-2020,14:45,60115,76,792
05-13-2020,14:45,60118,43,275
05-13-2020,14:45,60119,20,221
05-13-2020,14:45,60120,674,1711
05-13-2020,14:45,60123,400,1380
05-13-2020,14:45,60124,52,375
05-13-2020,14:45,60126,174,1260
05-13-2020,14:45,60130,88,641
05-13-2020,14:45,60131,229,862
05-13-2020,14:45,60133,414,1409
05-13-2020,14:45,60134,95,553
05-13-2020,14:45,60135,23,150
05-13-2020,14:45,60136,29,159
05-13-2020,14:45,60137,98,800
05-13-2020,14:45,60139,357,1291
05-13-2020,14:45,60140,54,361
05-13-2020,14:45,60141,8,200
05-13-2020,14:45,60142,51,603
05-13-2020,14:45,60143,109,494
05-13-2020,14:45,60146,6,40
05-13-2020,14:45,60148,191,1285
05-13-2020,14:45,60151,8,82
05-13-2020,14:45,60152,40,228
05-13-2020,14:45,60153,306,1313
05-13-2020,14:45,60154,138,807
05-13-2020,14:45,60155,125,428
05-13-2020,14:45,60156,81,560
05-13-2020,14:45,60157,9,54
05-13-2020,14:45,60160,436,1391
05-13-2020,14:45,60162,104,437
05-13-2020,14:45,60163,60,236
05-13-2020,14:45,60164,319,1468
05-13-2020,14:45,60165,122,291
05-13-2020,14:45,60169,238,896
05-13-2020,14:45,60171,71,415
05-13-2020,14:45,60172,143,630
05-13-2020,14:45,60173,48,225
05-13-2020,14:45,60174,93,1026
05-13-2020,14:45,60175,51,505
05-13-2020,14:45,60176,98,414
05-13-2020,14:45,60177,161,547
05-13-2020,14:45,60178,28,354
05-13-2020,14:45,60181,161,818
05-13-2020,14:45,60185,428,1457
05-13-2020,14:45,60187,80,725
05-13-2020,14:45,60188,324,1395
05-13-2020,14:45,60189,61,638
05-13-2020,14:45,60190,24,370
05-13-2020,14:45,60191,117,464
05-13-2020,14:45,60192,31,284
05-13-2020,14:45,60193,144,812
05-13-2020,14:45,60194,78,464
05-13-2020,14:45,60195,10,81
05-13-2020,14:45,60201,245,1677
05-13-2020,14:45,60202,265,1452
05-13-2020,14:45,60203,22,177
05-13-2020,14:45,60301,18,116
05-13-2020,14:45,60302,156,1192
05-13-2020,14:45,60304,60,547
05-13-2020,14:45,60305,36,354
05-13-2020,14:45,60401,34,268
05-13-2020,14:45,60402,885,3349
05-13-2020,14:45,60403,126,753
05-13-2020,14:45,60404,81,632
05-13-2020,14:45,60406,315,1299
05-13-2020,14:45,60408,12,119
05-13-2020,14:45,60409,400,1983
05-13-2020,14:45,60410,29,321
05-13-2020,14:45,60411,642,3183
05-13-2020,14:45,60415,145,503
05-13-2020,14:45,60417,111,663
05-13-2020,14:45,60418,69,304
05-13-2020,14:45,60419,261,1387
05-13-2020,14:45,60420,6,73
05-13-2020,14:45,60421,7,79
05-13-2020,14:45,60422,70,488
05-13-2020,14:45,60423,106,726
05-13-2020,14:45,60425,98,629
05-13-2020,14:45,60426,329,1693
05-13-2020,14:45,60428,152,870
05-13-2020,14:45,60429,177,1180
05-13-2020,14:45,60430,214,1059
05-13-2020,14:45,60431,127,911
05-13-2020,14:45,60432,188,772
05-13-2020,14:45,60433,174,664
05-13-2020,14:45,60434,134,92
05-13-2020,14:45,60435,464,2290
05-13-2020,14:45,60436,131,788
05-13-2020,14:45,60438,256,1296
05-13-2020,14:45,60439,67,560
05-13-2020,14:45,60440,596,2436
05-13-2020,14:45,60441,149,869
05-13-2020,14:45,60442,31,224
05-13-2020,14:45,60443,277,1323
05-13-2020,14:45,60445,104,689
05-13-2020,14:45,60446,327,1649
05-13-2020,14:45,60447,26,341
05-13-2020,14:45,60448,99,525
05-13-2020,14:45,60449,60,405
05-13-2020,14:45,60450,25,326
05-13-2020,14:45,60451,73,627
05-13-2020,14:45,60452,139,883
05-13-2020,14:45,60453,519,2073
05-13-2020,14:45,60455,229,953
05-13-2020,14:45,60456,35,177
05-13-2020,14:45,60457,93,370
05-13-2020,14:45,60458,90,540
05-13-2020,14:45,60459,270,1083
05-13-2020,14:45,60461,46,301
05-13-2020,14:45,60462,192,1094
05-13-2020,14:45,60463,159,536
05-13-2020,14:45,60464,33,238
05-13-2020,14:45,60465,173,576
05-13-2020,14:45,60466,408,1693
05-13-2020,14:45,60467,115,630
05-13-2020,14:45,60468,23,126
05-13-2020,14:45,60469,42,254
05-13-2020,14:45,60471,171,821
05-13-2020,14:45,60472,50,329
05-13-2020,14:45,60473,292,1477
05-13-2020,14:45,60475,57,377
05-13-2020,14:45,60476,14,105
05-13-2020,14:45,60477,167,1067
05-13-2020,14:45,60478,257,1442
05-13-2020,14:45,60480,23,172
05-13-2020,14:45,60481,17,236
05-13-2020,14:45,60482,64,335
05-13-2020,14:45,60484,93,406
05-13-2020,14:45,60487,97,661
05-13-2020,14:45,60490,115,706
05-13-2020,14:45,60491,102,531
05-13-2020,14:45,60501,184,532
05-13-2020,14:45,60502,57,453
05-13-2020,14:45,60503,40,282
05-13-2020,14:45,60504,190,948
05-13-2020,14:45,60505,1065,2621
05-13-2020,14:45,60506,596,2458
05-13-2020,14:45,60510,62,641
05-13-2020,14:45,60513,107,861
05-13-2020,14:45,60514,35,309
05-13-2020,14:45,60515,60,545
05-13-2020,14:45,60516,80,632
05-13-2020,14:45,60517,150,922
05-13-2020,14:45,60520,8,51
05-13-2020,14:45,60521,168,690
05-13-2020,14:45,60523,79,412
05-13-2020,14:45,60525,199,1353
05-13-2020,14:45,60526,51,588
05-13-2020,14:45,60527,181,1186
05-13-2020,14:45,60532,81,596
05-13-2020,14:45,60534,99,451
05-13-2020,14:45,60538,173,723
05-13-2020,14:45,60540,85,956
05-13-2020,14:45,60542,78,523
05-13-2020,14:45,60543,164,791
05-13-2020,14:45,60544,114,892
05-13-2020,14:45,60545,96,445
05-13-2020,14:45,60546,102,949
05-13-2020,14:45,60548,42,277
05-13-2020,14:45,60551,17,61
05-13-2020,14:45,60552,6,78
05-13-2020,14:45,60554,24,256
05-13-2020,14:45,60555,79,408
05-13-2020,14:45,60558,28,325
05-13-2020,14:45,60559,242,991
05-13-2020,14:45,60560,54,412
05-13-2020,14:45,60561,84,693
05-13-2020,14:45,60563,112,990
05-13-2020,14:45,60564,98,853
05-13-2020,14:45,60565,143,792
05-13-2020,14:45,60585,54,477
05-13-2020,14:45,60586,223,1354
05-13-2020,14:45,60601,66,489
05-13-2020,14:45,60602,10,86
05-13-2020,14:45,60604,14,70
05-13-2020,14:45,60605,144,1045
05-13-2020,14:45,60606,41,335
05-13-2020,14:45,60607,343,1312
05-13-2020,14:45,60608,1171,4038
05-13-2020,14:45,60609,1065,3145
05-13-2020,14:45,60610,178,1362
05-13-2020,14:45,60611,109,1534
05-13-2020,14:45,60612,487,2586
05-13-2020,14:45,60613,314,1538
05-13-2020,14:45,60614,413,2622
05-13-2020,14:45,60615,289,1947
05-13-2020,14:45,60616,306,2058
05-13-2020,14:45,60617,728,4060
05-13-2020,14:45,60618,800,3362
05-13-2020,14:45,60619,704,3644
05-13-2020,14:45,60620,864,3841
05-13-2020,14:45,60621,402,1628
05-13-2020,14:45,60622,433,2068
05-13-2020,14:45,60623,2210,5168
05-13-2020,14:45,60624,593,2248
05-13-2020,14:45,60625,921,3059
05-13-2020,14:45,60626,711,2629
05-13-2020,14:45,60628,794,3414
05-13-2020,14:45,60629,2009,5402
05-13-2020,14:45,60630,512,2280
05-13-2020,14:45,60631,190,1562
05-13-2020,14:45,60632,1924,4582
05-13-2020,14:45,60633,204,1314
05-13-2020,14:45,60634,965,4531
05-13-2020,14:45,60636,507,1620
05-13-2020,14:45,60637,436,2823
05-13-2020,14:45,60638,763,3186
05-13-2020,14:45,60639,2124,5502
05-13-2020,14:45,60640,610,2861
05-13-2020,14:45,60641,882,3239
05-13-2020,14:45,60642,110,738
05-13-2020,14:45,60643,580,3065
05-13-2020,14:45,60644,834,3287
05-13-2020,14:45,60645,795,2856
05-13-2020,14:45,60646,269,1511
05-13-2020,14:45,60647,838,3344
05-13-2020,14:45,60649,589,2842
05-13-2020,14:45,60651,1082,3428
05-13-2020,14:45,60652,596,2161
05-13-2020,14:45,60653,380,1960
05-13-2020,14:45,60654,120,655
05-13-2020,14:45,60655,199,1525
05-13-2020,14:45,60656,189,1301
05-13-2020,14:45,60657,256,2006
05-13-2020,14:45,60659,521,1686
05-13-2020,14:45,60660,289,1266
05-13-2020,14:45,60661,32,290
05-13-2020,14:45,60706,247,1414
05-13-2020,14:45,60707,547,2438
05-13-2020,14:45,60712,128,596
05-13-2020,14:45,60714,544,1734
05-13-2020,14:45,60803,174,832
05-13-2020,14:45,60804,1890,5213
05-13-2020,14:45,60805,182,710
05-13-2020,14:45,60827,252,1275
05-13-2020,14:45,60901,328,1784
05-13-2020,14:45,60911,6,35
05-13-2020,14:45,60912,6,20
05-13-2020,14:45,60914,100,860
05-13-2020,14:45,60915,37,384
05-13-2020,14:45,60922,10,90
05-13-2020,14:45,60927,42,120
05-13-2020,14:45,60928,6,14
05-13-2020,14:45,60950,59,570
05-13-2020,14:45,60954,20,280
05-13-2020,14:45,60955,10,35
05-13-2020,14:45,60958,18,76
05-13-2020,14:45,60964,19,126
05-13-2020,14:45,60970,9,157
05-13-2020,14:45,61008,220,893
05-13-2020,14:45,61010,7,133
05-13-2020,14:45,61012,7,35
05-13-2020,14:45,61016,19,166
05-13-2020,14:45,61021,58,612
05-13-2020,14:45,61032,105,494
05-13-2020,14:45,61054,6,98
05-13-2020,14:45,61061,7,130
05-13-2020,14:45,61064,9,60
05-13-2020,14:45,61065,20,212
05-13-2020,14:45,61068,114,811
05-13-2020,14:45,61071,26,171
05-13-2020,14:45,61072,21,201
05-13-2020,14:45,61073,27,371
05-13-2020,14:45,61080,25,171
05-13-2020,14:45,61081,57,288
05-13-2020,14:45,61084,6,32
05-13-2020,14:45,61088,6,123
05-13-2020,14:45,61101,147,1012
05-13-2020,14:45,61102,120,823
05-13-2020,14:45,61103,123,1043
05-13-2020,14:45,61104,150,717
05-13-2020,14:45,61107,99,1063
05-13-2020,14:45,61108,159,987
05-13-2020,14:45,61109,131,869
05-13-2020,14:45,61111,51,590
05-13-2020,14:45,61114,51,429
05-13-2020,14:45,61115,53,547
05-13-2020,14:45,61201,148,683
05-13-2020,14:45,61235,8,51
05-13-2020,14:45,61240,8,87
05-13-2020,14:45,61241,14,124
05-13-2020,14:45,61244,138,486
05-13-2020,14:45,61252,13,56
05-13-2020,14:45,61254,7,223
05-13-2020,14:45,61264,19,193
05-13-2020,14:45,61265,167,882
05-13-2020,14:45,61270,6,92
05-13-2020,14:45,61275,8,61
05-13-2020,14:45,61282,32,155
05-13-2020,14:45,61341,30,242
05-13-2020,14:45,61342,15,115
05-13-2020,14:45,61350,16,307
05-13-2020,14:45,61354,6,199
05-13-2020,14:45,61356,6,169
05-13-2020,14:45,61401,68,892
05-13-2020,14:45,61410,6,58
05-13-2020,14:45,61443,16,229
05-13-2020,14:45,61455,44,431
05-13-2020,14:45,61462,95,443
05-13-2020,14:45,61469,6,60
05-13-2020,14:45,61525,6,158
05-13-2020,14:45,61548,6,178
05-13-2020,14:45,61554,17,776
05-13-2020,14:45,61603,22,599
05-13-2020,14:45,61604,24,892
05-13-2020,14:45,61605,13,448
05-13-2020,14:45,61610,6,103
05-13-2020,14:45,61611,18,498
05-13-2020,14:45,61614,43,687
05-13-2020,14:45,61615,21,557
05-13-2020,14:45,61701,38,1045
05-13-2020,14:45,61704,24,837
05-13-2020,14:45,61705,9,311
05-13-2020,14:45,61761,38,982
05-13-2020,14:45,61764,11,223
05-13-2020,14:45,61801,25,561
05-13-2020,14:45,61802,43,726
05-13-2020,14:45,61820,46,647
05-13-2020,14:45,61821,45,899
05-13-2020,14:45,61822,30,666
05-13-2020,14:45,61832,18,499
05-13-2020,14:45,61853,11,365
05-13-2020,14:45,61866,90,662
05-13-2020,14:45,61874,11,214
05-13-2020,14:45,61910,6,75
05-13-2020,14:45,61920,46,348
05-13-2020,14:45,61938,13,299
05-13-2020,14:45,61953,11,139
05-13-2020,14:45,62002,75,385
05-13-2020,14:45,62010,11,90
05-13-2020,14:45,62018,6,43
05-13-2020,14:45,62024,7,66
05-13-2020,14:45,62025,105,479
05-13-2020,14:45,62034,50,177
05-13-2020,14:45,62035,18,134
05-13-2020,14:45,62040,64,428
05-13-2020,14:45,62052,13,78
05-13-2020,14:45,62056,12,157
05-13-2020,14:45,62060,16,58
05-13-2020,14:45,62062,7,156
05-13-2020,14:45,62069,8,71
05-13-2020,14:45,62088,6,210
05-13-2020,14:45,62090,8,15
05-13-2020,14:45,62095,15,106
05-13-2020,14:45,62201,12,60
05-13-2020,14:45,62203,26,121
05-13-2020,14:45,62204,32,135
05-13-2020,14:45,62205,37,153
05-13-2020,14:45,62206,71,309
05-13-2020,14:45,62207,51,137
05-13-2020,14:45,62208,41,198
05-13-2020,14:45,62220,84,212
05-13-2020,14:45,62221,67,290
05-13-2020,14:45,62223,41,164
05-13-2020,14:45,62226,96,513
05-13-2020,14:45,62230,7,87
05-13-2020,14:45,62231,69,253
05-13-2020,14:45,62232,8,65
05-13-2020,14:45,62233,85,317
05-13-2020,14:45,62234,42,307
05-13-2020,14:45,62236,37,113
05-13-2020,14:45,62239,11,35
05-13-2020,14:45,62249,10,112
05-13-2020,14:45,62254,24,97
05-13-2020,14:45,62257,8,49
05-13-2020,14:45,62258,14,81
05-13-2020,14:45,62265,15,174
05-13-2020,14:45,62269,62,301
05-13-2020,14:45,62272,44,119
05-13-2020,14:45,62274,9,96
05-13-2020,14:45,62278,15,102
05-13-2020,14:45,62285,6,34
05-13-2020,14:45,62286,30,205
05-13-2020,14:45,62288,31,143
05-13-2020,14:45,62293,6,46
05-13-2020,14:45,62294,16,116
05-13-2020,14:45,62295,7,16
05-13-2020,14:45,62298,38,162
05-13-2020,14:45,62301,20,757
05-13-2020,14:45,62305,15,147
05-13-2020,14:45,62353,6,179
05-13-2020,14:45,62448,36,211
05-13-2020,14:45,62454,8,111
05-13-2020,14:45,62471,16,125
05-13-2020,14:45,62521,89,658
05-13-2020,14:45,62522,23,142
05-13-2020,14:45,62526,28,336
05-13-2020,14:45,62565,9,71
05-13-2020,14:45,62568,26,247
05-13-2020,14:45,62618,54,459
05-13-2020,14:45,62629,11,322
05-13-2020,14:45,62650,26,477
05-13-2020,14:45,62656,11,429
05-13-2020,14:45,62664,9,81
05-13-2020,14:45,62675,6,159
05-13-2020,14:45,62681,6,127
05-13-2020,14:45,62684,66,305
05-13-2020,14:45,62702,55,1059
05-13-2020,14:45,62703,49,896
05-13-2020,14:45,62704,33,981
05-13-2020,14:45,62707,12,184
05-13-2020,14:45,62711,20,453
05-13-2020,14:45,62801,50,601
05-13-2020,14:45,62832,16,233
05-13-2020,14:45,62837,9,212
05-13-2020,14:45,62864,82,617
05-13-2020,14:45,62882,9,71
05-13-2020,14:45,62901,93,619
05-13-2020,14:45,62902,13,88
05-13-2020,14:45,62906,42,338
05-13-2020,14:45,62907,12,47
05-13-2020,14:45,62918,13,194
05-13-2020,14:45,62920,50,176
05-13-2020,14:45,62948,9,238
05-13-2020,14:45,62959,24,572
05-13-2020,14:45,62966,45,389
05-13-2020,14:45,62992,25,99
05-12-2020,14:45,46324,7,99
05-12-2020,14:45,53142,8,120
05-12-2020,14:45,60002,67,507
05-12-2020,14:45,60004,197,2206
05-12-2020,14:45,60005,104,667
05-12-2020,14:45,60007,160,770
05-12-2020,14:45,60008,180,820
05-12-2020,14:45,60010,67,660
05-12-2020,14:45,60012,66,213
05-12-2020,14:45,60013,59,359
05-12-2020,14:45,60014,120,900
05-12-2020,14:45,60015,130,737
05-12-2020,14:45,60016,750,2392
05-12-2020,14:45,60018,343,1117
05-12-2020,14:45,60020,23,237
05-12-2020,14:45,60021,11,90
05-12-2020,14:45,60022,23,220
05-12-2020,14:45,60025,244,1325
05-12-2020,14:45,60026,97,456
05-12-2020,14:45,60030,106,784
05-12-2020,14:45,60031,203,1064
05-12-2020,14:45,60033,88,358
05-12-2020,14:45,60035,175,1030
05-12-2020,14:45,60040,83,204
05-12-2020,14:45,60041,28,183
05-12-2020,14:45,60042,19,142
05-12-2020,14:45,60043,14,98
05-12-2020,14:45,60044,68,341
05-12-2020,14:45,60045,101,592
05-12-2020,14:45,60046,127,703
05-12-2020,14:45,60047,123,675
05-12-2020,14:45,60048,85,556
05-12-2020,14:45,60050,129,688
05-12-2020,14:45,60051,67,495
05-12-2020,14:45,60053,200,862
05-12-2020,14:45,60056,394,1533
05-12-2020,14:45,60060,271,926
05-12-2020,14:45,60061,112,546
05-12-2020,14:45,60062,229,1425
05-12-2020,14:45,60064,434,825
05-12-2020,14:45,60067,100,714
05-12-2020,14:45,60068,205,953
05-12-2020,14:45,60069,50,247
05-12-2020,14:45,60070,130,454
05-12-2020,14:45,60071,7,65
05-12-2020,14:45,60073,494,1638
05-12-2020,14:45,60074,226,994
05-12-2020,14:45,60076,337,1587
05-12-2020,14:45,60077,282,1328
05-12-2020,14:45,60079,11,28
05-12-2020,14:45,60081,32,176
05-12-2020,14:45,60083,66,262
05-12-2020,14:45,60084,113,309
05-12-2020,14:45,60085,1620,3486
05-12-2020,14:45,60087,426,1196
05-12-2020,14:45,60088,40,82
05-12-2020,14:45,60089,147,793
05-12-2020,14:45,60090,393,1315
05-12-2020,14:45,60091,112,836
05-12-2020,14:45,60093,109,678
05-12-2020,14:45,60096,22,138
05-12-2020,14:45,60097,29,226
05-12-2020,14:45,60098,217,800
05-12-2020,14:45,60099,333,1060
05-12-2020,14:45,60101,445,1406
05-12-2020,14:45,60102,78,533
05-12-2020,14:45,60103,153,893
05-12-2020,14:45,60104,297,1032
05-12-2020,14:45,60106,343,1117
05-12-2020,14:45,60107,326,1211
05-12-2020,14:45,60108,153,1229
05-12-2020,14:45,60109,11,271
05-12-2020,14:45,60110,323,907
05-12-2020,14:45,60112,15,98
05-12-2020,14:45,60115,73,760
05-12-2020,14:45,60118,42,265
05-12-2020,14:45,60119,20,208
05-12-2020,14:45,60120,655,1605
05-12-2020,14:45,60123,387,1303
05-12-2020,14:45,60124,51,358
05-12-2020,14:45,60126,169,1210
05-12-2020,14:45,60130,85,624
05-12-2020,14:45,60131,225,837
05-12-2020,14:45,60133,410,1346
05-12-2020,14:45,60134,89,519
05-12-2020,14:45,60135,21,145
05-12-2020,14:45,60136,28,154
05-12-2020,14:45,60137,93,766
05-12-2020,14:45,60139,341,1228
05-12-2020,14:45,60140,54,349
05-12-2020,14:45,60141,8,195
05-12-2020,14:45,60142,51,575
05-12-2020,14:45,60143,108,478
05-12-2020,14:45,60146,6,34
05-12-2020,14:45,60148,185,1233
05-12-2020,14:45,60152,39,224
05-12-2020,14:45,60153,303,1281
05-12-2020,14:45,60154,133,781
05-12-2020,14:45,60155,123,409
05-12-2020,14:45,60156,79,540
05-12-2020,14:45,60157,9,49
05-12-2020,14:45,60160,426,1348
05-12-2020,14:45,60162,101,425
05-12-2020,14:45,60163,59,224
05-12-2020,14:45,60164,311,1439
05-12-2020,14:45,60165,121,285
05-12-2020,14:45,60169,229,857
05-12-2020,14:45,60171,69,396
05-12-2020,14:45,60172,140,611
05-12-2020,14:45,60173,46,217
05-12-2020,14:45,60174,92,979
05-12-2020,14:45,60175,50,475
05-12-2020,14:45,60176,95,404
05-12-2020,14:45,60177,162,523
05-12-2020,14:45,60178,28,332
05-12-2020,14:45,60181,157,781
05-12-2020,14:45,60185,414,1341
05-12-2020,14:45,60187,78,700
05-12-2020,14:45,60188,313,1305
05-12-2020,14:45,60189,58,601
05-12-2020,14:45,60190,24,358
05-12-2020,14:45,60191,112,442
05-12-2020,14:45,60192,31,276
05-12-2020,14:45,60193,139,782
05-12-2020,14:45,60194,75,444
05-12-2020,14:45,60195,10,79
05-12-2020,14:45,60201,239,1619
05-12-2020,14:45,60202,258,1412
05-12-2020,14:45,60203,21,171
05-12-2020,14:45,60301,17,109
05-12-2020,14:45,60302,151,1172
05-12-2020,14:45,60304,57,541
05-12-2020,14:45,60305,36,342
05-12-2020,14:45,60401,32,265
05-12-2020,14:45,60402,866,3284
05-12-2020,14:45,60403,124,731
05-12-2020,14:45,60404,80,608
05-12-2020,14:45,60406,307,1249
05-12-2020,14:45,60408,12,113
05-12-2020,14:45,60409,393,1933
05-12-2020,14:45,60410,29,315
05-12-2020,14:45,60411,636,3119
05-12-2020,14:45,60415,144,491
05-12-2020,14:45,60417,112,636
05-12-2020,14:45,60418,69,301
05-12-2020,14:45,60419,256,1360
05-12-2020,14:45,60420,6,71
05-12-2020,14:45,60421,6,75
05-12-2020,14:45,60422,71,474
05-12-2020,14:45,60423,106,704
05-12-2020,14:45,60425,97,614
05-12-2020,14:45,60426,326,1651
05-12-2020,14:45,60428,149,860
05-12-2020,14:45,60429,175,1163
05-12-2020,14:45,60430,214,1035
05-12-2020,14:45,60431,126,891
05-12-2020,14:45,60432,187,754
05-12-2020,14:45,60433,171,649
05-12-2020,14:45,60434,134,91
05-12-2020,14:45,60435,452,2241
05-12-2020,14:45,60436,126,767
05-12-2020,14:45,60438,255,1263
05-12-2020,14:45,60439,66,539
05-12-2020,14:45,60440,582,2350
05-12-2020,14:45,60441,143,843
05-12-2020,14:45,60442,30,218
05-12-2020,14:45,60443,273,1294
05-12-2020,14:45,60445,104,674
05-12-2020,14:45,60446,321,1588
05-12-2020,14:45,60447,26,332
05-12-2020,14:45,60448,98,506
05-12-2020,14:45,60449,60,394
05-12-2020,14:45,60450,24,322
05-12-2020,14:45,60451,73,609
05-12-2020,14:45,60452,138,859
05-12-2020,14:45,60453,506,2010
05-12-2020,14:45,60455,227,941
05-12-2020,14:45,60456,36,173
05-12-2020,14:45,60457,92,356
05-12-2020,14:45,60458,89,521
05-12-2020,14:45,60459,266,1049
05-12-2020,14:45,60461,46,298
05-12-2020,14:45,60462,191,1077
05-12-2020,14:45,60463,155,514
05-12-2020,14:45,60464,32,231
05-12-2020,14:45,60465,163,556
05-12-2020,14:45,60466,406,1644
05-12-2020,14:45,60467,115,614
05-12-2020,14:45,60468,21,120
05-12-2020,14:45,60469,42,250
05-12-2020,14:45,60471,168,808
05-12-2020,14:45,60472,50,326
05-12-2020,14:45,60473,290,1447
05-12-2020,14:45,60475,57,368
05-12-2020,14:45,60476,14,102
05-12-2020,14:45,60477,168,1036
05-12-2020,14:45,60478,256,1426
05-12-2020,14:45,60480,23,168
05-12-2020,14:45,60481,17,227
05-12-2020,14:45,60482,64,329
05-12-2020,14:45,60484,91,396
05-12-2020,14:45,60487,97,642
05-12-2020,14:45,60490,111,683
05-12-2020,14:45,60491,101,524
05-12-2020,14:45,60501,184,519
05-12-2020,14:45,60502,54,418
05-12-2020,14:45,60503,40,271
05-12-2020,14:45,60504,180,893
05-12-2020,14:45,60505,1000,2348
05-12-2020,14:45,60506,571,2314
05-12-2020,14:45,60510,63,606
05-12-2020,14:45,60513,105,834
05-12-2020,14:45,60514,33,295
05-12-2020,14:45,60515,59,526
05-12-2020,14:45,60516,80,604
05-12-2020,14:45,60517,148,885
05-12-2020,14:45,60520,7,49
05-12-2020,14:45,60521,167,666
05-12-2020,14:45,60523,79,399
05-12-2020,14:45,60525,191,1312
05-12-2020,14:45,60526,50,565
05-12-2020,14:45,60527,179,1153
05-12-2020,14:45,60532,81,570
05-12-2020,14:45,60534,96,440
05-12-2020,14:45,60538,167,663
05-12-2020,14:45,60540,84,915
05-12-2020,14:45,60542,74,485
05-12-2020,14:45,60543,158,753
05-12-2020,14:45,60544,112,863
05-12-2020,14:45,60545,89,412
05-12-2020,14:45,60546,100,786
05-12-2020,14:45,60548,41,242
05-12-2020,14:45,60551,16,61
05-12-2020,14:45,60552,6,76
05-12-2020,14:45,60554,24,240
05-12-2020,14:45,60555,75,383
05-12-2020,14:45,60558,25,315
05-12-2020,14:45,60559,240,968
05-12-2020,14:45,60560,52,389
05-12-2020,14:45,60561,84,674
05-12-2020,14:45,60563,113,936
05-12-2020,14:45,60564,97,816
05-12-2020,14:45,60565,141,755
05-12-2020,14:45,60585,54,453
05-12-2020,14:45,60586,219,1320
05-12-2020,14:45,60601,64,474
05-12-2020,14:45,60602,10,83
05-12-2020,14:45,60603,6,49
05-12-2020,14:45,60604,14,69
05-12-2020,14:45,60605,142,1018
05-12-2020,14:45,60606,40,317
05-12-2020,14:45,60607,343,1292
05-12-2020,14:45,60608,1145,3997
05-12-2020,14:45,60609,1048,3034
05-12-2020,14:45,60610,176,1327
05-12-2020,14:45,60611,108,1463
05-12-2020,14:45,60612,491,2557
05-12-2020,14:45,60613,315,1509
05-12-2020,14:45,60614,412,2485
05-12-2020,14:45,60615,285,1909
05-12-2020,14:45,60616,302,2015
05-12-2020,14:45,60617,722,3991
05-12-2020,14:45,60618,786,3290
05-12-2020,14:45,60619,695,3445
05-12-2020,14:45,60620,848,3755
05-12-2020,14:45,60621,388,1590
05-12-2020,14:45,60622,434,2020
05-12-2020,14:45,60623,2166,5012
05-12-2020,14:45,60624,582,2219
05-12-2020,14:45,60625,904,3010
05-12-2020,14:45,60626,699,2566
05-12-2020,14:45,60628,788,3344
05-12-2020,14:45,60629,1975,5262
05-12-2020,14:45,60630,502,2230
05-12-2020,14:45,60631,185,1531
05-12-2020,14:45,60632,1890,4467
05-12-2020,14:45,60633,203,1294
05-12-2020,14:45,60634,949,4410
05-12-2020,14:45,60636,502,1579
05-12-2020,14:45,60637,432,2749
05-12-2020,14:45,60638,744,3103
05-12-2020,14:45,60639,2082,5337
05-12-2020,14:45,60640,603,2559
05-12-2020,14:45,60641,855,3157
05-12-2020,14:45,60642,109,726
05-12-2020,14:45,60643,576,3010
05-12-2020,14:45,60644,822,3218
05-12-2020,14:45,60645,787,2793
05-12-2020,14:45,60646,262,1489
05-12-2020,14:45,60647,820,3257
05-12-2020,14:45,60649,586,2779
05-12-2020,14:45,60651,1052,3334
05-12-2020,14:45,60652,589,2120
05-12-2020,14:45,60653,373,1922
05-12-2020,14:45,60654,119,643
05-12-2020,14:45,60655,198,1496
05-12-2020,14:45,60656,187,1273
05-12-2020,14:45,60657,252,1957
05-12-2020,14:45,60659,519,1664
05-12-2020,14:45,60660,289,1241
05-12-2020,14:45,60661,31,281
05-12-2020,14:45,60706,247,1387
05-12-2020,14:45,60707,537,2396
05-12-2020,14:45,60712,126,589
05-12-2020,14:45,60714,537,1702
05-12-2020,14:45,60803,169,809
05-12-2020,14:45,60804,1838,5093
05-12-2020,14:45,60805,180,687
05-12-2020,14:45,60827,248,1250
05-12-2020,14:45,60901,317,1699
05-12-2020,14:45,60912,6,18
05-12-2020,14:45,60914,94,811
05-12-2020,14:45,60915,35,357
05-12-2020,14:45,60922,10,87
05-12-2020,14:45,60927,41,115
05-12-2020,14:45,60928,6,14
05-12-2020,14:45,60950,58,523
05-12-2020,14:45,60954,19,268
05-12-2020,14:45,60955,10,32
05-12-2020,14:45,60958,18,72
05-12-2020,14:45,60964,18,111
05-12-2020,14:45,60970,9,147
05-12-2020,14:45,61008,212,847
05-12-2020,14:45,61010,6,127
05-12-2020,14:45,61016,18,153
05-12-2020,14:45,61021,57,591
05-12-2020,14:45,61032,98,466
05-12-2020,14:45,61054,6,92
05-12-2020,14:45,61061,6,127
05-12-2020,14:45,61064,9,58
05-12-2020,14:45,61065,20,197
05-12-2020,14:45,61068,114,806
05-12-2020,14:45,61071,25,164
05-12-2020,14:45,61072,20,181
05-12-2020,14:45,61073,26,345
05-12-2020,14:45,61080,21,158
05-12-2020,14:45,61081,57,275
05-12-2020,14:45,61084,6,30
05-12-2020,14:45,61088,6,121
05-12-2020,14:45,61101,144,951
05-12-2020,14:45,61102,117,757
05-12-2020,14:45,61103,119,974
05-12-2020,14:45,61104,145,671
05-12-2020,14:45,61107,94,964
05-12-2020,14:45,61108,161,911
05-12-2020,14:45,61109,120,818
05-12-2020,14:45,61111,49,544
05-12-2020,14:45,61114,49,393
05-12-2020,14:45,61115,48,509
05-12-2020,14:45,61201,146,665
05-12-2020,14:45,61235,8,50
05-12-2020,14:45,61240,8,85
05-12-2020,14:45,61241,13,121
05-12-2020,14:45,61244,137,479
05-12-2020,14:45,61252,13,55
05-12-2020,14:45,61254,7,220
05-12-2020,14:45,61264,18,189
05-12-2020,14:45,61265,164,866
05-12-2020,14:45,61270,6,90
05-12-2020,14:45,61275,8,61
05-12-2020,14:45,61282,31,154
05-12-2020,14:45,61341,29,226
05-12-2020,14:45,61342,15,115
05-12-2020,14:45,61350,12,283
05-12-2020,14:45,61354,6,186
05-12-2020,14:45,61356,6,163
05-12-2020,14:45,61401,66,862
05-12-2020,14:45,61410,6,56
05-12-2020,14:45,61443,16,219
05-12-2020,14:45,61455,43,428
05-12-2020,14:45,61462,96,430
05-12-2020,14:45,61469,6,52
05-12-2020,14:45,61525,6,143
05-12-2020,14:45,61548,6,164
05-12-2020,14:45,61554,17,707
05-12-2020,14:45,61603,21,587
05-12-2020,14:45,61604,24,851
05-12-2020,14:45,61605,13,422
05-12-2020,14:45,61610,6,93
05-12-2020,14:45,61611,18,459
05-12-2020,14:45,61614,43,633
05-12-2020,14:45,61615,18,520
05-12-2020,14:45,61701,38,1016
05-12-2020,14:45,61704,24,799
05-12-2020,14:45,61705,9,298
05-12-2020,14:45,61761,37,950
05-12-2020,14:45,61764,11,218
05-12-2020,14:45,61801,23,547
05-12-2020,14:45,61802,39,674
05-12-2020,14:45,61820,42,603
05-12-2020,14:45,61821,40,853
05-12-2020,14:45,61822,30,628
05-12-2020,14:45,61832,16,472
05-12-2020,14:45,61853,12,344
05-12-2020,14:45,61866,90,631
05-12-2020,14:45,61874,11,205
05-12-2020,14:45,61910,6,66
05-12-2020,14:45,61920,44,247
05-12-2020,14:45,61938,11,240
05-12-2020,14:45,61953,9,122
05-12-2020,14:45,62002,74,363
05-12-2020,14:45,62010,11,88
05-12-2020,14:45,62018,6,41
05-12-2020,14:45,62024,7,64
05-12-2020,14:45,62025,103,468
05-12-2020,14:45,62034,50,170
05-12-2020,14:45,62035,18,128
05-12-2020,14:45,62040,64,415
05-12-2020,14:45,62052,13,76
05-12-2020,14:45,62056,12,156
05-12-2020,14:45,62060,16,57
05-12-2020,14:45,62062,7,153
05-12-2020,14:45,62069,8,69
05-12-2020,14:45,62088,6,207
05-12-2020,14:45,62090,8,15
05-12-2020,14:45,62095,14,100
05-12-2020,14:45,62201,12,60
05-12-2020,14:45,62203,26,120
05-12-2020,14:45,62204,32,124
05-12-2020,14:45,62205,36,143
05-12-2020,14:45,62206,71,301
05-12-2020,14:45,62207,48,127
05-12-2020,14:45,62208,41,187
05-12-2020,14:45,62220,84,205
05-12-2020,14:45,62221,64,274
05-12-2020,14:45,62223,41,157
05-12-2020,14:45,62226,94,494
05-12-2020,14:45,62230,7,85
05-12-2020,14:45,62231,65,244
05-12-2020,14:45,62232,9,59
05-12-2020,14:45,62233,83,306
05-12-2020,14:45,62234,40,286
05-12-2020,14:45,62236,37,110
05-12-2020,14:45,62239,11,35
05-12-2020,14:45,62249,10,108
05-12-2020,14:45,62254,25,94
05-12-2020,14:45,62257,8,43
05-12-2020,14:45,62258,14,77
05-12-2020,14:45,62265,10,159
05-12-2020,14:45,62269,61,277
05-12-2020,14:45,62272,44,114
05-12-2020,14:45,62274,9,93
05-12-2020,14:45,62278,15,97
05-12-2020,14:45,62285,6,34
05-12-2020,14:45,62286,28,196
05-12-2020,14:45,62288,31,140
05-12-2020,14:45,62294,16,103
05-12-2020,14:45,62295,7,16
05-12-2020,14:45,62298,38,161
05-12-2020,14:45,62301,20,648
05-12-2020,14:45,62305,15,141
05-12-2020,14:45,62353,6,179
05-12-2020,14:45,62448,37,208
05-12-2020,14:45,62454,8,107
05-12-2020,14:45,62471,16,121
05-12-2020,14:45,62521,88,629
05-12-2020,14:45,62522,23,138
05-12-2020,14:45,62526,28,325
05-12-2020,14:45,62565,9,65
05-12-2020,14:45,62568,26,239
05-12-2020,14:45,62618,51,453
05-12-2020,14:45,62629,11,313
05-12-2020,14:45,62650,25,442
05-12-2020,14:45,62656,9,410
05-12-2020,14:45,62664,9,81
05-12-2020,14:45,62675,6,153
05-12-2020,14:45,62681,6,124
05-12-2020,14:45,62684,65,285
05-12-2020,14:45,62702,55,1023
05-12-2020,14:45,62703,48,849
05-12-2020,14:45,62704,33,965
05-12-2020,14:45,62707,11,183
05-12-2020,14:45,62711,20,441
05-12-2020,14:45,62801,51,573
05-12-2020,14:45,62832,16,225
05-12-2020,14:45,62864,81,589
05-12-2020,14:45,62882,8,66
05-12-2020,14:45,62901,92,581
05-12-2020,14:45,62902,12,78
05-12-2020,14:45,62906,33,272
05-12-2020,14:45,62907,12,47
05-12-2020,14:45,62918,10,175
05-12-2020,14:45,62920,20,99
05-12-2020,14:45,62948,6,222
05-12-2020,14:45,62959,23,538
05-12-2020,14:45,62966,42,369
05-12-2020,14:45,62992,22,66
05-11-2020,14:45,46324,7,97
05-11-2020,14:45,53142,8,117
05-11-2020,14:45,60002,66,474
05-11-2020,14:45,60004,192,2086
05-11-2020,14:45,60005,98,596
05-11-2020,14:45,60007,144,710
05-11-2020,14:45,60008,169,762
05-11-2020,14:45,60010,59,588
05-11-2020,14:45,60012,63,193
05-11-2020,14:45,60013,55,327
05-11-2020,14:45,60014,108,790
05-11-2020,14:45,60015,127,704
05-11-2020,14:45,60016,739,2297
05-11-2020,14:45,60018,321,1026
05-11-2020,14:45,60020,22,215
05-11-2020,14:45,60021,10,81
05-11-2020,14:45,60022,23,214
05-11-2020,14:45,60025,238,1256
05-11-2020,14:45,60026,96,434
05-11-2020,14:45,60030,103,712
05-11-2020,14:45,60031,195,972
05-11-2020,14:45,60033,82,311
05-11-2020,14:45,60035,171,955
05-11-2020,14:45,60040,62,183
05-11-2020,14:45,60041,26,170
05-11-2020,14:45,60042,19,118
05-11-2020,14:45,60043,14,96
05-11-2020,14:45,60044,64,324
05-11-2020,14:45,60045,97,564
05-11-2020,14:45,60046,119,639
05-11-2020,14:45,60047,114,574
05-11-2020,14:45,60048,78,513
05-11-2020,14:45,60050,121,627
05-11-2020,14:45,60051,64,432
05-11-2020,14:45,60053,190,810
05-11-2020,14:45,60056,382,1415
05-11-2020,14:45,60060,257,849
05-11-2020,14:45,60061,107,497
05-11-2020,14:45,60062,225,1369
05-11-2020,14:45,60064,405,765
05-11-2020,14:45,60067,96,668
05-11-2020,14:45,60068,196,918
05-11-2020,14:45,60069,46,223
05-11-2020,14:45,60070,124,432
05-11-2020,14:45,60071,7,61
05-11-2020,14:45,60073,457,1474
05-11-2020,14:45,60074,215,913
05-11-2020,14:45,60076,328,1513
05-11-2020,14:45,60077,273,1257
05-11-2020,14:45,60079,9,23
05-11-2020,14:45,60081,31,157
05-11-2020,14:45,60083,65,237
05-11-2020,14:45,60084,108,277
05-11-2020,14:45,60085,1522,3087
05-11-2020,14:45,60087,399,1052
05-11-2020,14:45,60088,38,77
05-11-2020,14:45,60089,146,752
05-11-2020,14:45,60090,377,1207
05-11-2020,14:45,60091,112,816
05-11-2020,14:45,60093,107,648
05-11-2020,14:45,60096,21,124
05-11-2020,14:45,60097,26,208
05-11-2020,14:45,60098,204,733
05-11-2020,14:45,60099,320,952
05-11-2020,14:45,60101,421,1298
05-11-2020,14:45,60102,75,495
05-11-2020,14:45,60103,140,820
05-11-2020,14:45,60104,288,992
05-11-2020,14:45,60106,323,1070
05-11-2020,14:45,60107,299,1092
05-11-2020,14:45,60108,148,1147
05-11-2020,14:45,60109,11,270
05-11-2020,14:45,60110,295,774
05-11-2020,14:45,60112,15,87
05-11-2020,14:45,60115,66,678
05-11-2020,14:45,60118,40,228
05-11-2020,14:45,60119,17,177
05-11-2020,14:45,60120,567,1346
05-11-2020,14:45,60123,344,1115
05-11-2020,14:45,60124,45,310
05-11-2020,14:45,60126,166,1152
05-11-2020,14:45,60130,81,593
05-11-2020,14:45,60131,214,790
05-11-2020,14:45,60133,383,1228
05-11-2020,14:45,60134,84,441
05-11-2020,14:45,60135,19,128
05-11-2020,14:45,60136,28,129
05-11-2020,14:45,60137,86,705
05-11-2020,14:45,60139,316,1110
05-11-2020,14:45,60140,46,318
05-11-2020,14:45,60141,7,194
05-11-2020,14:45,60142,49,529
05-11-2020,14:45,60143,100,454
05-11-2020,14:45,60146,6,27
05-11-2020,14:45,60148,170,1139
05-11-2020,14:45,60152,38,201
05-11-2020,14:45,60153,299,1233
05-11-2020,14:45,60154,132,751
05-11-2020,14:45,60155,120,391
05-11-2020,14:45,60156,73,475
05-11-2020,14:45,60157,6,44
05-11-2020,14:45,60160,410,1282
05-11-2020,14:45,60162,99,409
05-11-2020,14:45,60163,56,217
05-11-2020,14:45,60164,300,1388
05-11-2020,14:45,60165,117,259
05-11-2020,14:45,60169,223,796
05-11-2020,14:45,60171,65,379
05-11-2020,14:45,60172,138,579
05-11-2020,14:45,60173,45,205
05-11-2020,14:45,60174,81,902
05-11-2020,14:45,60175,41,431
05-11-2020,14:45,60176,87,385
05-11-2020,14:45,60177,157,478
05-11-2020,14:45,60178,22,308
05-11-2020,14:45,60181,151,727
05-11-2020,14:45,60185,351,1120
05-11-2020,14:45,60187,73,624
05-11-2020,14:45,60188,278,1155
05-11-2020,14:45,60189,55,539
05-11-2020,14:45,60190,23,334
05-11-2020,14:45,60191,104,412
05-11-2020,14:45,60192,31,250
05-11-2020,14:45,60193,133,743
05-11-2020,14:45,60194,74,418
05-11-2020,14:45,60195,9,70
05-11-2020,14:45,60201,234,1578
05-11-2020,14:45,60202,242,1373
05-11-2020,14:45,60203,21,149
05-11-2020,14:45,60301,17,101
05-11-2020,14:45,60302,145,1092
05-11-2020,14:45,60304,57,528
05-11-2020,14:45,60305,35,327
05-11-2020,14:45,60401,32,249
05-11-2020,14:45,60402,822,3132
05-11-2020,14:45,60403,118,703
05-11-2020,14:45,60404,76,581
05-11-2020,14:45,60406,281,1154
05-11-2020,14:45,60408,12,107
05-11-2020,14:45,60409,386,1881
05-11-2020,14:45,60410,27,296
05-11-2020,14:45,60411,631,2998
05-11-2020,14:45,60415,138,474
05-11-2020,14:45,60417,107,615
05-11-2020,14:45,60418,68,288
05-11-2020,14:45,60419,253,1317
05-11-2020,14:45,60421,6,75
05-11-2020,14:45,60422,66,456
05-11-2020,14:45,60423,103,687
05-11-2020,14:45,60425,95,600
05-11-2020,14:45,60426,316,1597
05-11-2020,14:45,60428,149,846
05-11-2020,14:45,60429,174,1128
05-11-2020,14:45,60430,210,1003
05-11-2020,14:45,60431,120,859
05-11-2020,14:45,60432,175,704
05-11-2020,14:45,60433,167,617
05-11-2020,14:45,60434,134,88
05-11-2020,14:45,60435,438,2157
05-11-2020,14:45,60436,121,732
05-11-2020,14:45,60438,241,1206
05-11-2020,14:45,60439,61,513
05-11-2020,14:45,60440,555,2176
05-11-2020,14:45,60441,137,806
05-11-2020,14:45,60442,30,211
05-11-2020,14:45,60443,271,1257
05-11-2020,14:45,60445,101,651
05-11-2020,14:45,60446,306,1471
05-11-2020,14:45,60447,25,325
05-11-2020,14:45,60448,92,485
05-11-2020,14:45,60449,59,383
05-11-2020,14:45,60450,24,296
05-11-2020,14:45,60451,69,592
05-11-2020,14:45,60452,135,813
05-11-2020,14:45,60453,495,1894
05-11-2020,14:45,60455,224,905
05-11-2020,14:45,60456,35,161
05-11-2020,14:45,60457,91,344
05-11-2020,14:45,60458,82,488
05-11-2020,14:45,60459,257,991
05-11-2020,14:45,60461,46,293
05-11-2020,14:45,60462,185,1043
05-11-2020,14:45,60463,147,484
05-11-2020,14:45,60464,30,220
05-11-2020,14:45,60465,141,527
05-11-2020,14:45,60466,399,1610
05-11-2020,14:45,60467,112,589
05-11-2020,14:45,60468,20,116
05-11-2020,14:45,60469,38,231
05-11-2020,14:45,60471,164,775
05-11-2020,14:45,60472,49,308
05-11-2020,14:45,60473,285,1409
05-11-2020,14:45,60475,57,355
05-11-2020,14:45,60476,14,102
05-11-2020,14:45,60477,160,996
05-11-2020,14:45,60478,253,1264
05-11-2020,14:45,60480,22,154
05-11-2020,14:45,60481,17,218
05-11-2020,14:45,60482,61,316
05-11-2020,14:45,60484,84,366
05-11-2020,14:45,60487,94,621
05-11-2020,14:45,60490,109,647
05-11-2020,14:45,60491,99,503
05-11-2020,14:45,60501,170,488
05-11-2020,14:45,60502,51,356
05-11-2020,14:45,60503,36,232
05-11-2020,14:45,60504,160,763
05-11-2020,14:45,60505,831,1831
05-11-2020,14:45,60506,487,1989
05-11-2020,14:45,60510,57,533
05-11-2020,14:45,60513,99,778
05-11-2020,14:45,60514,29,270
05-11-2020,14:45,60515,54,492
05-11-2020,14:45,60516,77,551
05-11-2020,14:45,60517,143,821
05-11-2020,14:45,60521,163,629
05-11-2020,14:45,60523,66,370
05-11-2020,14:45,60525,187,1233
05-11-2020,14:45,60526,49,535
05-11-2020,14:45,60527,178,1094
05-11-2020,14:45,60532,76,511
05-11-2020,14:45,60534,93,416
05-11-2020,14:45,60538,140,567
05-11-2020,14:45,60540,77,830
05-11-2020,14:45,60542,65,422
05-11-2020,14:45,60543,142,651
05-11-2020,14:45,60544,110,821
05-11-2020,14:45,60545,77,342
05-11-2020,14:45,60546,97,679
05-11-2020,14:45,60548,39,214
05-11-2020,14:45,60551,16,60
05-11-2020,14:45,60552,6,71
05-11-2020,14:45,60554,22,205
05-11-2020,14:45,60555,61,325
05-11-2020,14:45,60558,26,295
05-11-2020,14:45,60559,229,841
05-11-2020,14:45,60560,51,350
05-11-2020,14:45,60561,79,617
05-11-2020,14:45,60563,104,831
05-11-2020,14:45,60564,90,745
05-11-2020,14:45,60565,138,709
05-11-2020,14:45,60585,51,426
05-11-2020,14:45,60586,212,1259
05-11-2020,14:45,60601,62,461
05-11-2020,14:45,60602,8,77
05-11-2020,14:45,60603,6,46
05-11-2020,14:45,60604,14,66
05-11-2020,14:45,60605,138,987
05-11-2020,14:45,60606,39,292
05-11-2020,14:45,60607,341,1263
05-11-2020,14:45,60608,1095,3786
05-11-2020,14:45,60609,1003,2879
05-11-2020,14:45,60610,173,1253
05-11-2020,14:45,60611,107,1424
05-11-2020,14:45,60612,470,2445
05-11-2020,14:45,60613,306,1455
05-11-2020,14:45,60614,395,2367
05-11-2020,14:45,60615,279,1841
05-11-2020,14:45,60616,296,1939
05-11-2020,14:45,60617,691,3677
05-11-2020,14:45,60618,744,3139
05-11-2020,14:45,60619,680,3310
05-11-2020,14:45,60620,828,3576
05-11-2020,14:45,60621,376,1496
05-11-2020,14:45,60622,419,1948
05-11-2020,14:45,60623,2033,4693
05-11-2020,14:45,60624,565,2127
05-11-2020,14:45,60625,873,2876
05-11-2020,14:45,60626,670,2444
05-11-2020,14:45,60628,774,3189
05-11-2020,14:45,60629,1872,4925
05-11-2020,14:45,60630,488,2139
05-11-2020,14:45,60631,172,1450
05-11-2020,14:45,60632,1772,4156
05-11-2020,14:45,60633,195,1267
05-11-2020,14:45,60634,913,4220
05-11-2020,14:45,60636,482,1488
05-11-2020,14:45,60637,419,2672
05-11-2020,14:45,60638,723,2964
05-11-2020,14:45,60639,1993,5039
05-11-2020,14:45,60640,589,2470
05-11-2020,14:45,60641,828,2973
05-11-2020,14:45,60642,106,689
05-11-2020,14:45,60643,571,2925
05-11-2020,14:45,60644,797,3087
05-11-2020,14:45,60645,755,2650
05-11-2020,14:45,60646,255,1444
05-11-2020,14:45,60647,787,3105
05-11-2020,14:45,60649,571,2677
05-11-2020,14:45,60651,1008,3178
05-11-2020,14:45,60652,575,2039
05-11-2020,14:45,60653,354,1828
05-11-2020,14:45,60654,112,615
05-11-2020,14:45,60655,196,1446
05-11-2020,14:45,60656,179,1230
05-11-2020,14:45,60657,246,1866
05-11-2020,14:45,60659,500,1570
05-11-2020,14:45,60660,281,1197
05-11-2020,14:45,60661,29,270
05-11-2020,14:45,60706,236,1351
05-11-2020,14:45,60707,517,2205
05-11-2020,14:45,60712,122,563
05-11-2020,14:45,60714,512,1615
05-11-2020,14:45,60803,159,762
05-11-2020,14:45,60804,1747,4789
05-11-2020,14:45,60805,176,653
05-11-2020,14:45,60827,239,1202
05-11-2020,14:45,60901,298,1632
05-11-2020,14:45,60912,6,17
05-11-2020,14:45,60914,92,776
05-11-2020,14:45,60915,34,338
05-11-2020,14:45,60922,10,84
05-11-2020,14:45,60927,41,114
05-11-2020,14:45,60928,6,14
05-11-2020,14:45,60950,56,511
05-11-2020,14:45,60954,18,260
05-11-2020,14:45,60955,10,32
05-11-2020,14:45,60958,18,69
05-11-2020,14:45,60964,17,108
05-11-2020,14:45,60970,8,145
05-11-2020,14:45,61008,185,649
05-11-2020,14:45,61016,17,119
05-11-2020,14:45,61021,53,525
05-11-2020,14:45,61032,88,410
05-11-2020,14:45,61054,6,85
05-11-2020,14:45,61064,9,55
05-11-2020,14:45,61065,14,142
05-11-2020,14:45,61068,107,774
05-11-2020,14:45,61071,25,159
05-11-2020,14:45,61072,16,134
05-11-2020,14:45,61073,14,240
05-11-2020,14:45,61080,15,118
05-11-2020,14:45,61081,56,264
05-11-2020,14:45,61084,6,26
05-11-2020,14:45,61088,6,98
05-11-2020,14:45,61101,125,801
05-11-2020,14:45,61102,107,640
05-11-2020,14:45,61103,93,696
05-11-2020,14:45,61104,126,508
05-11-2020,14:45,61107,70,593
05-11-2020,14:45,61108,132,656
05-11-2020,14:45,61109,104,635
05-11-2020,14:45,61111,31,379
05-11-2020,14:45,61114,36,258
05-11-2020,14:45,61115,30,360
05-11-2020,14:45,61201,138,609
05-11-2020,14:45,61235,8,45
05-11-2020,14:45,61240,8,77
05-11-2020,14:45,61241,13,112
05-11-2020,14:45,61244,134,438
05-11-2020,14:45,61252,8,53
05-11-2020,14:45,61254,7,187
05-11-2020,14:45,61264,18,180
05-11-2020,14:45,61265,162,824
05-11-2020,14:45,61270,6,82
05-11-2020,14:45,61275,8,57
05-11-2020,14:45,61282,31,142
05-11-2020,14:45,61341,29,217
05-11-2020,14:45,61342,14,110
05-11-2020,14:45,61350,12,270
05-11-2020,14:45,61356,6,157
05-11-2020,14:45,61401,63,825
05-11-2020,14:45,61410,6,56
05-11-2020,14:45,61443,16,207
05-11-2020,14:45,61455,40,414
05-11-2020,14:45,61462,94,386
05-11-2020,14:45,61525,6,133
05-11-2020,14:45,61548,6,150
05-11-2020,14:45,61554,17,676
05-11-2020,14:45,61603,21,564
05-11-2020,14:45,61604,24,812
05-11-2020,14:45,61605,12,417
05-11-2020,14:45,61610,6,89
05-11-2020,14:45,61611,18,434
05-11-2020,14:45,61614,42,595
05-11-2020,14:45,61615,19,490
05-11-2020,14:45,61701,37,946
05-11-2020,14:45,61704,20,744
05-11-2020,14:45,61705,9,282
05-11-2020,14:45,61761,35,846
05-11-2020,14:45,61764,10,208
05-11-2020,14:45,61801,23,537
05-11-2020,14:45,61802,33,667
05-11-2020,14:45,61820,40,587
05-11-2020,14:45,61821,39,841
05-11-2020,14:45,61822,30,619
05-11-2020,14:45,61832,15,461
05-11-2020,14:45,61853,11,334
05-11-2020,14:45,61866,75,625
05-11-2020,14:45,61874,11,202
05-11-2020,14:45,61910,6,66
05-11-2020,14:45,61920,29,225
05-11-2020,14:45,61938,9,233
05-11-2020,14:45,61953,9,121
05-11-2020,14:45,62002,72,362
05-11-2020,14:45,62010,10,88
05-11-2020,14:45,62018,6,41
05-11-2020,14:45,62024,7,63
05-11-2020,14:45,62025,102,466
05-11-2020,14:45,62034,50,170
05-11-2020,14:45,62035,18,127
05-11-2020,14:45,62040,64,412
05-11-2020,14:45,62052,13,72
05-11-2020,14:45,62056,12,151
05-11-2020,14:45,62060,16,57
05-11-2020,14:45,62062,6,153
05-11-2020,14:45,62069,8,67
05-11-2020,14:45,62088,6,201
05-11-2020,14:45,62090,8,15
05-11-2020,14:45,62095,12,100
05-11-2020,14:45,62201,12,59
05-11-2020,14:45,62203,26,120
05-11-2020,14:45,62204,32,123
05-11-2020,14:45,62205,35,141
05-11-2020,14:45,62206,69,301
05-11-2020,14:45,62207,47,124
05-11-2020,14:45,62208,40,185
05-11-2020,14:45,62220,84,201
05-11-2020,14:45,62221,61,269
05-11-2020,14:45,62223,41,156
05-11-2020,14:45,62226,93,489
05-11-2020,14:45,62230,7,85
05-11-2020,14:45,62231,64,244
05-11-2020,14:45,62232,9,57
05-11-2020,14:45,62233,83,305
05-11-2020,14:45,62234,38,276
05-11-2020,14:45,62236,36,110
05-11-2020,14:45,62239,11,35
05-11-2020,14:45,62249,10,107
05-11-2020,14:45,62254,19,94
05-11-2020,14:45,62257,8,43
05-11-2020,14:45,62258,14,76
05-11-2020,14:45,62265,10,158
05-11-2020,14:45,62269,61,269
05-11-2020,14:45,62272,44,114
05-11-2020,14:45,62274,9,93
05-11-2020,14:45,62278,15,97
05-11-2020,14:45,62285,6,34
05-11-2020,14:45,62286,27,193
05-11-2020,14:45,62288,31,138
05-11-2020,14:45,62294,16,102
05-11-2020,14:45,62295,7,16
05-11-2020,14:45,62298,38,160
05-11-2020,14:45,62301,20,623
05-11-2020,14:45,62305,15,136
05-11-2020,14:45,62353,6,178
05-11-2020,14:45,62448,37,208
05-11-2020,14:45,62454,7,105
05-11-2020,14:45,62471,16,115
05-11-2020,14:45,62521,88,611
05-11-2020,14:45,62522,22,130
05-11-2020,14:45,62526,27,304
05-11-2020,14:45,62565,9,63
05-11-2020,14:45,62568,25,230
05-11-2020,14:45,62618,51,434
05-11-2020,14:45,62629,10,288
05-11-2020,14:45,62650,24,427
05-11-2020,14:45,62656,9,391
05-11-2020,14:45,62664,9,77
05-11-2020,14:45,62675,6,138
05-11-2020,14:45,62681,6,119
05-11-2020,14:45,62684,63,280
05-11-2020,14:45,62702,50,963
05-11-2020,14:45,62703,46,786
05-11-2020,14:45,62704,33,920
05-11-2020,14:45,62707,11,177
05-11-2020,14:45,62711,19,415
05-11-2020,14:45,62801,51,569
05-11-2020,14:45,62832,16,219
05-11-2020,14:45,62864,80,585
05-11-2020,14:45,62882,8,65
05-11-2020,14:45,62901,92,576
05-11-2020,14:45,62902,12,77
05-11-2020,14:45,62906,33,247
05-11-2020,14:45,62907,12,46
05-11-2020,14:45,62918,10,171
05-11-2020,14:45,62920,20,97
05-11-2020,14:45,62948,6,220
05-11-2020,14:45,62959,23,528
05-11-2020,14:45,62966,41,363
05-11-2020,14:45,62992,22,66
05-10-2020,14:45,46324,8,93
05-10-2020,14:45,53142,6,116
05-10-2020,14:45,60002,66,468
05-10-2020,14:45,60004,187,1799
05-10-2020,14:45,60005,97,560
05-10-2020,14:45,60007,137,678
05-10-2020,14:45,60008,166,733
05-10-2020,14:45,60010,58,565
05-10-2020,14:45,60012,62,188
05-10-2020,14:45,60013,54,317
05-10-2020,14:45,60014,107,761
05-10-2020,14:45,60015,125,692
05-10-2020,14:45,60016,731,2186
05-10-2020,14:45,60018,317,1004
05-10-2020,14:45,60020,22,207
05-10-2020,14:45,60021,10,79
05-10-2020,14:45,60022,23,209
05-10-2020,14:45,60025,236,1239
05-10-2020,14:45,60026,96,422
05-10-2020,14:45,60030,103,694
05-10-2020,14:45,60031,191,954
05-10-2020,14:45,60033,79,304
05-10-2020,14:45,60035,171,938
05-10-2020,14:45,60040,60,181
05-10-2020,14:45,60041,25,165
05-10-2020,14:45,60042,19,114
05-10-2020,14:45,60043,14,94
05-10-2020,14:45,60044,64,315
05-10-2020,14:45,60045,97,549
05-10-2020,14:45,60046,116,629
05-10-2020,14:45,60047,114,557
05-10-2020,14:45,60048,78,500
05-10-2020,14:45,60050,118,613
05-10-2020,14:45,60051,64,417
05-10-2020,14:45,60053,184,794
05-10-2020,14:45,60056,369,1372
05-10-2020,14:45,60060,249,827
05-10-2020,14:45,60061,104,488
05-10-2020,14:45,60062,224,1351
05-10-2020,14:45,60064,396,758
05-10-2020,14:45,60067,95,642
05-10-2020,14:45,60068,193,901
05-10-2020,14:45,60069,45,223
05-10-2020,14:45,60070,123,424
05-10-2020,14:45,60071,7,58
05-10-2020,14:45,60073,445,1443
05-10-2020,14:45,60074,212,876
05-10-2020,14:45,60076,327,1491
05-10-2020,14:45,60077,266,1232
05-10-2020,14:45,60079,9,23
05-10-2020,14:45,60081,30,154
05-10-2020,14:45,60083,62,233
05-10-2020,14:45,60084,107,271
05-10-2020,14:45,60085,1506,3063
05-10-2020,14:45,60087,393,1045
05-10-2020,14:45,60088,37,77
05-10-2020,14:45,60089,144,740
05-10-2020,14:45,60090,363,1166
05-10-2020,14:45,60091,111,801
05-10-2020,14:45,60093,106,635
05-10-2020,14:45,60096,21,118
05-10-2020,14:45,60097,26,206
05-10-2020,14:45,60098,204,719
05-10-2020,14:45,60099,318,937
05-10-2020,14:45,60101,410,1251
05-10-2020,14:45,60102,74,480
05-10-2020,14:45,60103,140,794
05-10-2020,14:45,60104,284,962
05-10-2020,14:45,60106,313,1046
05-10-2020,14:45,60107,287,1046
05-10-2020,14:45,60108,141,1116
05-10-2020,14:45,60109,11,268
05-10-2020,14:45,60110,284,737
05-10-2020,14:45,60112,15,85
05-10-2020,14:45,60115,64,657
05-10-2020,14:45,60118,39,216
05-10-2020,14:45,60119,17,175
05-10-2020,14:45,60120,540,1279
05-10-2020,14:45,60123,328,1062
05-10-2020,14:45,60124,44,301
05-10-2020,14:45,60126,163,1122
05-10-2020,14:45,60130,80,588
05-10-2020,14:45,60131,211,777
05-10-2020,14:45,60133,371,1167
05-10-2020,14:45,60134,84,428
05-10-2020,14:45,60135,19,125
05-10-2020,14:45,60136,28,127
05-10-2020,14:45,60137,83,690
05-10-2020,14:45,60139,312,1079
05-10-2020,14:45,60140,46,311
05-10-2020,14:45,60141,7,174
05-10-2020,14:45,60142,48,512
05-10-2020,14:45,60143,95,442
05-10-2020,14:45,60146,6,25
05-10-2020,14:45,60148,164,1105
05-10-2020,14:45,60152,37,197
05-10-2020,14:45,60153,295,1203
05-10-2020,14:45,60154,131,738
05-10-2020,14:45,60155,119,383
05-10-2020,14:45,60156,73,467
05-10-2020,14:45,60157,6,44
05-10-2020,14:45,60160,398,1256
05-10-2020,14:45,60162,97,400
05-10-2020,14:45,60163,54,213
05-10-2020,14:45,60164,296,1359
05-10-2020,14:45,60165,111,252
05-10-2020,14:45,60169,222,760
05-10-2020,14:45,60171,65,375
05-10-2020,14:45,60172,137,553
05-10-2020,14:45,60173,44,199
05-10-2020,14:45,60174,77,831
05-10-2020,14:45,60175,40,418
05-10-2020,14:45,60176,85,379
05-10-2020,14:45,60177,154,467
05-10-2020,14:45,60178,22,299
05-10-2020,14:45,60181,148,702
05-10-2020,14:45,60185,335,1074
05-10-2020,14:45,60187,72,613
05-10-2020,14:45,60188,276,1127
05-10-2020,14:45,60189,55,530
05-10-2020,14:45,60190,23,327
05-10-2020,14:45,60191,98,400
05-10-2020,14:45,60192,30,245
05-10-2020,14:45,60193,128,710
05-10-2020,14:45,60194,74,401
05-10-2020,14:45,60195,8,66
05-10-2020,14:45,60201,232,1544
05-10-2020,14:45,60202,239,1342
05-10-2020,14:45,60203,21,146
05-10-2020,14:45,60301,16,99
05-10-2020,14:45,60302,142,1073
05-10-2020,14:45,60304,56,522
05-10-2020,14:45,60305,35,322
05-10-2020,14:45,60401,32,228
05-10-2020,14:45,60402,818,3087
05-10-2020,14:45,60403,116,687
05-10-2020,14:45,60404,76,570
05-10-2020,14:45,60406,278,1122
05-10-2020,14:45,60408,12,104
05-10-2020,14:45,60409,384,1818
05-10-2020,14:45,60410,24,288
05-10-2020,14:45,60411,622,2868
05-10-2020,14:45,60415,137,468
05-10-2020,14:45,60417,106,595
05-10-2020,14:45,60418,66,281
05-10-2020,14:45,60419,249,1261
05-10-2020,14:45,60421,6,74
05-10-2020,14:45,60422,65,440
05-10-2020,14:45,60423,103,676
05-10-2020,14:45,60425,94,591
05-10-2020,14:45,60426,310,1547
05-10-2020,14:45,60428,151,832
05-10-2020,14:45,60429,173,1087
05-10-2020,14:45,60430,206,967
05-10-2020,14:45,60431,120,834
05-10-2020,14:45,60432,171,676
05-10-2020,14:45,60433,163,595
05-10-2020,14:45,60434,133,86
05-10-2020,14:45,60435,437,2115
05-10-2020,14:45,60436,119,708
05-10-2020,14:45,60438,240,1152
05-10-2020,14:45,60439,59,506
05-10-2020,14:45,60440,546,2117
05-10-2020,14:45,60441,135,791
05-10-2020,14:45,60442,30,208
05-10-2020,14:45,60443,267,1222
05-10-2020,14:45,60445,101,631
05-10-2020,14:45,60446,296,1428
05-10-2020,14:45,60447,24,317
05-10-2020,14:45,60448,92,476
05-10-2020,14:45,60449,57,371
05-10-2020,14:45,60450,23,289
05-10-2020,14:45,60451,69,570
05-10-2020,14:45,60452,134,788
05-10-2020,14:45,60453,490,1828
05-10-2020,14:45,60455,221,889
05-10-2020,14:45,60456,35,159
05-10-2020,14:45,60457,89,338
05-10-2020,14:45,60458,82,478
05-10-2020,14:45,60459,248,953
05-10-2020,14:45,60461,46,284
05-10-2020,14:45,60462,183,1022
05-10-2020,14:45,60463,146,471
05-10-2020,14:45,60464,30,213
05-10-2020,14:45,60465,135,508
05-10-2020,14:45,60466,394,1554
05-10-2020,14:45,60467,112,579
05-10-2020,14:45,60468,20,111
05-10-2020,14:45,60469,36,223
05-10-2020,14:45,60471,162,753
05-10-2020,14:45,60472,49,299
05-10-2020,14:45,60473,277,1362
05-10-2020,14:45,60475,56,344
05-10-2020,14:45,60476,14,98
05-10-2020,14:45,60477,159,961
05-10-2020,14:45,60478,248,1227
05-10-2020,14:45,60480,22,149
05-10-2020,14:45,60481,17,211
05-10-2020,14:45,60482,60,304
05-10-2020,14:45,60484,78,349
05-10-2020,14:45,60487,95,604
05-10-2020,14:45,60490,105,630
05-10-2020,14:45,60491,99,493
05-10-2020,14:45,60501,165,473
05-10-2020,14:45,60502,48,344
05-10-2020,14:45,60503,35,228
05-10-2020,14:45,60504,149,739
05-10-2020,14:45,60505,788,1724
05-10-2020,14:45,60506,474,1921
05-10-2020,14:45,60510,55,515
05-10-2020,14:45,60513,97,753
05-10-2020,14:45,60514,29,260
05-10-2020,14:45,60515,54,480
05-10-2020,14:45,60516,77,539
05-10-2020,14:45,60517,137,804
05-10-2020,14:45,60521,163,621
05-10-2020,14:45,60523,65,363
05-10-2020,14:45,60525,183,1191
05-10-2020,14:45,60526,50,517
05-10-2020,14:45,60527,176,1075
05-10-2020,14:45,60532,76,499
05-10-2020,14:45,60534,88,404
05-10-2020,14:45,60538,138,553
05-10-2020,14:45,60540,76,815
05-10-2020,14:45,60542,59,404
05-10-2020,14:45,60543,136,634
05-10-2020,14:45,60544,107,800
05-10-2020,14:45,60545,75,326
05-10-2020,14:45,60546,97,663
05-10-2020,14:45,60548,35,199
05-10-2020,14:45,60551,16,60
05-10-2020,14:45,60552,6,70
05-10-2020,14:45,60554,21,194
05-10-2020,14:45,60555,61,321
05-10-2020,14:45,60558,24,284
05-10-2020,14:45,60559,201,720
05-10-2020,14:45,60560,51,343
05-10-2020,14:45,60561,81,607
05-10-2020,14:45,60563,106,818
05-10-2020,14:45,60564,90,734
05-10-2020,14:45,60565,138,702
05-10-2020,14:45,60585,51,418
05-10-2020,14:45,60586,209,1234
05-10-2020,14:45,60601,62,453
05-10-2020,14:45,60602,8,76
05-10-2020,14:45,60603,6,45
05-10-2020,14:45,60604,13,64
05-10-2020,14:45,60605,138,973
05-10-2020,14:45,60606,38,289
05-10-2020,14:45,60607,342,1254
05-10-2020,14:45,60608,1088,3737
05-10-2020,14:45,60609,994,2836
05-10-2020,14:45,60610,171,1229
05-10-2020,14:45,60611,106,1404
05-10-2020,14:45,60612,469,2430
05-10-2020,14:45,60613,305,1431
05-10-2020,14:45,60614,394,2265
05-10-2020,14:45,60615,276,1804
05-10-2020,14:45,60616,294,1916
05-10-2020,14:45,60617,685,3581
05-10-2020,14:45,60618,730,3075
05-10-2020,14:45,60619,674,3237
05-10-2020,14:45,60620,819,3492
05-10-2020,14:45,60621,372,1465
05-10-2020,14:45,60622,416,1916
05-10-2020,14:45,60623,2004,4587
05-10-2020,14:45,60624,555,2079
05-10-2020,14:45,60625,863,2819
05-10-2020,14:45,60626,663,2391
05-10-2020,14:45,60628,767,3117
05-10-2020,14:45,60629,1852,4794
05-10-2020,14:45,60630,481,2096
05-10-2020,14:45,60631,171,1427
05-10-2020,14:45,60632,1747,4071
05-10-2020,14:45,60633,195,1252
05-10-2020,14:45,60634,888,4153
05-10-2020,14:45,60636,474,1453
05-10-2020,14:45,60637,407,2593
05-10-2020,14:45,60638,718,2895
05-10-2020,14:45,60639,1969,4942
05-10-2020,14:45,60640,583,2426
05-10-2020,14:45,60641,812,2907
05-10-2020,14:45,60642,102,678
05-10-2020,14:45,60643,567,2871
05-10-2020,14:45,60644,788,3022
05-10-2020,14:45,60645,750,2597
05-10-2020,14:45,60646,255,1418
05-10-2020,14:45,60647,773,3044
05-10-2020,14:45,60649,562,2621
05-10-2020,14:45,60651,993,3099
05-10-2020,14:45,60652,566,1983
05-10-2020,14:45,60653,351,1793
05-10-2020,14:45,60654,107,602
05-10-2020,14:45,60655,196,1434
05-10-2020,14:45,60656,172,1208
05-10-2020,14:45,60657,242,1828
05-10-2020,14:45,60659,488,1536
05-10-2020,14:45,60660,280,1166
05-10-2020,14:45,60661,28,265
05-10-2020,14:45,60706,234,1309
05-10-2020,14:45,60707,506,2176
05-10-2020,14:45,60712,121,551
05-10-2020,14:45,60714,506,1589
05-10-2020,14:45,60803,158,731
05-10-2020,14:45,60804,1719,4681
05-10-2020,14:45,60805,176,641
05-10-2020,14:45,60827,235,1170
05-10-2020,14:45,60901,295,1578
05-10-2020,14:45,60912,6,16
05-10-2020,14:45,60914,86,735
05-10-2020,14:45,60915,33,308
05-10-2020,14:45,60922,10,77
05-10-2020,14:45,60927,39,111
05-10-2020,14:45,60928,6,13
05-10-2020,14:45,60950,51,279
05-10-2020,14:45,60954,17,252
05-10-2020,14:45,60955,10,32
05-10-2020,14:45,60958,18,68
05-10-2020,14:45,60964,17,102
05-10-2020,14:45,60970,8,141
05-10-2020,14:45,61008,174,567
05-10-2020,14:45,61016,17,115
05-10-2020,14:45,61021,53,523
05-10-2020,14:45,61032,86,400
05-10-2020,14:45,61054,6,85
05-10-2020,14:45,61064,9,55
05-10-2020,14:45,61065,14,139
05-10-2020,14:45,61068,107,771
05-10-2020,14:45,61071,25,159
05-10-2020,14:45,61072,15,131
05-10-2020,14:45,61073,14,233
05-10-2020,14:45,61080,15,113
05-10-2020,14:45,61081,56,264
05-10-2020,14:45,61084,6,26
05-10-2020,14:45,61088,6,90
05-10-2020,14:45,61101,125,758
05-10-2020,14:45,61102,106,605
05-10-2020,14:45,61103,91,649
05-10-2020,14:45,61104,125,483
05-10-2020,14:45,61107,68,556
05-10-2020,14:45,61108,128,624
05-10-2020,14:45,61109,102,606
05-10-2020,14:45,61111,31,356
05-10-2020,14:45,61114,34,236
05-10-2020,14:45,61115,30,344
05-10-2020,14:45,61201,137,594
05-10-2020,14:45,61235,8,43
05-10-2020,14:45,61240,8,74
05-10-2020,14:45,61241,13,112
05-10-2020,14:45,61244,133,429
05-10-2020,14:45,61252,8,53
05-10-2020,14:45,61254,7,182
05-10-2020,14:45,61264,18,174
05-10-2020,14:45,61265,162,812
05-10-2020,14:45,61270,6,82
05-10-2020,14:45,61275,8,57
05-10-2020,14:45,61282,31,139
05-10-2020,14:45,61341,30,179
05-10-2020,14:45,61342,14,108
05-10-2020,14:45,61350,12,269
05-10-2020,14:45,61356,6,149
05-10-2020,14:45,61401,61,772
05-10-2020,14:45,61410,6,52
05-10-2020,14:45,61443,16,205
05-10-2020,14:45,61455,40,396
05-10-2020,14:45,61462,92,331
05-10-2020,14:45,61525,6,128
05-10-2020,14:45,61548,6,141
05-10-2020,14:45,61554,17,651
05-10-2020,14:45,61603,22,538
05-10-2020,14:45,61604,24,782
05-10-2020,14:45,61605,10,401
05-10-2020,14:45,61610,6,85
05-10-2020,14:45,61611,18,416
05-10-2020,14:45,61614,42,567
05-10-2020,14:45,61615,18,464
05-10-2020,14:45,61701,37,943
05-10-2020,14:45,61704,20,738
05-10-2020,14:45,61705,9,279
05-10-2020,14:45,61761,35,846
05-10-2020,14:45,61764,10,206
05-10-2020,14:45,61801,22,525
05-10-2020,14:45,61802,31,650
05-10-2020,14:45,61820,37,562
05-10-2020,14:45,61821,35,801
05-10-2020,14:45,61822,30,600
05-10-2020,14:45,61832,15,436
05-10-2020,14:45,61853,11,313
05-10-2020,14:45,61866,71,589
05-10-2020,14:45,61874,10,195
05-10-2020,14:45,61910,6,64
05-10-2020,14:45,61920,12,189
05-10-2020,14:45,61938,9,225
05-10-2020,14:45,61953,9,118
05-10-2020,14:45,62002,67,343
05-10-2020,14:45,62010,9,83
05-10-2020,14:45,62024,7,54
05-10-2020,14:45,62025,101,458
05-10-2020,14:45,62034,48,162
05-10-2020,14:45,62035,17,115
05-10-2020,14:45,62040,63,399
05-10-2020,14:45,62052,13,67
05-10-2020,14:45,62056,12,150
05-10-2020,14:45,62060,16,56
05-10-2020,14:45,62062,6,152
05-10-2020,14:45,62069,8,67
05-10-2020,14:45,62088,6,201
05-10-2020,14:45,62090,8,15
05-10-2020,14:45,62095,11,92
05-10-2020,14:45,62201,12,57
05-10-2020,14:45,62203,26,110
05-10-2020,14:45,62204,32,115
05-10-2020,14:45,62205,35,125
05-10-2020,14:45,62206,68,292
05-10-2020,14:45,62207,46,121
05-10-2020,14:45,62208,40,169
05-10-2020,14:45,62220,84,191
05-10-2020,14:45,62221,60,256
05-10-2020,14:45,62223,41,150
05-10-2020,14:45,62226,93,469
05-10-2020,14:45,62230,6,83
05-10-2020,14:45,62231,64,240
05-10-2020,14:45,62232,9,56
05-10-2020,14:45,62233,82,298
05-10-2020,14:45,62234,38,268
05-10-2020,14:45,62236,36,108
05-10-2020,14:45,62239,11,35
05-10-2020,14:45,62249,10,102
05-10-2020,14:45,62254,19,92
05-10-2020,14:45,62257,8,42
05-10-2020,14:45,62258,14,75
05-10-2020,14:45,62265,10,158
05-10-2020,14:45,62269,61,258
05-10-2020,14:45,62272,44,114
05-10-2020,14:45,62274,9,91
05-10-2020,14:45,62278,15,95
05-10-2020,14:45,62285,6,34
05-10-2020,14:45,62286,27,190
05-10-2020,14:45,62288,31,133
05-10-2020,14:45,62294,16,98
05-10-2020,14:45,62295,7,14
05-10-2020,14:45,62298,37,156
05-10-2020,14:45,62301,20,401
05-10-2020,14:45,62305,15,113
05-10-2020,14:45,62353,6,175
05-10-2020,14:45,62448,37,208
05-10-2020,14:45,62454,7,104
05-10-2020,14:45,62471,16,114
05-10-2020,14:45,62521,87,601
05-10-2020,14:45,62522,22,125
05-10-2020,14:45,62526,27,287
05-10-2020,14:45,62565,9,62
05-10-2020,14:45,62568,25,229
05-10-2020,14:45,62618,51,433
05-10-2020,14:45,62629,10,287
05-10-2020,14:45,62650,24,426
05-10-2020,14:45,62656,9,384
05-10-2020,14:45,62664,9,77
05-10-2020,14:45,62675,6,138
05-10-2020,14:45,62681,6,115
05-10-2020,14:45,62684,63,278
05-10-2020,14:45,62702,48,951
05-10-2020,14:45,62703,46,781
05-10-2020,14:45,62704,33,915
05-10-2020,14:45,62707,11,176
05-10-2020,14:45,62711,18,412
05-10-2020,14:45,62801,50,548
05-10-2020,14:45,62832,16,213
05-10-2020,14:45,62864,83,576
05-10-2020,14:45,62882,6,60
05-10-2020,14:45,62901,93,567
05-10-2020,14:45,62902,12,77
05-10-2020,14:45,62906,33,243
05-10-2020,14:45,62907,12,45
05-10-2020,14:45,62918,10,165
05-10-2020,14:45,62920,20,97
05-10-2020,14:45,62948,6,213
05-10-2020,14:45,62959,23,511
05-10-2020,14:45,62966,41,355
05-10-2020,14:45,62992,22,62
05-09-2020,14:45,46324,6,90
05-09-2020,14:45,53142,6,116
05-09-2020,14:45,60002,65,461
05-09-2020,14:45,60004,182,1757
05-09-2020,14:45,60005,95,540
05-09-2020,14:45,60007,134,662
05-09-2020,14:45,60008,165,715
05-09-2020,14:45,60010,56,539
05-09-2020,14:45,60012,62,184
05-09-2020,14:45,60013,54,306
05-09-2020,14:45,60014,105,740
05-09-2020,14:45,60015,123,674
05-09-2020,14:45,60016,722,2142
05-09-2020,14:45,60018,312,988
05-09-2020,14:45,60020,22,198
05-09-2020,14:45,60021,10,78
05-09-2020,14:45,60022,23,207
05-09-2020,14:45,60025,231,1218
05-09-2020,14:45,60026,93,410
05-09-2020,14:45,60030,102,676
05-09-2020,14:45,60031,191,936
05-09-2020,14:45,60033,79,287
05-09-2020,14:45,60035,171,919
05-09-2020,14:45,60040,59,176
05-09-2020,14:45,60041,25,157
05-09-2020,14:45,60042,19,112
05-09-2020,14:45,60043,14,94
05-09-2020,14:45,60044,61,312
05-09-2020,14:45,60045,96,534
05-09-2020,14:45,60046,116,619
05-09-2020,14:45,60047,110,541
05-09-2020,14:45,60048,76,492
05-09-2020,14:45,60050,118,598
05-09-2020,14:45,60051,64,395
05-09-2020,14:45,60053,183,779
05-09-2020,14:45,60056,364,1332
05-09-2020,14:45,60060,244,811
05-09-2020,14:45,60061,104,478
05-09-2020,14:45,60062,220,1335
05-09-2020,14:45,60064,393,746
05-09-2020,14:45,60067,95,625
05-09-2020,14:45,60068,185,881
05-09-2020,14:45,60069,45,220
05-09-2020,14:45,60070,118,413
05-09-2020,14:45,60071,7,54
05-09-2020,14:45,60073,437,1411
05-09-2020,14:45,60074,208,857
05-09-2020,14:45,60076,320,1467
05-09-2020,14:45,60077,262,1206
05-09-2020,14:45,60079,9,23
05-09-2020,14:45,60081,30,149
05-09-2020,14:45,60083,62,229
05-09-2020,14:45,60084,103,269
05-09-2020,14:45,60085,1504,3021
05-09-2020,14:45,60087,393,1018
05-09-2020,14:45,60088,37,77
05-09-2020,14:45,60089,144,716
05-09-2020,14:45,60090,358,1141
05-09-2020,14:45,60091,111,788
05-09-2020,14:45,60093,106,622
05-09-2020,14:45,60096,20,116
05-09-2020,14:45,60097,25,196
05-09-2020,14:45,60098,202,697
05-09-2020,14:45,60099,314,919
05-09-2020,14:45,60101,402,1207
05-09-2020,14:45,60102,73,466
05-09-2020,14:45,60103,136,766
05-09-2020,14:45,60104,276,940
05-09-2020,14:45,60106,303,1018
05-09-2020,14:45,60107,277,1013
05-09-2020,14:45,60108,138,1101
05-09-2020,14:45,60109,11,267
05-09-2020,14:45,60110,270,710
05-09-2020,14:45,60112,15,83
05-09-2020,14:45,60115,64,625
05-09-2020,14:45,60118,38,209
05-09-2020,14:45,60119,17,168
05-09-2020,14:45,60120,504,1189
05-09-2020,14:45,60123,306,1007
05-09-2020,14:45,60124,44,296
05-09-2020,14:45,60126,160,1098
05-09-2020,14:45,60130,80,574
05-09-2020,14:45,60131,208,755
05-09-2020,14:45,60133,356,1036
05-09-2020,14:45,60134,83,407
05-09-2020,14:45,60135,19,121
05-09-2020,14:45,60136,27,125
05-09-2020,14:45,60137,83,677
05-09-2020,14:45,60139,304,1056
05-09-2020,14:45,60140,47,298
05-09-2020,14:45,60141,7,174
05-09-2020,14:45,60142,46,496
05-09-2020,14:45,60143,93,437
05-09-2020,14:45,60146,6,24
05-09-2020,14:45,60148,162,1074
05-09-2020,14:45,60152,37,190
05-09-2020,14:45,60153,290,1168
05-09-2020,14:45,60154,127,722
05-09-2020,14:45,60155,116,377
05-09-2020,14:45,60156,71,457
05-09-2020,14:45,60157,6,43
05-09-2020,14:45,60160,388,1199
05-09-2020,14:45,60162,95,393
05-09-2020,14:45,60163,54,211
05-09-2020,14:45,60164,290,1329
05-09-2020,14:45,60165,111,244
05-09-2020,14:45,60169,212,738
05-09-2020,14:45,60171,65,371
05-09-2020,14:45,60172,134,539
05-09-2020,14:45,60173,44,192
05-09-2020,14:45,60174,73,785
05-09-2020,14:45,60175,39,410
05-09-2020,14:45,60176,83,372
05-09-2020,14:45,60177,154,452
05-09-2020,14:45,60178,22,291
05-09-2020,14:45,60181,141,685
05-09-2020,14:45,60185,322,1027
05-09-2020,14:45,60187,72,602
05-09-2020,14:45,60188,272,1102
05-09-2020,14:45,60189,54,520
05-09-2020,14:45,60190,23,318
05-09-2020,14:45,60191,96,387
05-09-2020,14:45,60192,29,238
05-09-2020,14:45,60193,126,683
05-09-2020,14:45,60194,70,388
05-09-2020,14:45,60195,8,64
05-09-2020,14:45,60201,222,1499
05-09-2020,14:45,60202,232,1304
05-09-2020,14:45,60203,21,139
05-09-2020,14:45,60301,16,99
05-09-2020,14:45,60302,141,1053
05-09-2020,14:45,60304,55,510
05-09-2020,14:45,60305,35,317
05-09-2020,14:45,60401,32,220
05-09-2020,14:45,60402,801,2950
05-09-2020,14:45,60403,113,668
05-09-2020,14:45,60404,76,556
05-09-2020,14:45,60406,272,1097
05-09-2020,14:45,60408,12,101
05-09-2020,14:45,60409,371,1761
05-09-2020,14:45,60410,24,280
05-09-2020,14:45,60411,612,2778
05-09-2020,14:45,60415,136,461
05-09-2020,14:45,60417,104,576
05-09-2020,14:45,60418,63,272
05-09-2020,14:45,60419,248,1223
05-09-2020,14:45,60421,6,72
05-09-2020,14:45,60422,64,430
05-09-2020,14:45,60423,102,663
05-09-2020,14:45,60425,93,580
05-09-2020,14:45,60426,305,1505
05-09-2020,14:45,60428,150,815
05-09-2020,14:45,60429,168,1059
05-09-2020,14:45,60430,204,951
05-09-2020,14:45,60431,120,818
05-09-2020,14:45,60432,167,653
05-09-2020,14:45,60433,159,580
05-09-2020,14:45,60434,133,84
05-09-2020,14:45,60435,433,2057
05-09-2020,14:45,60436,117,688
05-09-2020,14:45,60438,237,1125
05-09-2020,14:45,60439,59,496
05-09-2020,14:45,60440,540,2084
05-09-2020,14:45,60441,135,777
05-09-2020,14:45,60442,30,207
05-09-2020,14:45,60443,266,1205
05-09-2020,14:45,60445,100,619
05-09-2020,14:45,60446,289,1382
05-09-2020,14:45,60447,24,310
05-09-2020,14:45,60448,92,462
05-09-2020,14:45,60449,57,361
05-09-2020,14:45,60450,23,273
05-09-2020,14:45,60451,68,562
05-09-2020,14:45,60452,131,765
05-09-2020,14:45,60453,486,1787
05-09-2020,14:45,60455,218,876
05-09-2020,14:45,60456,34,157
05-09-2020,14:45,60457,88,330
05-09-2020,14:45,60458,78,465
05-09-2020,14:45,60459,245,916
05-09-2020,14:45,60461,46,277
05-09-2020,14:45,60462,182,995
05-09-2020,14:45,60463,146,462
05-09-2020,14:45,60464,30,205
05-09-2020,14:45,60465,126,478
05-09-2020,14:45,60466,394,1498
05-09-2020,14:45,60467,109,558
05-09-2020,14:45,60468,19,106
05-09-2020,14:45,60469,36,218
05-09-2020,14:45,60471,161,733
05-09-2020,14:45,60472,47,292
05-09-2020,14:45,60473,273,1325
05-09-2020,14:45,60475,56,339
05-09-2020,14:45,60476,14,96
05-09-2020,14:45,60477,157,944
05-09-2020,14:45,60478,242,1210
05-09-2020,14:45,60480,21,146
05-09-2020,14:45,60481,16,203
05-09-2020,14:45,60482,58,297
05-09-2020,14:45,60484,77,343
05-09-2020,14:45,60487,94,595
05-09-2020,14:45,60490,102,622
05-09-2020,14:45,60491,98,482
05-09-2020,14:45,60501,159,465
05-09-2020,14:45,60502,43,329
05-09-2020,14:45,60503,34,225
05-09-2020,14:45,60504,140,700
05-09-2020,14:45,60505,749,1584
05-09-2020,14:45,60506,412,1663
05-09-2020,14:45,60510,54,492
05-09-2020,14:45,60513,92,731
05-09-2020,14:45,60514,28,255
05-09-2020,14:45,60515,49,474
05-09-2020,14:45,60516,75,527
05-09-2020,14:45,60517,135,782
05-09-2020,14:45,60521,161,614
05-09-2020,14:45,60523,64,349
05-09-2020,14:45,60525,181,1159
05-09-2020,14:45,60526,50,505
05-09-2020,14:45,60527,173,1056
05-09-2020,14:45,60532,76,487
05-09-2020,14:45,60534,86,380
05-09-2020,14:45,60538,128,513
05-09-2020,14:45,60540,75,804
05-09-2020,14:45,60542,56,384
05-09-2020,14:45,60543,116,570
05-09-2020,14:45,60544,105,778
05-09-2020,14:45,60545,70,304
05-09-2020,14:45,60546,94,634
05-09-2020,14:45,60548,29,190
05-09-2020,14:45,60551,16,56
05-09-2020,14:45,60552,6,63
05-09-2020,14:45,60554,20,185
05-09-2020,14:45,60555,60,309
05-09-2020,14:45,60558,23,273
05-09-2020,14:45,60559,195,690
05-09-2020,14:45,60560,48,323
05-09-2020,14:45,60561,79,593
05-09-2020,14:45,60563,105,795
05-09-2020,14:45,60564,88,711
05-09-2020,14:45,60565,116,690
05-09-2020,14:45,60585,51,408
05-09-2020,14:45,60586,208,1203
05-09-2020,14:45,60601,62,442
05-09-2020,14:45,60602,8,75
05-09-2020,14:45,60603,6,45
05-09-2020,14:45,60604,13,63
05-09-2020,14:45,60605,138,957
05-09-2020,14:45,60606,38,284
05-09-2020,14:45,60607,323,1234
05-09-2020,14:45,60608,1070,3622
05-09-2020,14:45,60609,985,2759
05-09-2020,14:45,60610,167,1206
05-09-2020,14:45,60611,105,1342
05-09-2020,14:45,60612,460,2386
05-09-2020,14:45,60613,303,1404
05-09-2020,14:45,60614,383,2186
05-09-2020,14:45,60615,270,1748
05-09-2020,14:45,60616,291,1874
05-09-2020,14:45,60617,678,3504
05-09-2020,14:45,60618,717,3001
05-09-2020,14:45,60619,666,3144
05-09-2020,14:45,60620,811,3424
05-09-2020,14:45,60621,372,1407
05-09-2020,14:45,60622,407,1881
05-09-2020,14:45,60623,1966,4417
05-09-2020,14:45,60624,538,2008
05-09-2020,14:45,60625,858,2744
05-09-2020,14:45,60626,655,2330
05-09-2020,14:45,60628,756,3042
05-09-2020,14:45,60629,1811,4607
05-09-2020,14:45,60630,472,2044
05-09-2020,14:45,60631,168,1404
05-09-2020,14:45,60632,1706,3941
05-09-2020,14:45,60633,195,1244
05-09-2020,14:45,60634,872,4064
05-09-2020,14:45,60636,463,1397
05-09-2020,14:45,60637,397,2506
05-09-2020,14:45,60638,733,2819
05-09-2020,14:45,60639,1921,4784
05-09-2020,14:45,60640,580,2355
05-09-2020,14:45,60641,793,2829
05-09-2020,14:45,60642,99,661
05-09-2020,14:45,60643,565,2833
05-09-2020,14:45,60644,778,2851
05-09-2020,14:45,60645,743,2553
05-09-2020,14:45,60646,253,1400
05-09-2020,14:45,60647,751,2956
05-09-2020,14:45,60649,555,2551
05-09-2020,14:45,60651,963,3003
05-09-2020,14:45,60652,550,1942
05-09-2020,14:45,60653,348,1742
05-09-2020,14:45,60654,107,590
05-09-2020,14:45,60655,195,1411
05-09-2020,14:45,60656,169,1189
05-09-2020,14:45,60657,241,1802
05-09-2020,14:45,60659,479,1485
05-09-2020,14:45,60660,276,1138
05-09-2020,14:45,60661,28,261
05-09-2020,14:45,60706,231,1147
05-09-2020,14:45,60707,498,2119
05-09-2020,14:45,60712,120,540
05-09-2020,14:45,60714,501,1564
05-09-2020,14:45,60803,154,711
05-09-2020,14:45,60804,1650,4469
05-09-2020,14:45,60805,175,624
05-09-2020,14:45,60827,230,1133
05-09-2020,14:45,60901,276,1482
05-09-2020,14:45,60912,6,15
05-09-2020,14:45,60914,80,725
05-09-2020,14:45,60915,31,300
05-09-2020,14:45,60922,10,70
05-09-2020,14:45,60927,39,107
05-09-2020,14:45,60950,25,274
05-09-2020,14:45,60954,15,247
05-09-2020,14:45,60955,9,26
05-09-2020,14:45,60958,16,66
05-09-2020,14:45,60964,16,94
05-09-2020,14:45,61008,166,510
05-09-2020,14:45,61016,17,110
05-09-2020,14:45,61021,53,517
05-09-2020,14:45,61032,77,378
05-09-2020,14:45,61064,9,55
05-09-2020,14:45,61065,14,135
05-09-2020,14:45,61068,107,769
05-09-2020,14:45,61071,24,144
05-09-2020,14:45,61072,15,128
05-09-2020,14:45,61073,14,228
05-09-2020,14:45,61080,15,108
05-09-2020,14:45,61081,55,247
05-09-2020,14:45,61084,6,26
05-09-2020,14:45,61088,6,82
05-09-2020,14:45,61101,110,710
05-09-2020,14:45,61102,104,565
05-09-2020,14:45,61103,85,617
05-09-2020,14:45,61104,119,466
05-09-2020,14:45,61107,67,534
05-09-2020,14:45,61108,124,598
05-09-2020,14:45,61109,98,578
05-09-2020,14:45,61111,29,333
05-09-2020,14:45,61114,34,228
05-09-2020,14:45,61115,30,333
05-09-2020,14:45,61201,136,577
05-09-2020,14:45,61235,8,43
05-09-2020,14:45,61240,6,70
05-09-2020,14:45,61241,13,109
05-09-2020,14:45,61244,132,405
05-09-2020,14:45,61252,8,53
05-09-2020,14:45,61254,7,182
05-09-2020,14:45,61264,17,161
05-09-2020,14:45,61265,160,777
05-09-2020,14:45,61270,6,81
05-09-2020,14:45,61275,8,54
05-09-2020,14:45,61282,31,134
05-09-2020,14:45,61341,27,174
05-09-2020,14:45,61342,14,105
05-09-2020,14:45,61350,12,256
05-09-2020,14:45,61356,6,137
05-09-2020,14:45,61401,59,684
05-09-2020,14:45,61410,6,46
05-09-2020,14:45,61443,16,197
05-09-2020,14:45,61455,40,376
05-09-2020,14:45,61462,88,269
05-09-2020,14:45,61525,6,115
05-09-2020,14:45,61548,6,131
05-09-2020,14:45,61554,17,592
05-09-2020,14:45,61603,21,485
05-09-2020,14:45,61604,25,707
05-09-2020,14:45,61605,10,389
05-09-2020,14:45,61610,6,76
05-09-2020,14:45,61611,18,390
05-09-2020,14:45,61614,39,503
05-09-2020,14:45,61615,18,425
05-09-2020,14:45,61701,37,929
05-09-2020,14:45,61704,19,728
05-09-2020,14:45,61705,9,275
05-09-2020,14:45,61761,34,839
05-09-2020,14:45,61764,10,194
05-09-2020,14:45,61801,22,509
05-09-2020,14:45,61802,29,624
05-09-2020,14:45,61820,37,549
05-09-2020,14:45,61821,31,755
05-09-2020,14:45,61822,30,584
05-09-2020,14:45,61832,15,416
05-09-2020,14:45,61853,11,294
05-09-2020,14:45,61866,70,568
05-09-2020,14:45,61874,10,191
05-09-2020,14:45,61910,6,60
05-09-2020,14:45,61920,11,185
05-09-2020,14:45,61938,9,221
05-09-2020,14:45,61953,9,111
05-09-2020,14:45,62002,66,326
05-09-2020,14:45,62010,8,71
05-09-2020,14:45,62024,7,49
05-09-2020,14:45,62025,101,448
05-09-2020,14:45,62034,46,160
05-09-2020,14:45,62035,15,111
05-09-2020,14:45,62040,62,387
05-09-2020,14:45,62052,12,62
05-09-2020,14:45,62056,12,146
05-09-2020,14:45,62060,15,54
05-09-2020,14:45,62062,6,142
05-09-2020,14:45,62069,8,64
05-09-2020,14:45,62088,6,196
05-09-2020,14:45,62090,8,14
05-09-2020,14:45,62095,10,92
05-09-2020,14:45,62201,12,55
05-09-2020,14:45,62203,24,90
05-09-2020,14:45,62204,32,101
05-09-2020,14:45,62205,34,112
05-09-2020,14:45,62206,67,277
05-09-2020,14:45,62207,45,107
05-09-2020,14:45,62208,39,157
05-09-2020,14:45,62220,76,182
05-09-2020,14:45,62221,59,236
05-09-2020,14:45,62223,39,136
05-09-2020,14:45,62226,89,447
05-09-2020,14:45,62230,6,81
05-09-2020,14:45,62231,64,237
05-09-2020,14:45,62232,8,52
05-09-2020,14:45,62233,81,290
05-09-2020,14:45,62234,34,260
05-09-2020,14:45,62236,36,104
05-09-2020,14:45,62239,11,27
05-09-2020,14:45,62249,10,95
05-09-2020,14:45,62254,19,86
05-09-2020,14:45,62257,8,42
05-09-2020,14:45,62258,14,74
05-09-2020,14:45,62265,10,156
05-09-2020,14:45,62269,61,249
05-09-2020,14:45,62272,44,113
05-09-2020,14:45,62274,9,88
05-09-2020,14:45,62278,14,92
05-09-2020,14:45,62285,6,32
05-09-2020,14:45,62286,27,183
05-09-2020,14:45,62288,30,130
05-09-2020,14:45,62294,16,95
05-09-2020,14:45,62295,7,14
05-09-2020,14:45,62298,37,152
05-09-2020,14:45,62301,20,390
05-09-2020,14:45,62305,15,111
05-09-2020,14:45,62353,6,158
05-09-2020,14:45,62448,37,207
05-09-2020,14:45,62454,7,104
05-09-2020,14:45,62471,16,101
05-09-2020,14:45,62521,86,582
05-09-2020,14:45,62522,21,116
05-09-2020,14:45,62526,25,262
05-09-2020,14:45,62565,9,59
05-09-2020,14:45,62568,25,222
05-09-2020,14:45,62618,51,419
05-09-2020,14:45,62629,10,270
05-09-2020,14:45,62650,24,411
05-09-2020,14:45,62656,9,380
05-09-2020,14:45,62664,9,74
05-09-2020,14:45,62675,6,132
05-09-2020,14:45,62681,6,109
05-09-2020,14:45,62684,63,271
05-09-2020,14:45,62702,48,917
05-09-2020,14:45,62703,45,738
05-09-2020,14:45,62704,33,873
05-09-2020,14:45,62707,11,171
05-09-2020,14:45,62711,17,333
05-09-2020,14:45,62801,50,524
05-09-2020,14:45,62832,14,201
05-09-2020,14:45,62864,82,545
05-09-2020,14:45,62901,90,531
05-09-2020,14:45,62902,12,75
05-09-2020,14:45,62906,32,223
05-09-2020,14:45,62907,12,42
05-09-2020,14:45,62918,10,154
05-09-2020,14:45,62920,20,87
05-09-2020,14:45,62948,6,209
05-09-2020,14:45,62959,23,493
05-09-2020,14:45,62966,40,339
05-09-2020,14:45,62992,22,61
05-08-2020,14:45,53142,6,111
05-08-2020,14:45,60002,65,443
05-08-2020,14:45,60004,178,1723
05-08-2020,14:45,60005,90,522
05-08-2020,14:45,60007,125,643
05-08-2020,14:45,60008,161,499
05-08-2020,14:45,60010,54,524
05-08-2020,14:45,60012,59,174
05-08-2020,14:45,60013,53,295
05-08-2020,14:45,60014,99,717
05-08-2020,14:45,60015,117,660
05-08-2020,14:45,60016,707,2086
05-08-2020,14:45,60018,306,956
05-08-2020,14:45,60020,22,192
05-08-2020,14:45,60021,10,78
05-08-2020,14:45,60022,23,203
05-08-2020,14:45,60025,227,1180
05-08-2020,14:45,60026,93,403
05-08-2020,14:45,60030,97,645
05-08-2020,14:45,60031,189,878
05-08-2020,14:45,60033,73,269
05-08-2020,14:45,60035,167,901
05-08-2020,14:45,60040,55,169
05-08-2020,14:45,60041,25,153
05-08-2020,14:45,60042,18,110
05-08-2020,14:45,60043,14,93
05-08-2020,14:45,60044,61,299
05-08-2020,14:45,60045,97,520
05-08-2020,14:45,60046,111,589
05-08-2020,14:45,60047,105,526
05-08-2020,14:45,60048,73,469
05-08-2020,14:45,60050,114,568
05-08-2020,14:45,60051,64,379
05-08-2020,14:45,60053,180,762
05-08-2020,14:45,60056,352,1301
05-08-2020,14:45,60060,244,776
05-08-2020,14:45,60061,102,461
05-08-2020,14:45,60062,216,1304
05-08-2020,14:45,60064,374,697
05-08-2020,14:45,60067,92,611
05-08-2020,14:45,60068,180,845
05-08-2020,14:45,60069,45,214
05-08-2020,14:45,60070,117,400
05-08-2020,14:45,60071,7,52
05-08-2020,14:45,60073,401,1316
05-08-2020,14:45,60074,200,841
05-08-2020,14:45,60076,317,1422
05-08-2020,14:45,60077,256,1180
05-08-2020,14:45,60079,6,19
05-08-2020,14:45,60081,29,142
05-08-2020,14:45,60083,59,203
05-08-2020,14:45,60084,101,254
05-08-2020,14:45,60085,1437,2772
05-08-2020,14:45,60087,371,915
05-08-2020,14:45,60088,37,74
05-08-2020,14:45,60089,138,691
05-08-2020,14:45,60090,349,1104
05-08-2020,14:45,60091,111,779
05-08-2020,14:45,60093,105,614
05-08-2020,14:45,60096,20,109
05-08-2020,14:45,60097,24,186
05-08-2020,14:45,60098,190,666
05-08-2020,14:45,60099,301,839
05-08-2020,14:45,60101,390,1157
05-08-2020,14:45,60102,72,449
05-08-2020,14:45,60103,133,747
05-08-2020,14:45,60104,271,905
05-08-2020,14:45,60106,297,994
05-08-2020,14:45,60107,267,965
05-08-2020,14:45,60108,135,1062
05-08-2020,14:45,60109,11,259
05-08-2020,14:45,60110,255,665
05-08-2020,14:45,60112,15,78
05-08-2020,14:45,60115,61,588
05-08-2020,14:45,60118,34,199
05-08-2020,14:45,60119,17,161
05-08-2020,14:45,60120,464,1103
05-08-2020,14:45,60123,288,955
05-08-2020,14:45,60124,40,285
05-08-2020,14:45,60126,158,1055
05-08-2020,14:45,60130,78,549
05-08-2020,14:45,60131,203,728
05-08-2020,14:45,60133,341,991
05-08-2020,14:45,60134,81,388
05-08-2020,14:45,60135,18,111
05-08-2020,14:45,60136,26,120
05-08-2020,14:45,60137,82,654
05-08-2020,14:45,60139,294,1013
05-08-2020,14:45,60140,44,288
05-08-2020,14:45,60141,7,163
05-08-2020,14:45,60142,47,479
05-08-2020,14:45,60143,88,428
05-08-2020,14:45,60148,158,1031
05-08-2020,14:45,60152,36,182
05-08-2020,14:45,60153,283,1125
05-08-2020,14:45,60154,124,693
05-08-2020,14:45,60155,115,364
05-08-2020,14:45,60156,68,442
05-08-2020,14:45,60157,6,41
05-08-2020,14:45,60160,368,1138
05-08-2020,14:45,60162,95,381
05-08-2020,14:45,60163,54,201
05-08-2020,14:45,60164,267,1256
05-08-2020,14:45,60165,107,234
05-08-2020,14:45,60169,207,719
05-08-2020,14:45,60171,65,354
05-08-2020,14:45,60172,133,526
05-08-2020,14:45,60173,41,187
05-08-2020,14:45,60174,69,748
05-08-2020,14:45,60175,38,394
05-08-2020,14:45,60176,79,354
05-08-2020,14:45,60177,150,415
05-08-2020,14:45,60178,22,283
05-08-2020,14:45,60181,136,651
05-08-2020,14:45,60185,308,978
05-08-2020,14:45,60187,68,585
05-08-2020,14:45,60188,264,1054
05-08-2020,14:45,60189,54,494
05-08-2020,14:45,60190,22,306
05-08-2020,14:45,60191,94,368
05-08-2020,14:45,60192,27,235
05-08-2020,14:45,60193,121,668
05-08-2020,14:45,60194,69,382
05-08-2020,14:45,60195,8,62
05-08-2020,14:45,60201,221,1475
05-08-2020,14:45,60202,224,1275
05-08-2020,14:45,60203,21,136
05-08-2020,14:45,60301,16,97
05-08-2020,14:45,60302,139,1037
05-08-2020,14:45,60304,52,497
05-08-2020,14:45,60305,35,310
05-08-2020,14:45,60401,32,218
05-08-2020,14:45,60402,768,2789
05-08-2020,14:45,60403,105,642
05-08-2020,14:45,60404,76,530
05-08-2020,14:45,60406,265,1045
05-08-2020,14:45,60408,12,97
05-08-2020,14:45,60409,365,1718
05-08-2020,14:45,60410,24,267
05-08-2020,14:45,60411,594,2708
05-08-2020,14:45,60415,135,451
05-08-2020,14:45,60417,104,560
05-08-2020,14:45,60418,61,265
05-08-2020,14:45,60419,246,1193
05-08-2020,14:45,60421,6,72
05-08-2020,14:45,60422,64,422
05-08-2020,14:45,60423,102,644
05-08-2020,14:45,60425,92,575
05-08-2020,14:45,60426,301,1462
05-08-2020,14:45,60428,146,798
05-08-2020,14:45,60429,167,1043
05-08-2020,14:45,60430,204,930
05-08-2020,14:45,60431,119,791
05-08-2020,14:45,60432,161,627
05-08-2020,14:45,60433,157,554
05-08-2020,14:45,60434,133,82
05-08-2020,14:45,60435,421,1989
05-08-2020,14:45,60436,113,656
05-08-2020,14:45,60438,238,1096
05-08-2020,14:45,60439,58,479
05-08-2020,14:45,60440,529,2037
05-08-2020,14:45,60441,136,758
05-08-2020,14:45,60442,29,199
05-08-2020,14:45,60443,265,1185
05-08-2020,14:45,60445,96,594
05-08-2020,14:45,60446,284,1342
05-08-2020,14:45,60447,24,305
05-08-2020,14:45,60448,92,450
05-08-2020,14:45,60449,56,358
05-08-2020,14:45,60450,22,268
05-08-2020,14:45,60451,68,545
05-08-2020,14:45,60452,129,740
05-08-2020,14:45,60453,468,1718
05-08-2020,14:45,60455,212,856
05-08-2020,14:45,60456,33,153
05-08-2020,14:45,60457,85,316
05-08-2020,14:45,60458,75,452
05-08-2020,14:45,60459,239,880
05-08-2020,14:45,60461,46,276
05-08-2020,14:45,60462,174,960
05-08-2020,14:45,60463,145,454
05-08-2020,14:45,60464,29,196
05-08-2020,14:45,60465,118,457
05-08-2020,14:45,60466,388,1468
05-08-2020,14:45,60467,106,542
05-08-2020,14:45,60468,19,102
05-08-2020,14:45,60469,36,206
05-08-2020,14:45,60471,152,722
05-08-2020,14:45,60472,47,285
05-08-2020,14:45,60473,271,1307
05-08-2020,14:45,60475,55,331
05-08-2020,14:45,60476,14,93
05-08-2020,14:45,60477,153,920
05-08-2020,14:45,60478,240,1181
05-08-2020,14:45,60480,21,144
05-08-2020,14:45,60481,15,202
05-08-2020,14:45,60482,58,294
05-08-2020,14:45,60484,77,337
05-08-2020,14:45,60487,91,576
05-08-2020,14:45,60490,99,607
05-08-2020,14:45,60491,95,469
05-08-2020,14:45,60501,160,444
05-08-2020,14:45,60502,39,314
05-08-2020,14:45,60503,33,218
05-08-2020,14:45,60504,136,671
05-08-2020,14:45,60505,698,1492
05-08-2020,14:45,60506,395,1578
05-08-2020,14:45,60510,54,470
05-08-2020,14:45,60513,92,702
05-08-2020,14:45,60514,28,252
05-08-2020,14:45,60515,48,458
05-08-2020,14:45,60516,74,503
05-08-2020,14:45,60517,132,750
05-08-2020,14:45,60521,160,608
05-08-2020,14:45,60523,61,333
05-08-2020,14:45,60525,168,1117
05-08-2020,14:45,60526,51,490
05-08-2020,14:45,60527,170,1022
05-08-2020,14:45,60532,75,469
05-08-2020,14:45,60534,83,368
05-08-2020,14:45,60538,117,495
05-08-2020,14:45,60540,73,781
05-08-2020,14:45,60542,54,367
05-08-2020,14:45,60543,112,555
05-08-2020,14:45,60544,104,757
05-08-2020,14:45,60545,68,291
05-08-2020,14:45,60546,93,622
05-08-2020,14:45,60548,26,177
05-08-2020,14:45,60551,16,56
05-08-2020,14:45,60552,6,61
05-08-2020,14:45,60554,20,174
05-08-2020,14:45,60555,59,294
05-08-2020,14:45,60558,19,264
05-08-2020,14:45,60559,182,646
05-08-2020,14:45,60560,46,315
05-08-2020,14:45,60561,79,572
05-08-2020,14:45,60563,101,763
05-08-2020,14:45,60564,86,692
05-08-2020,14:45,60565,113,667
05-08-2020,14:45,60585,51,397
05-08-2020,14:45,60586,200,1173
05-08-2020,14:45,60601,62,433
05-08-2020,14:45,60602,8,69
05-08-2020,14:45,60603,6,45
05-08-2020,14:45,60604,12,57
05-08-2020,14:45,60605,137,942
05-08-2020,14:45,60606,39,276
05-08-2020,14:45,60607,321,1213
05-08-2020,14:45,60608,1030,3426
05-08-2020,14:45,60609,941,2652
05-08-2020,14:45,60610,162,1172
05-08-2020,14:45,60611,104,1306
05-08-2020,14:45,60612,455,2317
05-08-2020,14:45,60613,299,1367
05-08-2020,14:45,60614,373,2102
05-08-2020,14:45,60615,268,1703
05-08-2020,14:45,60616,285,1823
05-08-2020,14:45,60617,659,3398
05-08-2020,14:45,60618,685,2906
05-08-2020,14:45,60619,662,3047
05-08-2020,14:45,60620,798,3320
05-08-2020,14:45,60621,363,1344
05-08-2020,14:45,60622,398,1832
05-08-2020,14:45,60623,1875,4158
05-08-2020,14:45,60624,522,1941
05-08-2020,14:45,60625,841,2665
05-08-2020,14:45,60626,634,2229
05-08-2020,14:45,60628,748,2944
05-08-2020,14:45,60629,1740,4390
05-08-2020,14:45,60630,458,1969
05-08-2020,14:45,60631,163,1353
05-08-2020,14:45,60632,1631,3747
05-08-2020,14:45,60633,194,1226
05-08-2020,14:45,60634,853,3920
05-08-2020,14:45,60636,455,1328
05-08-2020,14:45,60637,388,2413
05-08-2020,14:45,60638,712,2725
05-08-2020,14:45,60639,1852,4530
05-08-2020,14:45,60640,563,2256
05-08-2020,14:45,60641,769,2726
05-08-2020,14:45,60642,97,642
05-08-2020,14:45,60643,557,2764
05-08-2020,14:45,60644,760,2667
05-08-2020,14:45,60645,729,2492
05-08-2020,14:45,60646,246,1362
05-08-2020,14:45,60647,724,2864
05-08-2020,14:45,60649,540,2383
05-08-2020,14:45,60651,931,2891
05-08-2020,14:45,60652,542,1870
05-08-2020,14:45,60653,341,1685
05-08-2020,14:45,60654,106,575
05-08-2020,14:45,60655,192,1389
05-08-2020,14:45,60656,163,1157
05-08-2020,14:45,60657,238,1780
05-08-2020,14:45,60659,466,1448
05-08-2020,14:45,60660,269,1111
05-08-2020,14:45,60661,28,254
05-08-2020,14:45,60706,224,1093
05-08-2020,14:45,60707,485,2022
05-08-2020,14:45,60712,119,526
05-08-2020,14:45,60714,487,1523
05-08-2020,14:45,60803,152,698
05-08-2020,14:45,60804,1562,4180
05-08-2020,14:45,60805,167,609
05-08-2020,14:45,60827,228,1112
05-08-2020,14:45,60901,261,1403
05-08-2020,14:45,60912,6,15
05-08-2020,14:45,60914,76,719
05-08-2020,14:45,60915,31,298
05-08-2020,14:45,60922,10,69
05-08-2020,14:45,60927,38,105
05-08-2020,14:45,60950,25,271
05-08-2020,14:45,60954,15,246
05-08-2020,14:45,60955,7,26
05-08-2020,14:45,60958,16,64
05-08-2020,14:45,60964,15,92
05-08-2020,14:45,61008,159,477
05-08-2020,14:45,61016,16,106
05-08-2020,14:45,61021,53,491
05-08-2020,14:45,61032,73,346
05-08-2020,14:45,61064,9,53
05-08-2020,14:45,61065,13,131
05-08-2020,14:45,61068,102,755
05-08-2020,14:45,61071,24,134
05-08-2020,14:45,61072,15,113
05-08-2020,14:45,61073,14,209
05-08-2020,14:45,61080,14,99
05-08-2020,14:45,61081,55,239
05-08-2020,14:45,61084,6,26
05-08-2020,14:45,61101,104,651
05-08-2020,14:45,61102,102,532
05-08-2020,14:45,61103,84,577
05-08-2020,14:45,61104,114,430
05-08-2020,14:45,61107,60,474
05-08-2020,14:45,61108,115,545
05-08-2020,14:45,61109,92,532
05-08-2020,14:45,61111,26,309
05-08-2020,14:45,61114,33,212
05-08-2020,14:45,61115,26,303
05-08-2020,14:45,61201,134,550
05-08-2020,14:45,61235,8,41
05-08-2020,14:45,61240,6,66
05-08-2020,14:45,61241,13,106
05-08-2020,14:45,61244,130,394
05-08-2020,14:45,61252,8,53
05-08-2020,14:45,61254,7,176
05-08-2020,14:45,61264,15,153
05-08-2020,14:45,61265,157,749
05-08-2020,14:45,61270,6,79
05-08-2020,14:45,61275,8,51
05-08-2020,14:45,61282,31,129
05-08-2020,14:45,61341,21,117
05-08-2020,14:45,61342,14,104
05-08-2020,14:45,61350,10,242
05-08-2020,14:45,61356,7,129
05-08-2020,14:45,61401,57,646
05-08-2020,14:45,61410,6,44
05-08-2020,14:45,61443,17,184
05-08-2020,14:45,61455,39,334
05-08-2020,14:45,61462,85,251
05-08-2020,14:45,61525,6,109
05-08-2020,14:45,61548,6,125
05-08-2020,14:45,61554,17,552
05-08-2020,14:45,61603,19,450
05-08-2020,14:45,61604,24,652
05-08-2020,14:45,61605,10,367
05-08-2020,14:45,61610,6,68
05-08-2020,14:45,61611,18,364
05-08-2020,14:45,61614,39,480
05-08-2020,14:45,61615,18,398
05-08-2020,14:45,61701,37,907
05-08-2020,14:45,61704,18,708
05-08-2020,14:45,61705,8,268
05-08-2020,14:45,61761,33,811
05-08-2020,14:45,61764,10,189
05-08-2020,14:45,61801,22,491
05-08-2020,14:45,61802,29,590
05-08-2020,14:45,61820,37,527
05-08-2020,14:45,61821,31,718
05-08-2020,14:45,61822,30,558
05-08-2020,14:45,61832,15,410
05-08-2020,14:45,61853,11,281
05-08-2020,14:45,61866,61,525
05-08-2020,14:45,61874,10,177
05-08-2020,14:45,61910,6,59
05-08-2020,14:45,61920,10,178
05-08-2020,14:45,61938,9,217
05-08-2020,14:45,61953,9,110
05-08-2020,14:45,62002,63,282
05-08-2020,14:45,62010,8,63
05-08-2020,14:45,62024,7,42
05-08-2020,14:45,62025,100,425
05-08-2020,14:45,62034,46,159
05-08-2020,14:45,62035,13,101
05-08-2020,14:45,62040,62,364
05-08-2020,14:45,62052,12,59
05-08-2020,14:45,62056,12,138
05-08-2020,14:45,62060,15,52
05-08-2020,14:45,62062,6,140
05-08-2020,14:45,62069,8,59
05-08-2020,14:45,62088,6,191
05-08-2020,14:45,62090,8,13
05-08-2020,14:45,62095,10,86
05-08-2020,14:45,62201,12,47
05-08-2020,14:45,62203,24,72
05-08-2020,14:45,62204,31,76
05-08-2020,14:45,62205,32,86
05-08-2020,14:45,62206,62,263
05-08-2020,14:45,62207,38,84
05-08-2020,14:45,62208,38,148
05-08-2020,14:45,62220,65,174
05-08-2020,14:45,62221,57,219
05-08-2020,14:45,62223,38,122
05-08-2020,14:45,62226,83,430
05-08-2020,14:45,62230,6,73
05-08-2020,14:45,62231,63,228
05-08-2020,14:45,62232,8,52
05-08-2020,14:45,62233,76,274
05-08-2020,14:45,62234,32,245
05-08-2020,14:45,62236,36,102
05-08-2020,14:45,62239,10,24
05-08-2020,14:45,62249,10,90
05-08-2020,14:45,62254,19,83
05-08-2020,14:45,62257,7,42
05-08-2020,14:45,62258,14,69
05-08-2020,14:45,62265,10,136
05-08-2020,14:45,62269,57,231
05-08-2020,14:45,62272,44,112
05-08-2020,14:45,62274,9,88
05-08-2020,14:45,62278,14,87
05-08-2020,14:45,62285,6,32
05-08-2020,14:45,62286,26,178
05-08-2020,14:45,62288,30,125
05-08-2020,14:45,62294,16,85
05-08-2020,14:45,62295,7,13
05-08-2020,14:45,62298,37,146
05-08-2020,14:45,62301,19,383
05-08-2020,14:45,62305,15,106
05-08-2020,14:45,62448,37,206
05-08-2020,14:45,62454,7,102
05-08-2020,14:45,62471,16,97
05-08-2020,14:45,62521,84,557
05-08-2020,14:45,62522,21,109
05-08-2020,14:45,62526,24,253
05-08-2020,14:45,62565,9,56
05-08-2020,14:45,62568,25,216
05-08-2020,14:45,62618,48,409
05-08-2020,14:45,62629,10,263
05-08-2020,14:45,62650,22,385
05-08-2020,14:45,62656,9,369
05-08-2020,14:45,62664,9,71
05-08-2020,14:45,62675,6,130
05-08-2020,14:45,62684,63,262
05-08-2020,14:45,62702,48,880
05-08-2020,14:45,62703,41,700
05-08-2020,14:45,62704,32,842
05-08-2020,14:45,62707,11,168
05-08-2020,14:45,62711,17,318
05-08-2020,14:45,62801,50,509
05-08-2020,14:45,62832,14,196
05-08-2020,14:45,62864,77,525
05-08-2020,14:45,62901,89,508
05-08-2020,14:45,62902,12,71
05-08-2020,14:45,62906,30,206
05-08-2020,14:45,62907,12,42
05-08-2020,14:45,62918,10,147
05-08-2020,14:45,62920,20,83
05-08-2020,14:45,62948,6,204
05-08-2020,14:45,62959,23,480
05-08-2020,14:45,62966,40,324
05-08-2020,14:45,62992,20,54
05-07-2020,14:45,53142,6,106
05-07-2020,14:45,60002,60,424
05-07-2020,14:45,60004,168,1683
05-07-2020,14:45,60005,86,507
05-07-2020,14:45,60007,123,613
05-07-2020,14:45,60008,154,478
05-07-2020,14:45,60010,51,496
05-07-2020,14:45,60012,58,168
05-07-2020,14:45,60013,51,291
05-07-2020,14:45,60014,95,695
05-07-2020,14:45,60015,116,639
05-07-2020,14:45,60016,688,2022
05-07-2020,14:45,60018,284,912
05-07-2020,14:45,60020,21,182
05-07-2020,14:45,60021,10,76
05-07-2020,14:45,60022,23,198
05-07-2020,14:45,60025,222,1135
05-07-2020,14:45,60026,92,390
05-07-2020,14:45,60030,93,613
05-07-2020,14:45,60031,178,815
05-07-2020,14:45,60033,68,263
05-07-2020,14:45,60035,165,880
05-07-2020,14:45,60040,52,145
05-07-2020,14:45,60041,24,147
05-07-2020,14:45,60042,17,109
05-07-2020,14:45,60043,14,92
05-07-2020,14:45,60044,60,285
05-07-2020,14:45,60045,95,500
05-07-2020,14:45,60046,103,571
05-07-2020,14:45,60047,96,497
05-07-2020,14:45,60048,72,456
05-07-2020,14:45,60050,113,535
05-07-2020,14:45,60051,57,365
05-07-2020,14:45,60053,169,735
05-07-2020,14:45,60056,339,1253
05-07-2020,14:45,60060,229,738
05-07-2020,14:45,60061,97,445
05-07-2020,14:45,60062,210,1262
05-07-2020,14:45,60064,359,665
05-07-2020,14:45,60067,89,599
05-07-2020,14:45,60068,179,827
05-07-2020,14:45,60069,43,210
05-07-2020,14:45,60070,111,380
05-07-2020,14:45,60071,6,52
05-07-2020,14:45,60073,373,1234
05-07-2020,14:45,60074,194,810
05-07-2020,14:45,60076,300,1376
05-07-2020,14:45,60077,250,1142
05-07-2020,14:45,60081,29,138
05-07-2020,14:45,60083,56,200
05-07-2020,14:45,60084,97,246
05-07-2020,14:45,60085,1378,2601
05-07-2020,14:45,60087,356,842
05-07-2020,14:45,60088,35,73
05-07-2020,14:45,60089,135,666
05-07-2020,14:45,60090,336,1064
05-07-2020,14:45,60091,110,763
05-07-2020,14:45,60093,102,605
05-07-2020,14:45,60096,19,103
05-07-2020,14:45,60097,22,177
05-07-2020,14:45,60098,177,622
05-07-2020,14:45,60099,289,792
05-07-2020,14:45,60101,367,1089
05-07-2020,14:45,60102,70,434
05-07-2020,14:45,60103,127,711
05-07-2020,14:45,60104,264,867
05-07-2020,14:45,60106,284,953
05-07-2020,14:45,60107,255,897
05-07-2020,14:45,60108,128,1026
05-07-2020,14:45,60109,57,259
05-07-2020,14:45,60110,235,614
05-07-2020,14:45,60112,15,74
05-07-2020,14:45,60115,58,552
05-07-2020,14:45,60118,34,187
05-07-2020,14:45,60119,17,156
05-07-2020,14:45,60120,441,1039
05-07-2020,14:45,60123,270,898
05-07-2020,14:45,60124,39,271
05-07-2020,14:45,60126,156,1018
05-07-2020,14:45,60130,73,523
05-07-2020,14:45,60131,198,697
05-07-2020,14:45,60133,330,936
05-07-2020,14:45,60134,79,376
05-07-2020,14:45,60135,16,104
05-07-2020,14:45,60136,25,113
05-07-2020,14:45,60137,78,620
05-07-2020,14:45,60139,279,982
05-07-2020,14:45,60140,40,273
05-07-2020,14:45,60141,6,163
05-07-2020,14:45,60142,46,464
05-07-2020,14:45,60143,86,416
05-07-2020,14:45,60148,156,992
05-07-2020,14:45,60152,34,180
05-07-2020,14:45,60153,277,1083
05-07-2020,14:45,60154,121,670
05-07-2020,14:45,60155,114,357
05-07-2020,14:45,60156,64,423
05-07-2020,14:45,60157,6,38
05-07-2020,14:45,60160,359,1074
05-07-2020,14:45,60162,92,366
05-07-2020,14:45,60163,50,187
05-07-2020,14:45,60164,254,1222
05-07-2020,14:45,60165,104,222
05-07-2020,14:45,60169,190,685
05-07-2020,14:45,60171,63,340
05-07-2020,14:45,60172,131,495
05-07-2020,14:45,60173,40,175
05-07-2020,14:45,60174,64,710
05-07-2020,14:45,60175,38,374
05-07-2020,14:45,60176,75,339
05-07-2020,14:45,60177,91,387
05-07-2020,14:45,60178,21,270
05-07-2020,14:45,60181,134,630
05-07-2020,14:45,60185,298,911
05-07-2020,14:45,60187,64,555
05-07-2020,14:45,60188,250,1002
05-07-2020,14:45,60189,55,470
05-07-2020,14:45,60190,21,303
05-07-2020,14:45,60191,87,343
05-07-2020,14:45,60192,27,225
05-07-2020,14:45,60193,117,626
05-07-2020,14:45,60194,66,360
05-07-2020,14:45,60195,8,62
05-07-2020,14:45,60201,216,1440
05-07-2020,14:45,60202,213,1225
05-07-2020,14:45,60203,20,133
05-07-2020,14:45,60301,16,96
05-07-2020,14:45,60302,138,992
05-07-2020,14:45,60304,51,476
05-07-2020,14:45,60305,35,298
05-07-2020,14:45,60401,32,214
05-07-2020,14:45,60402,743,2641
05-07-2020,14:45,60403,99,612
05-07-2020,14:45,60404,73,511
05-07-2020,14:45,60406,246,953
05-07-2020,14:45,60408,12,96
05-07-2020,14:45,60409,360,1634
05-07-2020,14:45,60410,21,252
05-07-2020,14:45,60411,569,2569
05-07-2020,14:45,60415,132,431
05-07-2020,14:45,60417,100,526
05-07-2020,14:45,60418,61,251
05-07-2020,14:45,60419,241,1121
05-07-2020,14:45,60422,63,396
05-07-2020,14:45,60423,97,603
05-07-2020,14:45,60425,88,553
05-07-2020,14:45,60426,289,1367
05-07-2020,14:45,60428,141,739
05-07-2020,14:45,60429,163,985
05-07-2020,14:45,60430,200,867
05-07-2020,14:45,60431,115,763
05-07-2020,14:45,60432,151,589
05-07-2020,14:45,60433,147,521
05-07-2020,14:45,60434,133,75
05-07-2020,14:45,60435,411,1903
05-07-2020,14:45,60436,108,625
05-07-2020,14:45,60438,229,1042
05-07-2020,14:45,60439,56,468
05-07-2020,14:45,60440,512,1956
05-07-2020,14:45,60441,132,735
05-07-2020,14:45,60442,29,195
05-07-2020,14:45,60443,261,1134
05-07-2020,14:45,60445,92,561
05-07-2020,14:45,60446,272,1262
05-07-2020,14:45,60447,23,295
05-07-2020,14:45,60448,92,428
05-07-2020,14:45,60449,55,345
05-07-2020,14:45,60450,21,266
05-07-2020,14:45,60451,68,526
05-07-2020,14:45,60452,127,688
05-07-2020,14:45,60453,425,1596
05-07-2020,14:45,60455,206,835
05-07-2020,14:45,60456,29,133
05-07-2020,14:45,60457,84,308
05-07-2020,14:45,60458,68,433
05-07-2020,14:45,60459,230,823
05-07-2020,14:45,60461,42,251
05-07-2020,14:45,60462,166,921
05-07-2020,14:45,60463,142,437
05-07-2020,14:45,60464,27,183
05-07-2020,14:45,60465,107,433
05-07-2020,14:45,60466,376,1409
05-07-2020,14:45,60467,104,518
05-07-2020,14:45,60468,19,94
05-07-2020,14:45,60469,36,187
05-07-2020,14:45,60471,147,686
05-07-2020,14:45,60472,47,265
05-07-2020,14:45,60473,263,1231
05-07-2020,14:45,60475,55,315
05-07-2020,14:45,60476,13,85
05-07-2020,14:45,60477,148,867
05-07-2020,14:45,60478,225,1104
05-07-2020,14:45,60480,21,139
05-07-2020,14:45,60481,15,196
05-07-2020,14:45,60482,58,282
05-07-2020,14:45,60484,70,319
05-07-2020,14:45,60487,89,540
05-07-2020,14:45,60490,96,587
05-07-2020,14:45,60491,93,452
05-07-2020,14:45,60501,147,418
05-07-2020,14:45,60502,37,295
05-07-2020,14:45,60503,29,204
05-07-2020,14:45,60504,132,638
05-07-2020,14:45,60505,634,1408
05-07-2020,14:45,60506,384,1511
05-07-2020,14:45,60510,51,449
05-07-2020,14:45,60513,87,667
05-07-2020,14:45,60514,27,244
05-07-2020,14:45,60515,48,443
05-07-2020,14:45,60516,72,489
05-07-2020,14:45,60517,129,718
05-07-2020,14:45,60521,159,603
05-07-2020,14:45,60523,56,316
05-07-2020,14:45,60525,166,1077
05-07-2020,14:45,60526,46,458
05-07-2020,14:45,60527,162,991
05-07-2020,14:45,60532,75,452
05-07-2020,14:45,60534,80,349
05-07-2020,14:45,60538,109,472
05-07-2020,14:45,60540,68,749
05-07-2020,14:45,60542,49,357
05-07-2020,14:45,60543,107,538
05-07-2020,14:45,60544,101,734
05-07-2020,14:45,60545,68,251
05-07-2020,14:45,60546,92,531
05-07-2020,14:45,60548,23,162
05-07-2020,14:45,60551,16,53
05-07-2020,14:45,60554,22,164
05-07-2020,14:45,60555,56,283
05-07-2020,14:45,60558,19,254
05-07-2020,14:45,60559,178,621
05-07-2020,14:45,60560,47,306
05-07-2020,14:45,60561,76,555
05-07-2020,14:45,60563,99,730
05-07-2020,14:45,60564,84,657
05-07-2020,14:45,60565,111,637
05-07-2020,14:45,60585,49,383
05-07-2020,14:45,60586,193,1135
05-07-2020,14:45,60601,62,419
05-07-2020,14:45,60602,7,65
05-07-2020,14:45,60604,10,54
05-07-2020,14:45,60605,137,915
05-07-2020,14:45,60606,40,267
05-07-2020,14:45,60607,319,1183
05-07-2020,14:45,60608,966,3208
05-07-2020,14:45,60609,905,2519
05-07-2020,14:45,60610,160,1137
05-07-2020,14:45,60611,104,1243
05-07-2020,14:45,60612,438,2240
05-07-2020,14:45,60613,281,1314
05-07-2020,14:45,60614,365,2037
05-07-2020,14:45,60615,263,1657
05-07-2020,14:45,60616,279,1748
05-07-2020,14:45,60617,641,3200
05-07-2020,14:45,60618,659,2777
05-07-2020,14:45,60619,653,2923
05-07-2020,14:45,60620,783,3192
05-07-2020,14:45,60621,356,1288
05-07-2020,14:45,60622,386,1782
05-07-2020,14:45,60623,1764,3906
05-07-2020,14:45,60624,513,1873
05-07-2020,14:45,60625,811,2557
05-07-2020,14:45,60626,618,2070
05-07-2020,14:45,60628,717,2808
05-07-2020,14:45,60629,1646,4090
05-07-2020,14:45,60630,441,1904
05-07-2020,14:45,60631,156,1325
05-07-2020,14:45,60632,1525,3499
05-07-2020,14:45,60633,183,1184
05-07-2020,14:45,60634,827,3746
05-07-2020,14:45,60636,439,1259
05-07-2020,14:45,60637,377,2295
05-07-2020,14:45,60638,684,2607
05-07-2020,14:45,60639,1740,4262
05-07-2020,14:45,60640,549,2179
05-07-2020,14:45,60641,730,2587
05-07-2020,14:45,60642,97,619
05-07-2020,14:45,60643,545,2650
05-07-2020,14:45,60644,746,2556
05-07-2020,14:45,60645,707,2363
05-07-2020,14:45,60646,239,1335
05-07-2020,14:45,60647,703,2729
05-07-2020,14:45,60649,534,2277
05-07-2020,14:45,60651,898,2736
05-07-2020,14:45,60652,516,1769
05-07-2020,14:45,60653,333,1633
05-07-2020,14:45,60654,106,562
05-07-2020,14:45,60655,192,1350
05-07-2020,14:45,60656,162,1123
05-07-2020,14:45,60657,232,1746
05-07-2020,14:45,60659,457,1414
05-07-2020,14:45,60660,262,1073
05-07-2020,14:45,60661,28,251
05-07-2020,14:45,60706,216,1011
05-07-2020,14:45,60707,466,1938
05-07-2020,14:45,60712,117,506
05-07-2020,14:45,60714,472,1478
05-07-2020,14:45,60803,141,661
05-07-2020,14:45,60804,1485,3917
05-07-2020,14:45,60805,163,570
05-07-2020,14:45,60827,223,1052
05-07-2020,14:45,60901,250,1363
05-07-2020,14:45,60914,71,703
05-07-2020,14:45,60915,29,292
05-07-2020,14:45,60922,8,68
05-07-2020,14:45,60927,36,99
05-07-2020,14:45,60950,22,267
05-07-2020,14:45,60954,13,244
05-07-2020,14:45,60955,7,20
05-07-2020,14:45,60958,15,64
05-07-2020,14:45,60964,12,90
05-07-2020,14:45,61008,151,450
05-07-2020,14:45,61016,17,106
05-07-2020,14:45,61021,42,453
05-07-2020,14:45,61032,68,322
05-07-2020,14:45,61064,9,49
05-07-2020,14:45,61065,13,123
05-07-2020,14:45,61068,101,739
05-07-2020,14:45,61071,23,125
05-07-2020,14:45,61072,13,103
05-07-2020,14:45,61073,13,184
05-07-2020,14:45,61080,14,93
05-07-2020,14:45,61081,54,226
05-07-2020,14:45,61084,6,24
05-07-2020,14:45,61101,88,576
05-07-2020,14:45,61102,93,483
05-07-2020,14:45,61103,72,515
05-07-2020,14:45,61104,107,400
05-07-2020,14:45,61107,50,441
05-07-2020,14:45,61108,103,506
05-07-2020,14:45,61109,88,500
05-07-2020,14:45,61111,23,292
05-07-2020,14:45,61114,32,200
05-07-2020,14:45,61115,26,281
05-07-2020,14:45,61201,124,508
05-07-2020,14:45,61235,8,40
05-07-2020,14:45,61240,6,60
05-07-2020,14:45,61241,13,99
05-07-2020,14:45,61244,126,373
05-07-2020,14:45,61252,8,50
05-07-2020,14:45,61254,7,169
05-07-2020,14:45,61264,14,144
05-07-2020,14:45,61265,152,689
05-07-2020,14:45,61270,6,78
05-07-2020,14:45,61275,7,45
05-07-2020,14:45,61282,31,118
05-07-2020,14:45,61341,21,116
05-07-2020,14:45,61342,14,103
05-07-2020,14:45,61350,9,238
05-07-2020,14:45,61356,6,123
05-07-2020,14:45,61401,53,602
05-07-2020,14:45,61410,6,36
05-07-2020,14:45,61443,13,175
05-07-2020,14:45,61455,37,279
05-07-2020,14:45,61462,85,243
05-07-2020,14:45,61525,6,102
05-07-2020,14:45,61548,6,115
05-07-2020,14:45,61554,14,472
05-07-2020,14:45,61603,19,400
05-07-2020,14:45,61604,24,573
05-07-2020,14:45,61605,9,315
05-07-2020,14:45,61610,6,57
05-07-2020,14:45,61611,18,320
05-07-2020,14:45,61614,38,416
05-07-2020,14:45,61615,18,349
05-07-2020,14:45,61701,37,867
05-07-2020,14:45,61704,18,677
05-07-2020,14:45,61705,8,251
05-07-2020,14:45,61761,31,764
05-07-2020,14:45,61764,10,187
05-07-2020,14:45,61801,20,460
05-07-2020,14:45,61802,30,566
05-07-2020,14:45,61820,33,494
05-07-2020,14:45,61821,30,665
05-07-2020,14:45,61822,29,537
05-07-2020,14:45,61832,14,387
05-07-2020,14:45,61853,11,272
05-07-2020,14:45,61866,53,468
05-07-2020,14:45,61874,7,173
05-07-2020,14:45,61910,6,58
05-07-2020,14:45,61920,10,172
05-07-2020,14:45,61938,9,208
05-07-2020,14:45,61953,9,107
05-07-2020,14:45,62002,58,261
05-07-2020,14:45,62010,9,60
05-07-2020,14:45,62024,7,42
05-07-2020,14:45,62025,100,417
05-07-2020,14:45,62034,45,152
05-07-2020,14:45,62035,13,99
05-07-2020,14:45,62040,62,345
05-07-2020,14:45,62052,12,57
05-07-2020,14:45,62056,12,137
05-07-2020,14:45,62060,14,48
05-07-2020,14:45,62062,6,137
05-07-2020,14:45,62069,8,58
05-07-2020,14:45,62088,6,191
05-07-2020,14:45,62090,7,13
05-07-2020,14:45,62095,10,83
05-07-2020,14:45,62201,12,45
05-07-2020,14:45,62203,24,62
05-07-2020,14:45,62204,30,55
05-07-2020,14:45,62205,30,72
05-07-2020,14:45,62206,59,255
05-07-2020,14:45,62207,33,73
05-07-2020,14:45,62208,39,142
05-07-2020,14:45,62220,63,159
05-07-2020,14:45,62221,52,189
05-07-2020,14:45,62223,38,109
05-07-2020,14:45,62226,81,405
05-07-2020,14:45,62230,6,60
05-07-2020,14:45,62231,63,220
05-07-2020,14:45,62232,7,43
05-07-2020,14:45,62233,74,262
05-07-2020,14:45,62234,33,226
05-07-2020,14:45,62236,36,102
05-07-2020,14:45,62239,10,22
05-07-2020,14:45,62249,10,88
05-07-2020,14:45,62254,19,72
05-07-2020,14:45,62257,7,38
05-07-2020,14:45,62258,14,67
05-07-2020,14:45,62265,9,117
05-07-2020,14:45,62269,54,215
05-07-2020,14:45,62272,41,106
05-07-2020,14:45,62274,9,82
05-07-2020,14:45,62278,14,83
05-07-2020,14:45,62285,6,32
05-07-2020,14:45,62286,26,165
05-07-2020,14:45,62288,30,112
05-07-2020,14:45,62294,16,82
05-07-2020,14:45,62295,6,13
05-07-2020,14:45,62298,36,143
05-07-2020,14:45,62301,19,375
05-07-2020,14:45,62305,15,102
05-07-2020,14:45,62448,37,204
05-07-2020,14:45,62454,7,102
05-07-2020,14:45,62471,16,93
05-07-2020,14:45,62521,79,535
05-07-2020,14:45,62522,22,107
05-07-2020,14:45,62526,23,241
05-07-2020,14:45,62565,9,53
05-07-2020,14:45,62568,24,208
05-07-2020,14:45,62618,47,389
05-07-2020,14:45,62629,9,246
05-07-2020,14:45,62650,21,361
05-07-2020,14:45,62656,7,354
05-07-2020,14:45,62664,9,65
05-07-2020,14:45,62684,60,255
05-07-2020,14:45,62702,46,828
05-07-2020,14:45,62703,39,638
05-07-2020,14:45,62704,30,771
05-07-2020,14:45,62707,11,156
05-07-2020,14:45,62711,15,292
05-07-2020,14:45,62801,48,474
05-07-2020,14:45,62832,14,193
05-07-2020,14:45,62864,76,513
05-07-2020,14:45,62901,88,483
05-07-2020,14:45,62902,12,66
05-07-2020,14:45,62906,28,182
05-07-2020,14:45,62907,12,41
05-07-2020,14:45,62918,9,135
05-07-2020,14:45,62920,18,76
05-07-2020,14:45,62948,6,196
05-07-2020,14:45,62959,22,454
05-07-2020,14:45,62966,38,304
05-07-2020,14:45,62992,19,49
05-06-2020,15:43,53142,6,96
05-06-2020,15:43,60002,59,407
05-06-2020,15:43,60004,161,1628
05-06-2020,15:43,60005,85,492
05-06-2020,15:43,60007,117,587
05-06-2020,15:43,60008,144,446
05-06-2020,15:43,60010,48,466
05-06-2020,15:43,60012,56,162
05-06-2020,15:43,60013,49,268
05-06-2020,15:43,60014,88,654
05-06-2020,15:43,60015,113,616
05-06-2020,15:43,60016,663,1923
05-06-2020,15:43,60018,271,880
05-06-2020,15:43,60020,19,170
05-06-2020,15:43,60021,9,74
05-06-2020,15:43,60022,23,194
05-06-2020,15:43,60025,216,1098
05-06-2020,15:43,60026,89,382
05-06-2020,15:43,60030,84,571
05-06-2020,15:43,60031,167,752
05-06-2020,15:43,60033,65,243
05-06-2020,15:43,60035,162,853
05-06-2020,15:43,60040,49,138
05-06-2020,15:43,60041,24,139
05-06-2020,15:43,60042,15,96
05-06-2020,15:43,60043,14,90
05-06-2020,15:43,60044,58,279
05-06-2020,15:43,60045,93,481
05-06-2020,15:43,60046,97,549
05-06-2020,15:43,60047,95,457
05-06-2020,15:43,60048,67,431
05-06-2020,15:43,60050,107,497
05-06-2020,15:43,60051,55,346
05-06-2020,15:43,60053,166,708
05-06-2020,15:43,60056,325,1185
05-06-2020,15:43,60060,214,676
05-06-2020,15:43,60061,93,418
05-06-2020,15:43,60062,210,1235
05-06-2020,15:43,60064,350,622
05-06-2020,15:43,60067,81,567
05-06-2020,15:43,60068,174,805
05-06-2020,15:43,60069,43,198
05-06-2020,15:43,60070,106,359
05-06-2020,15:43,60071,6,50
05-06-2020,15:43,60073,345,1098
05-06-2020,15:43,60074,186,768
05-06-2020,15:43,60076,295,1322
05-06-2020,15:43,60077,242,1106
05-06-2020,15:43,60081,28,129
05-06-2020,15:43,60083,56,184
05-06-2020,15:43,60084,97,229
05-06-2020,15:43,60085,1296,2335
05-06-2020,15:43,60087,330,710
05-06-2020,15:43,60088,35,71
05-06-2020,15:43,60089,132,628
05-06-2020,15:43,60090,323,999
05-06-2020,15:43,60091,111,734
05-06-2020,15:43,60093,102,583
05-06-2020,15:43,60096,19,98
05-06-2020,15:43,60097,22,169
05-06-2020,15:43,60098,168,600
05-06-2020,15:43,60099,273,715
05-06-2020,15:43,60101,353,1043
05-06-2020,15:43,60102,70,409
05-06-2020,15:43,60103,117,670
05-06-2020,15:43,60104,260,837
05-06-2020,15:43,60106,273,921
05-06-2020,15:43,60107,237,847
05-06-2020,15:43,60108,121,994
05-06-2020,15:43,60110,227,574
05-06-2020,15:43,60112,15,70
05-06-2020,15:43,60115,56,521
05-06-2020,15:43,60118,34,178
05-06-2020,15:43,60119,16,146
05-06-2020,15:43,60120,400,987
05-06-2020,15:43,60123,250,824
05-06-2020,15:43,60124,36,257
05-06-2020,15:43,60126,154,971
05-06-2020,15:43,60130,72,501
05-06-2020,15:43,60131,186,669
05-06-2020,15:43,60133,316,888
05-06-2020,15:43,60134,77,359
05-06-2020,15:43,60135,15,101
05-06-2020,15:43,60136,23,107
05-06-2020,15:43,60137,75,573
05-06-2020,15:43,60139,269,921
05-06-2020,15:43,60140,40,261
05-06-2020,15:43,60141,6,151
05-06-2020,15:43,60142,45,440
05-06-2020,15:43,60143,85,403
05-06-2020,15:43,60148,154,937
05-06-2020,15:43,60152,30,174
05-06-2020,15:43,60153,268,1039
05-06-2020,15:43,60154,116,643
05-06-2020,15:43,60155,112,344
05-06-2020,15:43,60156,56,392
05-06-2020,15:43,60157,6,34
05-06-2020,15:43,60160,341,1023
05-06-2020,15:43,60162,90,351
05-06-2020,15:43,60163,48,175
05-06-2020,15:43,60164,248,1171
05-06-2020,15:43,60165,97,203
05-06-2020,15:43,60169,179,651
05-06-2020,15:43,60171,59,329
05-06-2020,15:43,60172,126,472
05-06-2020,15:43,60173,37,167
05-06-2020,15:43,60174,62,689
05-06-2020,15:43,60175,38,359
05-06-2020,15:43,60176,73,320
05-06-2020,15:43,60177,85,367
05-06-2020,15:43,60178,20,254
05-06-2020,15:43,60181,132,597
05-06-2020,15:43,60185,280,849
05-06-2020,15:43,60187,63,520
05-06-2020,15:43,60188,244,945
05-06-2020,15:43,60189,53,441
05-06-2020,15:43,60190,22,290
05-06-2020,15:43,60191,78,324
05-06-2020,15:43,60192,27,218
05-06-2020,15:43,60193,115,601
05-06-2020,15:43,60194,62,348
05-06-2020,15:43,60195,7,59
05-06-2020,15:43,60201,210,1399
05-06-2020,15:43,60202,199,1193
05-06-2020,15:43,60203,20,130
05-06-2020,15:43,60301,16,94
05-06-2020,15:43,60302,136,962
05-06-2020,15:43,60304,49,460
05-06-2020,15:43,60305,36,293
05-06-2020,15:43,60401,31,205
05-06-2020,15:43,60402,721,2536
05-06-2020,15:43,60403,96,586
05-06-2020,15:43,60404,71,492
05-06-2020,15:43,60406,232,903
05-06-2020,15:43,60408,11,89
05-06-2020,15:43,60409,350,1585
05-06-2020,15:43,60410,21,247
05-06-2020,15:43,60411,555,2482
05-06-2020,15:43,60415,126,417
05-06-2020,15:43,60417,97,507
05-06-2020,15:43,60418,58,249
05-06-2020,15:43,60419,235,1074
05-06-2020,15:43,60422,62,384
05-06-2020,15:43,60423,93,583
05-06-2020,15:43,60425,87,542
05-06-2020,15:43,60426,282,1316
05-06-2020,15:43,60428,142,719
05-06-2020,15:43,60429,161,951
05-06-2020,15:43,60430,196,841
05-06-2020,15:43,60431,115,747
05-06-2020,15:43,60432,147,567
05-06-2020,15:43,60433,144,503
05-06-2020,15:43,60434,133,73
05-06-2020,15:43,60435,391,1829
05-06-2020,15:43,60436,106,602
05-06-2020,15:43,60438,224,1003
05-06-2020,15:43,60439,56,449
05-06-2020,15:43,60440,501,1883
05-06-2020,15:43,60441,130,708
05-06-2020,15:43,60442,27,189
05-06-2020,15:43,60443,250,1107
05-06-2020,15:43,60445,89,538
05-06-2020,15:43,60446,257,1209
05-06-2020,15:43,60447,23,291
05-06-2020,15:43,60448,90,420
05-06-2020,15:43,60449,52,333
05-06-2020,15:43,60450,20,257
05-06-2020,15:43,60451,68,506
05-06-2020,15:43,60452,125,653
05-06-2020,15:43,60453,407,1528
05-06-2020,15:43,60455,202,811
05-06-2020,15:43,60456,26,125
05-06-2020,15:43,60457,84,295
05-06-2020,15:43,60458,65,419
05-06-2020,15:43,60459,212,789
05-06-2020,15:43,60461,41,244
05-06-2020,15:43,60462,163,886
05-06-2020,15:43,60463,135,415
05-06-2020,15:43,60464,27,176
05-06-2020,15:43,60465,102,422
05-06-2020,15:43,60466,374,1382
05-06-2020,15:43,60467,103,503
05-06-2020,15:43,60468,19,92
05-06-2020,15:43,60469,36,180
05-06-2020,15:43,60471,143,660
05-06-2020,15:43,60472,46,260
05-06-2020,15:43,60473,255,1186
05-06-2020,15:43,60475,53,307
05-06-2020,15:43,60476,13,83
05-06-2020,15:43,60477,140,843
05-06-2020,15:43,60478,218,1065
05-06-2020,15:43,60480,21,139
05-06-2020,15:43,60481,15,189
05-06-2020,15:43,60482,53,272
05-06-2020,15:43,60484,70,310
05-06-2020,15:43,60487,84,521
05-06-2020,15:43,60490,93,576
05-06-2020,15:43,60491,91,440
05-06-2020,15:43,60501,142,398
05-06-2020,15:43,60502,36,282
05-06-2020,15:43,60503,29,196
05-06-2020,15:43,60504,123,615
05-06-2020,15:43,60505,596,1337
05-06-2020,15:43,60506,370,1452
05-06-2020,15:43,60510,51,432
05-06-2020,15:43,60513,86,636
05-06-2020,15:43,60514,27,233
05-06-2020,15:43,60515,46,410
05-06-2020,15:43,60516,67,467
05-06-2020,15:43,60517,127,686
05-06-2020,15:43,60521,158,587
05-06-2020,15:43,60523,53,309
05-06-2020,15:43,60525,160,1025
05-06-2020,15:43,60526,46,438
05-06-2020,15:43,60527,160,954
05-06-2020,15:43,60532,73,428
05-06-2020,15:43,60534,78,319
05-06-2020,15:43,60538,106,457
05-06-2020,15:43,60540,62,709
05-06-2020,15:43,60542,50,344
05-06-2020,15:43,60543,100,514
05-06-2020,15:43,60544,97,705
05-06-2020,15:43,60545,59,217
05-06-2020,15:43,60546,88,511
05-06-2020,15:43,60548,20,148
05-06-2020,15:43,60551,16,49
05-06-2020,15:43,60554,21,154
05-06-2020,15:43,60555,52,265
05-06-2020,15:43,60558,17,242
05-06-2020,15:43,60559,172,602
05-06-2020,15:43,60560,45,294
05-06-2020,15:43,60561,75,532
05-06-2020,15:43,60563,88,652
05-06-2020,15:43,60564,82,623
05-06-2020,15:43,60565,108,619
05-06-2020,15:43,60585,47,373
05-06-2020,15:43,60586,186,1086
05-06-2020,15:43,60601,61,401
05-06-2020,15:43,60602,7,63
05-06-2020,15:43,60604,10,50
05-06-2020,15:43,60605,134,896
05-06-2020,15:43,60606,35,252
05-06-2020,15:43,60607,315,1158
05-06-2020,15:43,60608,943,3112
05-06-2020,15:43,60609,867,2404
05-06-2020,15:43,60610,158,1102
05-06-2020,15:43,60611,105,1145
05-06-2020,15:43,60612,431,2171
05-06-2020,15:43,60613,272,1263
05-06-2020,15:43,60614,323,1939
05-06-2020,15:43,60615,256,1604
05-06-2020,15:43,60616,274,1696
05-06-2020,15:43,60617,625,3067
05-06-2020,15:43,60618,631,2671
05-06-2020,15:43,60619,642,2804
05-06-2020,15:43,60620,772,3084
05-06-2020,15:43,60621,344,1241
05-06-2020,15:43,60622,377,1730
05-06-2020,15:43,60623,1663,3640
05-06-2020,15:43,60624,505,1819
05-06-2020,15:43,60625,773,2450
05-06-2020,15:43,60626,603,1997
05-06-2020,15:43,60628,697,2704
05-06-2020,15:43,60629,1578,3870
05-06-2020,15:43,60630,424,1830
05-06-2020,15:43,60631,149,1294
05-06-2020,15:43,60632,1455,3316
05-06-2020,15:43,60633,183,1176
05-06-2020,15:43,60634,784,3601
05-06-2020,15:43,60636,427,1213
05-06-2020,15:43,60637,375,2189
05-06-2020,15:43,60638,657,2497
05-06-2020,15:43,60639,1649,4044
05-06-2020,15:43,60640,531,2078
05-06-2020,15:43,60641,702,2485
05-06-2020,15:43,60642,95,605
05-06-2020,15:43,60643,543,2599
05-06-2020,15:43,60644,728,2494
05-06-2020,15:43,60645,695,2281
05-06-2020,15:43,60646,233,1304
05-06-2020,15:43,60647,667,2633
05-06-2020,15:43,60649,528,2200
05-06-2020,15:43,60651,863,2637
05-06-2020,15:43,60652,473,1568
05-06-2020,15:43,60653,328,1583
05-06-2020,15:43,60654,106,547
05-06-2020,15:43,60655,192,1321
05-06-2020,15:43,60656,158,1097
05-06-2020,15:43,60657,231,1694
05-06-2020,15:43,60659,433,1295
05-06-2020,15:43,60660,254,1045
05-06-2020,15:43,60661,28,249
05-06-2020,15:43,60706,204,951
05-06-2020,15:43,60707,448,1862
05-06-2020,15:43,60712,115,491
05-06-2020,15:43,60714,458,1431
05-06-2020,15:43,60803,140,644
05-06-2020,15:43,60804,1428,3735
05-06-2020,15:43,60805,158,544
05-06-2020,15:43,60827,216,1021
05-06-2020,15:43,60901,244,1335
05-06-2020,15:43,60914,68,685
05-06-2020,15:43,60915,27,281
05-06-2020,15:43,60922,8,61
05-06-2020,15:43,60927,27,73
05-06-2020,15:43,60950,21,260
05-06-2020,15:43,60954,13,232
05-06-2020,15:43,60958,15,63
05-06-2020,15:43,60964,12,81
05-06-2020,15:43,61008,138,428
05-06-2020,15:43,61016,17,105
05-06-2020,15:43,61021,40,436
05-06-2020,15:43,61032,63,312
05-06-2020,15:43,61064,8,48
05-06-2020,15:43,61065,13,118
05-06-2020,15:43,61068,101,733
05-06-2020,15:43,61071,22,123
05-06-2020,15:43,61072,9,89
05-06-2020,15:43,61073,13,176
05-06-2020,15:43,61080,13,85
05-06-2020,15:43,61081,53,220
05-06-2020,15:43,61084,6,23
05-06-2020,15:43,61101,71,527
05-06-2020,15:43,61102,84,435
05-06-2020,15:43,61103,65,481
05-06-2020,15:43,61104,101,380
05-06-2020,15:43,61107,47,416
05-06-2020,15:43,61108,100,475
05-06-2020,15:43,61109,82,479
05-06-2020,15:43,61111,23,279
05-06-2020,15:43,61114,31,181
05-06-2020,15:43,61115,25,254
05-06-2020,15:43,61201,118,462
05-06-2020,15:43,61235,8,38
05-06-2020,15:43,61240,6,59
05-06-2020,15:43,61241,14,97
05-06-2020,15:43,61244,124,362
05-06-2020,15:43,61252,9,50
05-06-2020,15:43,61254,6,162
05-06-2020,15:43,61264,15,136
05-06-2020,15:43,61265,148,651
05-06-2020,15:43,61270,6,77
05-06-2020,15:43,61275,7,45
05-06-2020,15:43,61282,29,112
05-06-2020,15:43,61341,16,97
05-06-2020,15:43,61342,14,102
05-06-2020,15:43,61350,8,228
05-06-2020,15:43,61356,6,112
05-06-2020,15:43,61401,51,555
05-06-2020,15:43,61443,13,171
05-06-2020,15:43,61455,33,241
05-06-2020,15:43,61462,81,220
05-06-2020,15:43,61525,6,96
05-06-2020,15:43,61548,6,110
05-06-2020,15:43,61554,14,421
05-06-2020,15:43,61603,19,363
05-06-2020,15:43,61604,24,532
05-06-2020,15:43,61605,8,300
05-06-2020,15:43,61611,18,294
05-06-2020,15:43,61614,36,386
05-06-2020,15:43,61615,18,325
05-06-2020,15:43,61701,36,841
05-06-2020,15:43,61704,18,658
05-06-2020,15:43,61705,8,246
05-06-2020,15:43,61761,30,743
05-06-2020,15:43,61764,10,183
05-06-2020,15:43,61801,19,432
05-06-2020,15:43,61802,28,529
05-06-2020,15:43,61820,30,454
05-06-2020,15:43,61821,27,639
05-06-2020,15:43,61822,29,503
05-06-2020,15:43,61832,14,374
05-06-2020,15:43,61853,10,267
05-06-2020,15:43,61866,47,422
05-06-2020,15:43,61874,7,166
05-06-2020,15:43,61910,6,56
05-06-2020,15:43,61920,10,169
05-06-2020,15:43,61938,9,203
05-06-2020,15:43,61953,9,105
05-06-2020,15:43,62002,55,249
05-06-2020,15:43,62010,8,60
05-06-2020,15:43,62024,7,41
05-06-2020,15:43,62025,97,410
05-06-2020,15:43,62034,42,146
05-06-2020,15:43,62035,12,97
05-06-2020,15:43,62040,59,336
05-06-2020,15:43,62052,12,56
05-06-2020,15:43,62056,12,135
05-06-2020,15:43,62060,12,47
05-06-2020,15:43,62062,6,136
05-06-2020,15:43,62069,8,55
05-06-2020,15:43,62088,6,191
05-06-2020,15:43,62090,7,13
05-06-2020,15:43,62095,10,78
05-06-2020,15:43,62201,12,45
05-06-2020,15:43,62203,24,60
05-06-2020,15:43,62204,32,54
05-06-2020,15:43,62205,26,66
05-06-2020,15:43,62206,57,243
05-06-2020,15:43,62207,33,71
05-06-2020,15:43,62208,37,136
05-06-2020,15:43,62220,59,154
05-06-2020,15:43,62221,46,177
05-06-2020,15:43,62223,38,103
05-06-2020,15:43,62226,79,398
05-06-2020,15:43,62230,6,55
05-06-2020,15:43,62231,61,214
05-06-2020,15:43,62232,7,42
05-06-2020,15:43,62233,73,248
05-06-2020,15:43,62234,30,213
05-06-2020,15:43,62236,34,96
05-06-2020,15:43,62239,10,21
05-06-2020,15:43,62249,10,88
05-06-2020,15:43,62254,18,72
05-06-2020,15:43,62257,7,38
05-06-2020,15:43,62258,14,65
05-06-2020,15:43,62265,8,41
05-06-2020,15:43,62269,52,211
05-06-2020,15:43,62272,41,100
05-06-2020,15:43,62274,9,76
05-06-2020,15:43,62278,14,83
05-06-2020,15:43,62286,25,159
05-06-2020,15:43,62288,30,110
05-06-2020,15:43,62294,15,80
05-06-2020,15:43,62295,6,13
05-06-2020,15:43,62298,35,141
05-06-2020,15:43,62301,19,370
05-06-2020,15:43,62305,15,102
05-06-2020,15:43,62448,37,200
05-06-2020,15:43,62454,7,100
05-06-2020,15:43,62471,15,93
05-06-2020,15:43,62521,77,516
05-06-2020,15:43,62522,21,99
05-06-2020,15:43,62526,23,222
05-06-2020,15:43,62565,9,51
05-06-2020,15:43,62568,25,201
05-06-2020,15:43,62618,45,372
05-06-2020,15:43,62629,8,230
05-06-2020,15:43,62650,20,343
05-06-2020,15:43,62656,7,338
05-06-2020,15:43,62664,9,59
05-06-2020,15:43,62684,59,245
05-06-2020,15:43,62702,43,770
05-06-2020,15:43,62703,39,577
05-06-2020,15:43,62704,31,721
05-06-2020,15:43,62707,10,144
05-06-2020,15:43,62711,15,267
05-06-2020,15:43,62801,46,457
05-06-2020,15:43,62832,14,185
05-06-2020,15:43,62864,74,494
05-06-2020,15:43,62901,87,460
05-06-2020,15:43,62902,12,65
05-06-2020,15:43,62906,26,162
05-06-2020,15:43,62907,12,37
05-06-2020,15:43,62918,10,132
05-06-2020,15:43,62920,17,74
05-06-2020,15:43,62948,6,191
05-06-2020,15:43,62959,20,432
05-06-2020,15:43,62966,36,289
05-06-2020,15:43,62992,19,49
05-05-2020,14:45,46324,7,77
05-05-2020,14:45,46394,6,37
05-05-2020,14:45,53142,13,89
05-05-2020,14:45,53143,6,54
05-05-2020,14:45,53215,7,50
05-05-2020,14:45,54302,8,33
05-05-2020,14:45,60002,56,400
05-05-2020,14:45,60004,154,1573
05-05-2020,14:45,60005,82,481
05-05-2020,14:45,60007,116,563
05-05-2020,14:45,60008,134,425
05-05-2020,14:45,60010,47,442
05-05-2020,14:45,60012,55,158
05-05-2020,14:45,60013,45,250
05-05-2020,14:45,60014,90,625
05-05-2020,14:45,60015,106,605
05-05-2020,14:45,60016,637,1851
05-05-2020,14:45,60018,270,851
05-05-2020,14:45,60020,19,164
05-05-2020,14:45,60021,9,70
05-05-2020,14:45,60022,23,187
05-05-2020,14:45,60025,215,1075
05-05-2020,14:45,60026,89,369
05-05-2020,14:45,60030,83,561
05-05-2020,14:45,60031,160,736
05-05-2020,14:45,60033,63,231
05-05-2020,14:45,60035,158,832
05-05-2020,14:45,60040,49,135
05-05-2020,14:45,60041,24,132
05-05-2020,14:45,60042,14,91
05-05-2020,14:45,60043,14,88
05-05-2020,14:45,60044,58,272
05-05-2020,14:45,60045,92,473
05-05-2020,14:45,60046,97,536
05-05-2020,14:45,60047,95,436
05-05-2020,14:45,60048,67,421
05-05-2020,14:45,60050,106,477
05-05-2020,14:45,60051,54,328
05-05-2020,14:45,60053,159,680
05-05-2020,14:45,60056,305,1140
05-05-2020,14:45,60060,203,649
05-05-2020,14:45,60061,90,406
05-05-2020,14:45,60062,199,1148
05-05-2020,14:45,60064,334,612
05-05-2020,14:45,60067,72,556
05-05-2020,14:45,60068,173,777
05-05-2020,14:45,60069,40,194
05-05-2020,14:45,60070,102,355
05-05-2020,14:45,60071,6,48
05-05-2020,14:45,60073,320,1066
05-05-2020,14:45,60074,175,721
05-05-2020,14:45,60076,284,1279
05-05-2020,14:45,60077,238,1058
05-05-2020,14:45,60081,27,123
05-05-2020,14:45,60083,56,181
05-05-2020,14:45,60084,95,218
05-05-2020,14:45,60085,1251,2282
05-05-2020,14:45,60087,311,698
05-05-2020,14:45,60088,34,68
05-05-2020,14:45,60089,122,608
05-05-2020,14:45,60090,309,960
05-05-2020,14:45,60091,109,717
05-05-2020,14:45,60093,101,573
05-05-2020,14:45,60096,19,96
05-05-2020,14:45,60097,21,162
05-05-2020,14:45,60098,168,555
05-05-2020,14:45,60099,267,699
05-05-2020,14:45,60101,343,998
05-05-2020,14:45,60102,69,383
05-05-2020,14:45,60103,110,639
05-05-2020,14:45,60104,253,811
05-05-2020,14:45,60106,262,880
05-05-2020,14:45,60107,225,805
05-05-2020,14:45,60108,120,971
05-05-2020,14:45,60110,217,533
05-05-2020,14:45,60112,15,65
05-05-2020,14:45,60115,52,485
05-05-2020,14:45,60118,30,162
05-05-2020,14:45,60119,16,141
05-05-2020,14:45,60120,379,918
05-05-2020,14:45,60123,230,773
05-05-2020,14:45,60124,34,246
05-05-2020,14:45,60126,152,934
05-05-2020,14:45,60130,72,484
05-05-2020,14:45,60131,180,643
05-05-2020,14:45,60133,303,830
05-05-2020,14:45,60134,76,340
05-05-2020,14:45,60135,14,97
05-05-2020,14:45,60136,23,102
05-05-2020,14:45,60137,73,558
05-05-2020,14:45,60139,258,875
05-05-2020,14:45,60140,40,249
05-05-2020,14:45,60141,6,141
05-05-2020,14:45,60142,43,405
05-05-2020,14:45,60143,85,390
05-05-2020,14:45,60148,149,901
05-05-2020,14:45,60152,30,170
05-05-2020,14:45,60153,264,1007
05-05-2020,14:45,60154,115,623
05-05-2020,14:45,60155,106,324
05-05-2020,14:45,60156,55,373
05-05-2020,14:45,60157,6,33
05-05-2020,14:45,60160,321,990
05-05-2020,14:45,60162,88,336
05-05-2020,14:45,60163,47,170
05-05-2020,14:45,60164,234,1132
05-05-2020,14:45,60165,89,193
05-05-2020,14:45,60169,167,613
05-05-2020,14:45,60171,56,315
05-05-2020,14:45,60172,122,448
05-05-2020,14:45,60173,32,159
05-05-2020,14:45,60174,62,669
05-05-2020,14:45,60175,37,347
05-05-2020,14:45,60176,67,308
05-05-2020,14:45,60177,80,350
05-05-2020,14:45,60178,18,235
05-05-2020,14:45,60181,128,583
05-05-2020,14:45,60185,263,804
05-05-2020,14:45,60187,62,503
05-05-2020,14:45,60188,244,903
05-05-2020,14:45,60189,53,426
05-05-2020,14:45,60190,20,282
05-05-2020,14:45,60191,76,315
05-05-2020,14:45,60192,26,207
05-05-2020,14:45,60193,113,569
05-05-2020,14:45,60194,61,329
05-05-2020,14:45,60195,7,54
05-05-2020,14:45,60201,196,1303
05-05-2020,14:45,60202,198,1159
05-05-2020,14:45,60203,20,127
05-05-2020,14:45,60301,16,90
05-05-2020,14:45,60302,134,935
05-05-2020,14:45,60304,49,452
05-05-2020,14:45,60305,35,286
05-05-2020,14:45,60401,30,194
05-05-2020,14:45,60402,694,2446
05-05-2020,14:45,60403,91,567
05-05-2020,14:45,60404,68,458
05-05-2020,14:45,60406,218,866
05-05-2020,14:45,60408,10,84
05-05-2020,14:45,60409,343,1530
05-05-2020,14:45,60410,21,235
05-05-2020,14:45,60411,542,2403
05-05-2020,14:45,60415,123,408
05-05-2020,14:45,60417,94,481
05-05-2020,14:45,60418,55,244
05-05-2020,14:45,60419,228,1025
05-05-2020,14:45,60422,61,366
05-05-2020,14:45,60423,90,564
05-05-2020,14:45,60425,83,528
05-05-2020,14:45,60426,277,1265
05-05-2020,14:45,60428,141,705
05-05-2020,14:45,60429,158,933
05-05-2020,14:45,60430,193,828
05-05-2020,14:45,60431,113,718
05-05-2020,14:45,60432,134,530
05-05-2020,14:45,60433,132,490
05-05-2020,14:45,60434,134,72
05-05-2020,14:45,60435,387,1762
05-05-2020,14:45,60436,99,580
05-05-2020,14:45,60438,220,958
05-05-2020,14:45,60439,57,427
05-05-2020,14:45,60440,434,1718
05-05-2020,14:45,60441,125,679
05-05-2020,14:45,60442,26,183
05-05-2020,14:45,60443,247,1081
05-05-2020,14:45,60445,88,524
05-05-2020,14:45,60446,244,1148
05-05-2020,14:45,60447,24,278
05-05-2020,14:45,60448,85,406
05-05-2020,14:45,60449,52,324
05-05-2020,14:45,60450,19,246
05-05-2020,14:45,60451,66,496
05-05-2020,14:45,60452,120,639
05-05-2020,14:45,60453,400,1487
05-05-2020,14:45,60455,197,790
05-05-2020,14:45,60456,25,119
05-05-2020,14:45,60457,79,273
05-05-2020,14:45,60458,63,403
05-05-2020,14:45,60459,206,754
05-05-2020,14:45,60461,41,238
05-05-2020,14:45,60462,157,853
05-05-2020,14:45,60463,128,405
05-05-2020,14:45,60464,27,173
05-05-2020,14:45,60465,98,408
05-05-2020,14:45,60466,363,1330
05-05-2020,14:45,60467,102,487
05-05-2020,14:45,60468,19,86
05-05-2020,14:45,60469,36,173
05-05-2020,14:45,60471,139,637
05-05-2020,14:45,60472,46,256
05-05-2020,14:45,60473,251,1143
05-05-2020,14:45,60475,50,297
05-05-2020,14:45,60476,13,81
05-05-2020,14:45,60477,135,813
05-05-2020,14:45,60478,217,1049
05-05-2020,14:45,60480,21,138
05-05-2020,14:45,60481,15,179
05-05-2020,14:45,60482,48,256
05-05-2020,14:45,60484,67,301
05-05-2020,14:45,60487,82,503
05-05-2020,14:45,60490,91,551
05-05-2020,14:45,60491,90,427
05-05-2020,14:45,60501,131,380
05-05-2020,14:45,60502,36,274
05-05-2020,14:45,60503,27,173
05-05-2020,14:45,60504,119,540
05-05-2020,14:45,60505,558,1199
05-05-2020,14:45,60506,354,1348
05-05-2020,14:45,60510,49,413
05-05-2020,14:45,60513,83,611
05-05-2020,14:45,60514,26,228
05-05-2020,14:45,60515,43,399
05-05-2020,14:45,60516,68,456
05-05-2020,14:45,60517,119,655
05-05-2020,14:45,60521,126,571
05-05-2020,14:45,60523,52,301
05-05-2020,14:45,60525,158,980
05-05-2020,14:45,60526,45,417
05-05-2020,14:45,60527,161,926
05-05-2020,14:45,60532,69,411
05-05-2020,14:45,60534,73,303
05-05-2020,14:45,60538,103,409
05-05-2020,14:45,60540,62,685
05-05-2020,14:45,60542,48,324
05-05-2020,14:45,60543,94,458
05-05-2020,14:45,60544,93,675
05-05-2020,14:45,60545,56,195
05-05-2020,14:45,60546,85,490
05-05-2020,14:45,60548,20,131
05-05-2020,14:45,60551,16,46
05-05-2020,14:45,60554,19,149
05-05-2020,14:45,60555,49,250
05-05-2020,14:45,60558,19,233
05-05-2020,14:45,60559,164,582
05-05-2020,14:45,60560,45,273
05-05-2020,14:45,60561,77,519
05-05-2020,14:45,60563,85,621
05-05-2020,14:45,60564,78,605
05-05-2020,14:45,60565,108,590
05-05-2020,14:45,60585,46,357
05-05-2020,14:45,60586,177,1034
05-05-2020,14:45,60601,60,393
05-05-2020,14:45,60602,6,60
05-05-2020,14:45,60604,10,49
05-05-2020,14:45,60605,131,873
05-05-2020,14:45,60606,34,241
05-05-2020,14:45,60607,297,1141
05-05-2020,14:45,60608,917,2996
05-05-2020,14:45,60609,840,2304
05-05-2020,14:45,60610,156,1070
05-05-2020,14:45,60611,104,1109
05-05-2020,14:45,60612,422,2131
05-05-2020,14:45,60613,266,1230
05-05-2020,14:45,60614,313,1898
05-05-2020,14:45,60615,251,1559
05-05-2020,14:45,60616,269,1650
05-05-2020,14:45,60617,602,2894
05-05-2020,14:45,60618,614,2577
05-05-2020,14:45,60619,627,2708
05-05-2020,14:45,60620,752,2972
05-05-2020,14:45,60621,337,1203
05-05-2020,14:45,60622,372,1682
05-05-2020,14:45,60623,1596,3502
05-05-2020,14:45,60624,489,1762
05-05-2020,14:45,60625,744,2358
05-05-2020,14:45,60626,590,1932
05-05-2020,14:45,60628,682,2609
05-05-2020,14:45,60629,1506,3716
05-05-2020,14:45,60630,411,1773
05-05-2020,14:45,60631,144,1258
05-05-2020,14:45,60632,1390,3163
05-05-2020,14:45,60633,181,1161
05-05-2020,14:45,60634,755,3508
05-05-2020,14:45,60636,413,1173
05-05-2020,14:45,60637,367,2136
05-05-2020,14:45,60638,624,2406
05-05-2020,14:45,60639,1590,3912
05-05-2020,14:45,60640,503,2028
05-05-2020,14:45,60641,678,2409
05-05-2020,14:45,60642,95,600
05-05-2020,14:45,60643,535,2535
05-05-2020,14:45,60644,709,2372
05-05-2020,14:45,60645,681,2189
05-05-2020,14:45,60646,213,1222
05-05-2020,14:45,60647,650,2569
05-05-2020,14:45,60649,511,2137
05-05-2020,14:45,60651,837,2558
05-05-2020,14:45,60652,450,1498
05-05-2020,14:45,60653,329,1528
05-05-2020,14:45,60654,95,534
05-05-2020,14:45,60655,185,1257
05-05-2020,14:45,60656,155,1076
05-05-2020,14:45,60657,226,1664
05-05-2020,14:45,60659,424,1246
05-05-2020,14:45,60660,250,1025
05-05-2020,14:45,60661,26,245
05-05-2020,14:45,60706,198,926
05-05-2020,14:45,60707,438,1799
05-05-2020,14:45,60712,115,481
05-05-2020,14:45,60714,449,1398
05-05-2020,14:45,60803,134,627
05-05-2020,14:45,60804,1356,3578
05-05-2020,14:45,60805,156,526
05-05-2020,14:45,60827,213,992
05-05-2020,14:45,60901,234,1299
05-05-2020,14:45,60914,64,646
05-05-2020,14:45,60915,23,257
05-05-2020,14:45,60922,7,60
05-05-2020,14:45,60927,14,39
05-05-2020,14:45,60950,20,250
05-05-2020,14:45,60954,12,215
05-05-2020,14:45,60958,15,60
05-05-2020,14:45,60964,10,76
05-05-2020,14:45,61008,128,408
05-05-2020,14:45,61016,17,101
05-05-2020,14:45,61021,32,404
05-05-2020,14:45,61032,63,297
05-05-2020,14:45,61064,8,47
05-05-2020,14:45,61065,14,114
05-05-2020,14:45,61068,98,729
05-05-2020,14:45,61071,22,116
05-05-2020,14:45,61072,8,81
05-05-2020,14:45,61073,12,168
05-05-2020,14:45,61080,12,81
05-05-2020,14:45,61081,53,216
05-05-2020,14:45,61084,6,22
05-05-2020,14:45,61101,65,491
05-05-2020,14:45,61102,77,404
05-05-2020,14:45,61103,62,450
05-05-2020,14:45,61104,92,354
05-05-2020,14:45,61107,42,387
05-05-2020,14:45,61108,98,452
05-05-2020,14:45,61109,74,460
05-05-2020,14:45,61111,22,268
05-05-2020,14:45,61114,30,170
05-05-2020,14:45,61115,22,240
05-05-2020,14:45,61201,114,445
05-05-2020,14:45,61235,8,38
05-05-2020,14:45,61240,6,57
05-05-2020,14:45,61241,14,96
05-05-2020,14:45,61244,122,354
05-05-2020,14:45,61252,8,46
05-05-2020,14:45,61254,6,160
05-05-2020,14:45,61264,15,131
05-05-2020,14:45,61265,142,624
05-05-2020,14:45,61275,7,45
05-05-2020,14:45,61282,29,111
05-05-2020,14:45,61341,6,80
05-05-2020,14:45,61342,14,97
05-05-2020,14:45,61350,6,213
05-05-2020,14:45,61356,6,103
05-05-2020,14:45,61401,47,549
05-05-2020,14:45,61443,13,167
05-05-2020,14:45,61455,30,218
05-05-2020,14:45,61462,78,212
05-05-2020,14:45,61525,6,89
05-05-2020,14:45,61554,15,396
05-05-2020,14:45,61603,14,326
05-05-2020,14:45,61604,22,496
05-05-2020,14:45,61605,6,282
05-05-2020,14:45,61611,17,279
05-05-2020,14:45,61614,34,355
05-05-2020,14:45,61615,18,306
05-05-2020,14:45,61701,35,812
05-05-2020,14:45,61704,18,630
05-05-2020,14:45,61705,8,241
05-05-2020,14:45,61761,26,702
05-05-2020,14:45,61764,10,179
05-05-2020,14:45,61801,19,399
05-05-2020,14:45,61802,26,482
05-05-2020,14:45,61820,33,409
05-05-2020,14:45,61821,27,600
05-05-2020,14:45,61822,30,475
05-05-2020,14:45,61832,14,358
05-05-2020,14:45,61853,9,255
05-05-2020,14:45,61866,44,345
05-05-2020,14:45,61874,7,153
05-05-2020,14:45,61910,6,53
05-05-2020,14:45,61920,10,160
05-05-2020,14:45,61938,9,194
05-05-2020,14:45,61953,9,96
05-05-2020,14:45,62002,52,231
05-05-2020,14:45,62010,8,54
05-05-2020,14:45,62024,7,37
05-05-2020,14:45,62025,96,403
05-05-2020,14:45,62034,42,146
05-05-2020,14:45,62035,12,85
05-05-2020,14:45,62040,59,329
05-05-2020,14:45,62052,11,56
05-05-2020,14:45,62056,11,132
05-05-2020,14:45,62060,12,47
05-05-2020,14:45,62062,7,136
05-05-2020,14:45,62069,7,55
05-05-2020,14:45,62088,6,189
05-05-2020,14:45,62090,7,13
05-05-2020,14:45,62095,9,76
05-05-2020,14:45,62201,13,42
05-05-2020,14:45,62203,22,58
05-05-2020,14:45,62204,30,50
05-05-2020,14:45,62205,24,64
05-05-2020,14:45,62206,53,242
05-05-2020,14:45,62207,30,68
05-05-2020,14:45,62208,37,126
05-05-2020,14:45,62220,58,150
05-05-2020,14:45,62221,45,171
05-05-2020,14:45,62223,36,101
05-05-2020,14:45,62226,76,396
05-05-2020,14:45,62230,6,55
05-05-2020,14:45,62231,59,211
05-05-2020,14:45,62232,7,42
05-05-2020,14:45,62233,64,236
05-05-2020,14:45,62234,30,206
05-05-2020,14:45,62236,34,96
05-05-2020,14:45,62239,9,21
05-05-2020,14:45,62249,10,82
05-05-2020,14:45,62254,18,69
05-05-2020,14:45,62257,7,36
05-05-2020,14:45,62258,14,65
05-05-2020,14:45,62265,8,38
05-05-2020,14:45,62269,50,204
05-05-2020,14:45,62272,40,93
05-05-2020,14:45,62274,7,64
05-05-2020,14:45,62278,14,80
05-05-2020,14:45,62286,23,147
05-05-2020,14:45,62288,26,101
05-05-2020,14:45,62294,15,79
05-05-2020,14:45,62295,6,13
05-05-2020,14:45,62298,35,141
05-05-2020,14:45,62301,19,359
05-05-2020,14:45,62305,15,97
05-05-2020,14:45,62448,39,200
05-05-2020,14:45,62454,7,96
05-05-2020,14:45,62471,15,91
05-05-2020,14:45,62521,75,500
05-05-2020,14:45,62522,21,87
05-05-2020,14:45,62526,22,210
05-05-2020,14:45,62565,7,50
05-05-2020,14:45,62568,25,194
05-05-2020,14:45,62618,39,346
05-05-2020,14:45,62629,8,222
05-05-2020,14:45,62650,20,315
05-05-2020,14:45,62656,7,316
05-05-2020,14:45,62664,9,53
05-05-2020,14:45,62684,59,229
05-05-2020,14:45,62702,39,722
05-05-2020,14:45,62703,32,522
05-05-2020,14:45,62704,28,677
05-05-2020,14:45,62707,10,137
05-05-2020,14:45,62711,15,254
05-05-2020,14:45,62801,46,439
05-05-2020,14:45,62832,13,171
05-05-2020,14:45,62864,74,487
05-05-2020,14:45,62901,82,424
05-05-2020,14:45,62902,12,63
05-05-2020,14:45,62906,9,144
05-05-2020,14:45,62907,11,36
05-05-2020,14:45,62918,9,120
05-05-2020,14:45,62920,16,64
05-05-2020,14:45,62948,6,183
05-05-2020,14:45,62959,18,419
05-05-2020,14:45,62966,37,260
05-05-2020,14:45,62992,16,44
05-04-2020,22:16,46324,7,75
05-04-2020,22:16,46394,6,36
05-04-2020,22:16,53142,13,87
05-04-2020,22:16,54302,7,32
05-04-2020,22:16,60002,56,391
05-04-2020,22:16,60004,146,1540
05-04-2020,22:16,60005,81,470
05-04-2020,22:16,60007,113,542
05-04-2020,22:16,60008,128,419
05-04-2020,22:16,60010,47,428
05-04-2020,22:16,60012,54,147
05-04-2020,22:16,60013,45,242
05-04-2020,22:16,60014,86,596
05-04-2020,22:16,60015,102,594
05-04-2020,22:16,60016,605,1804
05-04-2020,22:16,60018,266,834
05-04-2020,22:16,60020,19,157
05-04-2020,22:16,60021,9,69
05-04-2020,22:16,60022,23,186
05-04-2020,22:16,60025,211,1062
05-04-2020,22:16,60026,89,366
05-04-2020,22:16,60030,77,546
05-04-2020,22:16,60031,153,722
05-04-2020,22:16,60033,63,224
05-04-2020,22:16,60035,156,823
05-04-2020,22:16,60040,47,133
05-04-2020,22:16,60041,22,127
05-04-2020,22:16,60042,14,85
05-04-2020,22:16,60043,14,88
05-04-2020,22:16,60044,56,263
05-04-2020,22:16,60045,92,460
05-04-2020,22:16,60046,93,530
05-04-2020,22:16,60047,93,425
05-04-2020,22:16,60048,66,418
05-04-2020,22:16,60050,106,458
05-04-2020,22:16,60051,49,318
05-04-2020,22:16,60053,155,665
05-04-2020,22:16,60056,295,1115
05-04-2020,22:16,60060,195,628
05-04-2020,22:16,60061,89,397
05-04-2020,22:16,60062,189,1123
05-04-2020,22:16,60064,311,605
05-04-2020,22:16,60067,69,534
05-04-2020,22:16,60068,169,763
05-04-2020,22:16,60069,40,189
05-04-2020,22:16,60070,100,346
05-04-2020,22:16,60071,6,47
05-04-2020,22:16,60073,309,1019
05-04-2020,22:16,60074,159,674
05-04-2020,22:16,60076,279,1255
05-04-2020,22:16,60077,237,1034
05-04-2020,22:16,60081,27,118
05-04-2020,22:16,60083,55,179
05-04-2020,22:16,60084,93,212
05-04-2020,22:16,60085,1214,2206
05-04-2020,22:16,60087,309,676
05-04-2020,22:16,60088,34,68
05-04-2020,22:16,60089,119,594
05-04-2020,22:16,60090,290,921
05-04-2020,22:16,60091,106,705
05-04-2020,22:16,60093,101,567
05-04-2020,22:16,60096,17,96
05-04-2020,22:16,60097,20,157
05-04-2020,22:16,60098,165,520
05-04-2020,22:16,60099,260,687
05-04-2020,22:16,60101,329,962
05-04-2020,22:16,60102,69,362
05-04-2020,22:16,60103,109,615
05-04-2020,22:16,60104,247,787
05-04-2020,22:16,60106,253,861
05-04-2020,22:16,60107,221,778
05-04-2020,22:16,60108,120,940
05-04-2020,22:16,60110,207,496
05-04-2020,22:16,60112,15,60
05-04-2020,22:16,60115,50,460
05-04-2020,22:16,60118,29,158
05-04-2020,22:16,60119,16,129
05-04-2020,22:16,60120,351,822
05-04-2020,22:16,60123,214,713
05-04-2020,22:16,60124,30,232
05-04-2020,22:16,60126,149,903
05-04-2020,22:16,60130,69,477
05-04-2020,22:16,60131,162,612
05-04-2020,22:16,60133,289,787
05-04-2020,22:16,60134,76,324
05-04-2020,22:16,60135,14,85
05-04-2020,22:16,60136,23,95
05-04-2020,22:16,60137,72,526
05-04-2020,22:16,60139,250,846
05-04-2020,22:16,60140,38,230
05-04-2020,22:16,60141,6,141
05-04-2020,22:16,60142,43,344
05-04-2020,22:16,60143,83,385
05-04-2020,22:16,60148,144,848
05-04-2020,22:16,60152,28,157
05-04-2020,22:16,60153,254,964
05-04-2020,22:16,60154,112,601
05-04-2020,22:16,60155,101,315
05-04-2020,22:16,60156,54,351
05-04-2020,22:16,60157,6,31
05-04-2020,22:16,60160,302,942
05-04-2020,22:16,60162,86,317
05-04-2020,22:16,60163,46,162
05-04-2020,22:16,60164,228,1104
05-04-2020,22:16,60165,83,181
05-04-2020,22:16,60169,157,588
05-04-2020,22:16,60171,54,312
05-04-2020,22:16,60172,113,427
05-04-2020,22:16,60173,29,151
05-04-2020,22:16,60174,60,644
05-04-2020,22:16,60175,34,334
05-04-2020,22:16,60176,66,301
05-04-2020,22:16,60177,80,335
05-04-2020,22:16,60178,18,223
05-04-2020,22:16,60181,119,556
05-04-2020,22:16,60185,257,757
05-04-2020,22:16,60187,57,471
05-04-2020,22:16,60188,237,860
05-04-2020,22:16,60189,51,407
05-04-2020,22:16,60190,18,273
05-04-2020,22:16,60191,73,302
05-04-2020,22:16,60192,25,198
05-04-2020,22:16,60193,109,549
05-04-2020,22:16,60194,60,323
05-04-2020,22:16,60195,8,50
05-04-2020,22:16,60201,194,1284
05-04-2020,22:16,60202,193,1127
05-04-2020,22:16,60203,20,124
05-04-2020,22:16,60301,16,85
05-04-2020,22:16,60302,130,907
05-04-2020,22:16,60304,48,438
05-04-2020,22:16,60305,33,274
05-04-2020,22:16,60401,30,189
05-04-2020,22:16,60402,649,2337
05-04-2020,22:16,60403,90,552
05-04-2020,22:16,60404,63,436
05-04-2020,22:16,60406,208,828
05-04-2020,22:16,60408,10,82
05-04-2020,22:16,60409,330,1460
05-04-2020,22:16,60410,21,229
05-04-2020,22:16,60411,529,2325
05-04-2020,22:16,60415,119,400
05-04-2020,22:16,60417,92,465
05-04-2020,22:16,60418,54,241
05-04-2020,22:16,60419,226,998
05-04-2020,22:16,60422,61,359
05-04-2020,22:16,60423,89,556
05-04-2020,22:16,60425,79,519
05-04-2020,22:16,60426,266,1214
05-04-2020,22:16,60428,143,682
05-04-2020,22:16,60429,155,902
05-04-2020,22:16,60430,186,799
05-04-2020,22:16,60431,112,689
05-04-2020,22:16,60432,129,511
05-04-2020,22:16,60433,123,465
05-04-2020,22:16,60434,133,70
05-04-2020,22:16,60435,378,1706
05-04-2020,22:16,60436,99,562
05-04-2020,22:16,60438,217,931
05-04-2020,22:16,60439,55,422
05-04-2020,22:16,60440,415,1660
05-04-2020,22:16,60441,123,666
05-04-2020,22:16,60442,25,180
05-04-2020,22:16,60443,242,1039
05-04-2020,22:16,60445,87,494
05-04-2020,22:16,60446,236,1115
05-04-2020,22:16,60447,23,276
05-04-2020,22:16,60448,83,399
05-04-2020,22:16,60449,50,319
05-04-2020,22:16,60450,19,239
05-04-2020,22:16,60451,63,487
05-04-2020,22:16,60452,117,620
05-04-2020,22:16,60453,387,1442
05-04-2020,22:16,60455,190,767
05-04-2020,22:16,60456,23,114
05-04-2020,22:16,60457,74,265
05-04-2020,22:16,60458,60,391
05-04-2020,22:16,60459,195,734
05-04-2020,22:16,60461,39,231
05-04-2020,22:16,60462,155,819
05-04-2020,22:16,60463,113,386
05-04-2020,22:16,60464,27,169
05-04-2020,22:16,60465,98,396
05-04-2020,22:16,60466,355,1302
05-04-2020,22:16,60467,101,474
05-04-2020,22:16,60468,19,85
05-04-2020,22:16,60469,36,165
05-04-2020,22:16,60471,138,628
05-04-2020,22:16,60472,43,247
05-04-2020,22:16,60473,246,1112
05-04-2020,22:16,60475,50,290
05-04-2020,22:16,60476,13,75
05-04-2020,22:16,60477,128,786
05-04-2020,22:16,60478,212,1022
05-04-2020,22:16,60480,20,136
05-04-2020,22:16,60481,15,174
05-04-2020,22:16,60482,46,248
05-04-2020,22:16,60484,66,294
05-04-2020,22:16,60487,80,489
05-04-2020,22:16,60490,88,535
05-04-2020,22:16,60491,88,416
05-04-2020,22:16,60501,124,364
05-04-2020,22:16,60502,36,269
05-04-2020,22:16,60503,26,161
05-04-2020,22:16,60504,117,519
05-04-2020,22:16,60505,534,1118
05-04-2020,22:16,60506,343,1301
05-04-2020,22:16,60510,46,399
05-04-2020,22:16,60513,80,591
05-04-2020,22:16,60514,26,214
05-04-2020,22:16,60515,43,381
05-04-2020,22:16,60516,65,433
05-04-2020,22:16,60517,115,630
05-04-2020,22:16,60521,125,560
05-04-2020,22:16,60523,49,289
05-04-2020,22:16,60525,155,942
05-04-2020,22:16,60526,41,402
05-04-2020,22:16,60527,162,908
05-04-2020,22:16,60532,69,385
05-04-2020,22:16,60534,68,294
05-04-2020,22:16,60538,100,392
05-04-2020,22:16,60540,61,656
05-04-2020,22:16,60542,45,313
05-04-2020,22:16,60543,91,448
05-04-2020,22:16,60544,89,653
05-04-2020,22:16,60545,53,178
05-04-2020,22:16,60546,82,479
05-04-2020,22:16,60548,19,123
05-04-2020,22:16,60551,16,43
05-04-2020,22:16,60552,6,47
05-04-2020,22:16,60554,18,141
05-04-2020,22:16,60555,48,239
05-04-2020,22:16,60558,19,228
05-04-2020,22:16,60559,158,569
05-04-2020,22:16,60560,46,257
05-04-2020,22:16,60561,78,494
05-04-2020,22:16,60563,84,591
05-04-2020,22:16,60564,77,574
05-04-2020,22:16,60565,107,556
05-04-2020,22:16,60585,45,348
05-04-2020,22:16,60586,171,999
05-04-2020,22:16,60601,57,379
05-04-2020,22:16,60602,7,56
05-04-2020,22:16,60604,10,47
05-04-2020,22:16,60605,131,850
05-04-2020,22:16,60606,31,236
05-04-2020,22:16,60607,295,1123
05-04-2020,22:16,60608,873,2800
05-04-2020,22:16,60609,798,2172
05-04-2020,22:16,60610,153,1042
05-04-2020,22:16,60611,103,1100
05-04-2020,22:16,60612,414,2057
05-04-2020,22:16,60613,258,1169
05-04-2020,22:16,60614,306,1854
05-04-2020,22:16,60615,248,1519
05-04-2020,22:16,60616,273,1610
05-04-2020,22:16,60617,580,2783
05-04-2020,22:16,60618,591,2526
05-04-2020,22:16,60619,615,2632
05-04-2020,22:16,60620,740,2903
05-04-2020,22:16,60621,324,1167
05-04-2020,22:16,60622,361,1627
05-04-2020,22:16,60623,1526,3275
05-04-2020,22:16,60624,475,1673
05-04-2020,22:16,60625,725,2239
05-04-2020,22:16,60626,573,1886
05-04-2020,22:16,60628,667,2534
05-04-2020,22:16,60629,1443,3510
05-04-2020,22:16,60630,396,1722
05-04-2020,22:16,60631,142,1224
05-04-2020,22:16,60632,1308,2937
05-04-2020,22:16,60633,180,1135
05-04-2020,22:16,60634,727,3420
05-04-2020,22:16,60636,404,1126
05-04-2020,22:16,60637,353,2087
05-04-2020,22:16,60638,608,2293
05-04-2020,22:16,60639,1504,3724
05-04-2020,22:16,60640,488,1963
05-04-2020,22:16,60641,644,2306
05-04-2020,22:16,60642,92,585
05-04-2020,22:16,60643,526,2438
05-04-2020,22:16,60644,683,2233
05-04-2020,22:16,60645,667,2113
05-04-2020,22:16,60646,210,1199
05-04-2020,22:16,60647,622,2476
05-04-2020,22:16,60649,498,2072
05-04-2020,22:16,60651,795,2392
05-04-2020,22:16,60652,436,1443
05-04-2020,22:16,60653,318,1473
05-04-2020,22:16,60654,94,525
05-04-2020,22:16,60655,181,1228
05-04-2020,22:16,60656,151,1054
05-04-2020,22:16,60657,224,1630
05-04-2020,22:16,60659,411,1226
05-04-2020,22:16,60660,246,995
05-04-2020,22:16,60661,26,241
05-04-2020,22:16,60706,194,909
05-04-2020,22:16,60707,413,1751
05-04-2020,22:16,60712,114,471
05-04-2020,22:16,60714,441,1359
05-04-2020,22:16,60803,129,617
05-04-2020,22:16,60804,1298,3395
05-04-2020,22:16,60805,154,515
05-04-2020,22:16,60827,210,961
05-04-2020,22:16,60901,226,1261
05-04-2020,22:16,60914,63,632
05-04-2020,22:16,60915,23,247
05-04-2020,22:16,60922,7,59
05-04-2020,22:16,60927,11,36
05-04-2020,22:16,60950,19,246
05-04-2020,22:16,60954,12,213
05-04-2020,22:16,60958,15,57
05-04-2020,22:16,60964,10,76
05-04-2020,22:16,61008,126,394
05-04-2020,22:16,61016,17,99
05-04-2020,22:16,61021,16,393
05-04-2020,22:16,61032,63,272
05-04-2020,22:16,61064,8,46
05-04-2020,22:16,61065,14,110
05-04-2020,22:16,61068,98,710
05-04-2020,22:16,61071,21,114
05-04-2020,22:16,61072,8,78
05-04-2020,22:16,61073,12,160
05-04-2020,22:16,61080,12,77
05-04-2020,22:16,61081,52,209
05-04-2020,22:16,61084,6,21
05-04-2020,22:16,61101,65,480
05-04-2020,22:16,61102,74,395
05-04-2020,22:16,61103,63,438
05-04-2020,22:16,61104,90,337
05-04-2020,22:16,61107,41,356
05-04-2020,22:16,61108,94,432
05-04-2020,22:16,61109,73,446
05-04-2020,22:16,61111,21,257
05-04-2020,22:16,61114,30,162
05-04-2020,22:16,61115,22,232
05-04-2020,22:16,61201,112,417
05-04-2020,22:16,61235,8,36
05-04-2020,22:16,61240,6,53
05-04-2020,22:16,61241,14,91
05-04-2020,22:16,61244,121,338
05-04-2020,22:16,61252,8,44
05-04-2020,22:16,61254,6,157
05-04-2020,22:16,61264,15,119
05-04-2020,22:16,61265,142,574
05-04-2020,22:16,61275,7,42
05-04-2020,22:16,61282,30,109
05-04-2020,22:16,61341,6,77
05-04-2020,22:16,61342,14,89
05-04-2020,22:16,61350,6,186
05-04-2020,22:16,61356,6,86
05-04-2020,22:16,61401,46,528
05-04-2020,22:16,61443,13,157
05-04-2020,22:16,61455,29,189
05-04-2020,22:16,61462,78,204
05-04-2020,22:16,61525,6,83
05-04-2020,22:16,61554,12,384
05-04-2020,22:16,61603,13,319
05-04-2020,22:16,61604,19,481
05-04-2020,22:16,61611,17,270
05-04-2020,22:16,61614,33,350
05-04-2020,22:16,61615,19,299
05-04-2020,22:16,61701,35,784
05-04-2020,22:16,61704,18,603
05-04-2020,22:16,61705,8,235
05-04-2020,22:16,61761,27,679
05-04-2020,22:16,61764,10,175
05-04-2020,22:16,61801,18,389
05-04-2020,22:16,61802,22,466
05-04-2020,22:16,61820,27,396
05-04-2020,22:16,61821,26,584
05-04-2020,22:16,61822,28,465
05-04-2020,22:16,61832,12,340
05-04-2020,22:16,61853,9,251
05-04-2020,22:16,61866,30,316
05-04-2020,22:16,61874,7,152
05-04-2020,22:16,61910,6,53
05-04-2020,22:16,61920,10,156
05-04-2020,22:16,61938,9,191
05-04-2020,22:16,61953,9,93
05-04-2020,22:16,62002,50,215
05-04-2020,22:16,62010,8,50
05-04-2020,22:16,62024,7,37
05-04-2020,22:16,62025,96,400
05-04-2020,22:16,62034,42,145
05-04-2020,22:16,62035,11,85
05-04-2020,22:16,62040,58,325
05-04-2020,22:16,62052,11,56
05-04-2020,22:16,62056,10,125
05-04-2020,22:16,62060,11,47
05-04-2020,22:16,62062,7,135
05-04-2020,22:16,62069,7,55
05-04-2020,22:16,62088,6,188
05-04-2020,22:16,62090,7,13
05-04-2020,22:16,62095,9,72
05-04-2020,22:16,62201,13,42
05-04-2020,22:16,62203,20,58
05-04-2020,22:16,62204,27,50
05-04-2020,22:16,62205,21,64
05-04-2020,22:16,62206,51,240
05-04-2020,22:16,62207,28,62
05-04-2020,22:16,62208,36,125
05-04-2020,22:16,62220,54,150
05-04-2020,22:16,62221,43,168
05-04-2020,22:16,62223,35,99
05-04-2020,22:16,62226,74,392
05-04-2020,22:16,62230,6,54
05-04-2020,22:16,62231,57,211
05-04-2020,22:16,62232,6,40
05-04-2020,22:16,62233,64,235
05-04-2020,22:16,62234,30,204
05-04-2020,22:16,62236,34,95
05-04-2020,22:16,62239,8,21
05-04-2020,22:16,62249,10,82
05-04-2020,22:16,62254,17,69
05-04-2020,22:16,62257,7,36
05-04-2020,22:16,62258,14,65
05-04-2020,22:16,62265,8,38
05-04-2020,22:16,62269,49,203
05-04-2020,22:16,62272,40,93
05-04-2020,22:16,62274,7,64
05-04-2020,22:16,62278,15,80
05-04-2020,22:16,62286,23,146
05-04-2020,22:16,62288,26,101
05-04-2020,22:16,62294,15,78
05-04-2020,22:16,62295,6,13
05-04-2020,22:16,62298,33,141
05-04-2020,22:16,62301,19,354
05-04-2020,22:16,62305,15,97
05-04-2020,22:16,62448,39,200
05-04-2020,22:16,62454,7,93
05-04-2020,22:16,62471,15,91
05-04-2020,22:16,62521,74,484
05-04-2020,22:16,62522,20,81
05-04-2020,22:16,62526,22,202
05-04-2020,22:16,62565,7,49
05-04-2020,22:16,62568,24,189
05-04-2020,22:16,62618,37,339
05-04-2020,22:16,62629,9,219
05-04-2020,22:16,62650,20,308
05-04-2020,22:16,62656,7,306
05-04-2020,22:16,62664,9,50
05-04-2020,22:16,62684,59,227
05-04-2020,22:16,62702,38,711
05-04-2020,22:16,62703,30,516
05-04-2020,22:16,62704,26,667
05-04-2020,22:16,62707,10,135
05-04-2020,22:16,62711,14,253
05-04-2020,22:16,62801,45,438
05-04-2020,22:16,62832,14,171
05-04-2020,22:16,62864,76,484
05-04-2020,22:16,62901,80,422
05-04-2020,22:16,62902,10,63
05-04-2020,22:16,62906,8,143
05-04-2020,22:16,62907,10,36
05-04-2020,22:16,62918,9,119
05-04-2020,22:16,62920,15,64
05-04-2020,22:16,62959,17,416
05-04-2020,22:16,62966,36,260
05-04-2020,22:16,62992,16,44
05-03-2020,14:45,46324,6,70
05-03-2020,14:45,53142,13,85
05-03-2020,14:45,54302,6,30
05-03-2020,14:45,60002,55,381
05-03-2020,14:45,60004,139,1525
05-03-2020,14:45,60005,75,451
05-03-2020,14:45,60007,107,524
05-03-2020,14:45,60008,124,401
05-03-2020,14:45,60010,46,420
05-03-2020,14:45,60012,52,143
05-03-2020,14:45,60013,44,234
05-03-2020,14:45,60014,80,579
05-03-2020,14:45,60015,100,583
05-03-2020,14:45,60016,592,1752
05-03-2020,14:45,60018,255,795
05-03-2020,14:45,60020,19,151
05-03-2020,14:45,60021,9,69
05-03-2020,14:45,60022,23,182
05-03-2020,14:45,60025,209,1042
05-03-2020,14:45,60026,88,352
05-03-2020,14:45,60030,78,531
05-03-2020,14:45,60031,148,697
05-03-2020,14:45,60033,63,218
05-03-2020,14:45,60035,155,788
05-03-2020,14:45,60040,47,124
05-03-2020,14:45,60041,21,120
05-03-2020,14:45,60042,12,80
05-03-2020,14:45,60043,14,87
05-03-2020,14:45,60044,54,253
05-03-2020,14:45,60045,91,445
05-03-2020,14:45,60046,90,513
05-03-2020,14:45,60047,89,411
05-03-2020,14:45,60048,64,402
05-03-2020,14:45,60050,102,441
05-03-2020,14:45,60051,48,306
05-03-2020,14:45,60053,151,646
05-03-2020,14:45,60056,289,1086
05-03-2020,14:45,60060,190,597
05-03-2020,14:45,60061,89,382
05-03-2020,14:45,60062,177,1101
05-03-2020,14:45,60064,310,585
05-03-2020,14:45,60067,66,509
05-03-2020,14:45,60068,166,751
05-03-2020,14:45,60069,38,184
05-03-2020,14:45,60070,96,324
05-03-2020,14:45,60071,6,46
05-03-2020,14:45,60073,296,965
05-03-2020,14:45,60074,148,572
05-03-2020,14:45,60076,277,1229
05-03-2020,14:45,60077,230,997
05-03-2020,14:45,60081,26,112
05-03-2020,14:45,60083,55,174
05-03-2020,14:45,60084,93,206
05-03-2020,14:45,60085,1181,2122
05-03-2020,14:45,60087,298,649
05-03-2020,14:45,60088,34,67
05-03-2020,14:45,60089,118,586
05-03-2020,14:45,60090,278,887
05-03-2020,14:45,60091,105,688
05-03-2020,14:45,60093,100,551
05-03-2020,14:45,60096,17,95
05-03-2020,14:45,60097,19,150
05-03-2020,14:45,60098,151,503
05-03-2020,14:45,60099,258,659
05-03-2020,14:45,60101,317,927
05-03-2020,14:45,60102,62,344
05-03-2020,14:45,60103,105,589
05-03-2020,14:45,60104,245,765
05-03-2020,14:45,60106,250,836
05-03-2020,14:45,60107,212,737
05-03-2020,14:45,60108,114,853
05-03-2020,14:45,60110,196,473
05-03-2020,14:45,60112,15,59
05-03-2020,14:45,60115,48,442
05-03-2020,14:45,60118,27,150
05-03-2020,14:45,60119,14,124
05-03-2020,14:45,60120,304,747
05-03-2020,14:45,60123,195,672
05-03-2020,14:45,60124,29,225
05-03-2020,14:45,60126,144,877
05-03-2020,14:45,60130,69,462
05-03-2020,14:45,60131,158,586
05-03-2020,14:45,60133,273,749
05-03-2020,14:45,60134,76,316
05-03-2020,14:45,60135,11,77
05-03-2020,14:45,60136,23,94
05-03-2020,14:45,60137,67,512
05-03-2020,14:45,60139,237,803
05-03-2020,14:45,60140,33,220
05-03-2020,14:45,60141,6,141
05-03-2020,14:45,60142,41,329
05-03-2020,14:45,60143,79,380
05-03-2020,14:45,60148,138,817
05-03-2020,14:45,60152,26,148
05-03-2020,14:45,60153,245,921
05-03-2020,14:45,60154,109,582
05-03-2020,14:45,60155,96,310
05-03-2020,14:45,60156,49,329
05-03-2020,14:45,60157,6,29
05-03-2020,14:45,60160,290,901
05-03-2020,14:45,60162,83,314
05-03-2020,14:45,60163,46,159
05-03-2020,14:45,60164,223,1047
05-03-2020,14:45,60165,79,172
05-03-2020,14:45,60169,153,567
05-03-2020,14:45,60171,54,305
05-03-2020,14:45,60172,99,395
05-03-2020,14:45,60173,28,147
05-03-2020,14:45,60174,58,630
05-03-2020,14:45,60175,33,323
05-03-2020,14:45,60176,64,290
05-03-2020,14:45,60177,74,315
05-03-2020,14:45,60178,17,215
05-03-2020,14:45,60181,114,545
05-03-2020,14:45,60185,238,711
05-03-2020,14:45,60187,54,453
05-03-2020,14:45,60188,223,823
05-03-2020,14:45,60189,49,395
05-03-2020,14:45,60190,15,265
05-03-2020,14:45,60191,67,287
05-03-2020,14:45,60192,23,193
05-03-2020,14:45,60193,103,527
05-03-2020,14:45,60194,58,311
05-03-2020,14:45,60195,8,48
05-03-2020,14:45,60201,192,1258
05-03-2020,14:45,60202,187,1095
05-03-2020,14:45,60203,20,121
05-03-2020,14:45,60301,15,83
05-03-2020,14:45,60302,127,873
05-03-2020,14:45,60304,48,426
05-03-2020,14:45,60305,32,266
05-03-2020,14:45,60401,30,182
05-03-2020,14:45,60402,620,2234
05-03-2020,14:45,60403,87,536
05-03-2020,14:45,60404,61,420
05-03-2020,14:45,60406,200,783
05-03-2020,14:45,60408,10,82
05-03-2020,14:45,60409,321,1373
05-03-2020,14:45,60410,21,223
05-03-2020,14:45,60411,513,2200
05-03-2020,14:45,60415,117,388
05-03-2020,14:45,60417,90,439
05-03-2020,14:45,60418,54,229
05-03-2020,14:45,60419,220,960
05-03-2020,14:45,60422,60,342
05-03-2020,14:45,60423,88,539
05-03-2020,14:45,60425,78,504
05-03-2020,14:45,60426,260,1172
05-03-2020,14:45,60428,143,659
05-03-2020,14:45,60429,152,870
05-03-2020,14:45,60430,179,750
05-03-2020,14:45,60431,106,671
05-03-2020,14:45,60432,121,489
05-03-2020,14:45,60433,118,440
05-03-2020,14:45,60434,132,70
05-03-2020,14:45,60435,365,1655
05-03-2020,14:45,60436,97,542
05-03-2020,14:45,60438,205,879
05-03-2020,14:45,60439,54,412
05-03-2020,14:45,60440,397,1609
05-03-2020,14:45,60441,119,647
05-03-2020,14:45,60442,24,171
05-03-2020,14:45,60443,239,999
05-03-2020,14:45,60445,83,457
05-03-2020,14:45,60446,227,1085
05-03-2020,14:45,60447,23,269
05-03-2020,14:45,60448,80,381
05-03-2020,14:45,60449,48,300
05-03-2020,14:45,60450,19,233
05-03-2020,14:45,60451,62,470
05-03-2020,14:45,60452,113,583
05-03-2020,14:45,60453,375,1368
05-03-2020,14:45,60455,185,740
05-03-2020,14:45,60456,23,107
05-03-2020,14:45,60457,69,254
05-03-2020,14:45,60458,59,377
05-03-2020,14:45,60459,187,684
05-03-2020,14:45,60461,39,222
05-03-2020,14:45,60462,153,783
05-03-2020,14:45,60463,106,376
05-03-2020,14:45,60464,25,165
05-03-2020,14:45,60465,97,376
05-03-2020,14:45,60466,347,1264
05-03-2020,14:45,60467,100,463
05-03-2020,14:45,60468,17,79
05-03-2020,14:45,60469,34,151
05-03-2020,14:45,60471,138,610
05-03-2020,14:45,60472,43,237
05-03-2020,14:45,60473,240,1064
05-03-2020,14:45,60475,49,268
05-03-2020,14:45,60476,13,74
05-03-2020,14:45,60477,122,751
05-03-2020,14:45,60478,209,982
05-03-2020,14:45,60480,18,133
05-03-2020,14:45,60481,15,167
05-03-2020,14:45,60482,43,230
05-03-2020,14:45,60484,67,281
05-03-2020,14:45,60487,78,477
05-03-2020,14:45,60490,87,521
05-03-2020,14:45,60491,86,408
05-03-2020,14:45,60501,115,342
05-03-2020,14:45,60502,35,261
05-03-2020,14:45,60503,24,159
05-03-2020,14:45,60504,113,500
05-03-2020,14:45,60505,484,996
05-03-2020,14:45,60506,320,1224
05-03-2020,14:45,60510,44,382
05-03-2020,14:45,60513,77,561
05-03-2020,14:45,60514,26,210
05-03-2020,14:45,60515,43,372
05-03-2020,14:45,60516,65,423
05-03-2020,14:45,60517,113,608
05-03-2020,14:45,60521,120,547
05-03-2020,14:45,60523,47,280
05-03-2020,14:45,60525,147,893
05-03-2020,14:45,60526,39,382
05-03-2020,14:45,60527,161,879
05-03-2020,14:45,60532,66,378
05-03-2020,14:45,60534,66,286
05-03-2020,14:45,60538,99,375
05-03-2020,14:45,60540,61,648
05-03-2020,14:45,60542,45,300
05-03-2020,14:45,60543,91,433
05-03-2020,14:45,60544,85,647
05-03-2020,14:45,60545,46,165
05-03-2020,14:45,60546,82,463
05-03-2020,14:45,60548,19,116
05-03-2020,14:45,60551,16,42
05-03-2020,14:45,60552,6,46
05-03-2020,14:45,60554,18,138
05-03-2020,14:45,60555,48,227
05-03-2020,14:45,60558,19,218
05-03-2020,14:45,60559,156,549
05-03-2020,14:45,60560,43,246
05-03-2020,14:45,60561,78,483
05-03-2020,14:45,60563,79,567
05-03-2020,14:45,60564,76,566
05-03-2020,14:45,60565,103,539
05-03-2020,14:45,60585,45,339
05-03-2020,14:45,60586,164,976
05-03-2020,14:45,60601,56,370
05-03-2020,14:45,60602,6,56
05-03-2020,14:45,60604,9,44
05-03-2020,14:45,60605,128,828
05-03-2020,14:45,60606,31,230
05-03-2020,14:45,60607,293,1109
05-03-2020,14:45,60608,826,2671
05-03-2020,14:45,60609,757,2054
05-03-2020,14:45,60610,149,1017
05-03-2020,14:45,60611,102,1084
05-03-2020,14:45,60612,397,2006
05-03-2020,14:45,60613,245,1147
05-03-2020,14:45,60614,289,1795
05-03-2020,14:45,60615,245,1477
05-03-2020,14:45,60616,275,1569
05-03-2020,14:45,60617,553,2640
05-03-2020,14:45,60618,574,2431
05-03-2020,14:45,60619,613,2542
05-03-2020,14:45,60620,730,2811
05-03-2020,14:45,60621,317,1133
05-03-2020,14:45,60622,343,1569
05-03-2020,14:45,60623,1445,3134
05-03-2020,14:45,60624,455,1591
05-03-2020,14:45,60625,672,2020
05-03-2020,14:45,60626,556,1827
05-03-2020,14:45,60628,654,2437
05-03-2020,14:45,60629,1362,3313
05-03-2020,14:45,60630,386,1644
05-03-2020,14:45,60631,137,1180
05-03-2020,14:45,60632,1248,2811
05-03-2020,14:45,60633,175,1094
05-03-2020,14:45,60634,699,3299
05-03-2020,14:45,60636,395,1092
05-03-2020,14:45,60637,343,2027
05-03-2020,14:45,60638,576,2219
05-03-2020,14:45,60639,1427,3505
05-03-2020,14:45,60640,478,1883
05-03-2020,14:45,60641,620,2206
05-03-2020,14:45,60642,92,567
05-03-2020,14:45,60643,521,2374
05-03-2020,14:45,60644,656,2153
05-03-2020,14:45,60645,663,2056
05-03-2020,14:45,60646,207,1172
05-03-2020,14:45,60647,574,2361
05-03-2020,14:45,60649,484,1997
05-03-2020,14:45,60651,760,2301
05-03-2020,14:45,60652,425,1381
05-03-2020,14:45,60653,318,1441
05-03-2020,14:45,60654,94,514
05-03-2020,14:45,60655,177,1175
05-03-2020,14:45,60656,148,1030
05-03-2020,14:45,60657,218,1587
05-03-2020,14:45,60659,406,1180
05-03-2020,14:45,60660,241,958
05-03-2020,14:45,60661,26,234
05-03-2020,14:45,60706,185,880
05-03-2020,14:45,60707,404,1696
05-03-2020,14:45,60712,111,458
05-03-2020,14:45,60714,378,1122
05-03-2020,14:45,60803,123,584
05-03-2020,14:45,60804,1253,3239
05-03-2020,14:45,60805,150,492
05-03-2020,14:45,60827,209,917
05-03-2020,14:45,60901,210,1202
05-03-2020,14:45,60914,61,598
05-03-2020,14:45,60915,21,232
05-03-2020,14:45,60922,7,58
05-03-2020,14:45,60927,8,33
05-03-2020,14:45,60950,18,235
05-03-2020,14:45,60954,11,203
05-03-2020,14:45,60958,12,53
05-03-2020,14:45,60964,10,75
05-03-2020,14:45,61008,122,373
05-03-2020,14:45,61016,15,90
05-03-2020,14:45,61021,16,393
05-03-2020,14:45,61032,56,263
05-03-2020,14:45,61064,7,45
05-03-2020,14:45,61065,14,104
05-03-2020,14:45,61068,97,707
05-03-2020,14:45,61071,21,112
05-03-2020,14:45,61072,7,72
05-03-2020,14:45,61073,10,148
05-03-2020,14:45,61080,11,72
05-03-2020,14:45,61081,52,207
05-03-2020,14:45,61084,6,21
05-03-2020,14:45,61101,62,408
05-03-2020,14:45,61102,66,333
05-03-2020,14:45,61103,59,388
05-03-2020,14:45,61104,82,307
05-03-2020,14:45,61107,40,328
05-03-2020,14:45,61108,91,389
05-03-2020,14:45,61109,72,409
05-03-2020,14:45,61111,20,244
05-03-2020,14:45,61114,29,148
05-03-2020,14:45,61115,21,214
05-03-2020,14:45,61201,104,409
05-03-2020,14:45,61235,8,35
05-03-2020,14:45,61240,6,51
05-03-2020,14:45,61241,13,90
05-03-2020,14:45,61244,119,323
05-03-2020,14:45,61252,8,44
05-03-2020,14:45,61264,14,116
05-03-2020,14:45,61265,135,554
05-03-2020,14:45,61275,7,42
05-03-2020,14:45,61282,30,107
05-03-2020,14:45,61342,14,86
05-03-2020,14:45,61356,6,84
05-03-2020,14:45,61401,44,503
05-03-2020,14:45,61443,12,154
05-03-2020,14:45,61455,28,182
05-03-2020,14:45,61462,72,198
05-03-2020,14:45,61554,12,363
05-03-2020,14:45,61603,14,298
05-03-2020,14:45,61604,19,440
05-03-2020,14:45,61611,17,260
05-03-2020,14:45,61614,33,328
05-03-2020,14:45,61615,18,266
05-03-2020,14:45,61701,35,782
05-03-2020,14:45,61704,18,599
05-03-2020,14:45,61705,8,231
05-03-2020,14:45,61761,25,674
05-03-2020,14:45,61764,10,171
05-03-2020,14:45,61801,18,380
05-03-2020,14:45,61802,21,431
05-03-2020,14:45,61820,27,386
05-03-2020,14:45,61821,25,567
05-03-2020,14:45,61822,28,450
05-03-2020,14:45,61832,10,334
05-03-2020,14:45,61853,9,246
05-03-2020,14:45,61866,25,300
05-03-2020,14:45,61874,7,149
05-03-2020,14:45,61910,6,52
05-03-2020,14:45,61920,10,149
05-03-2020,14:45,61938,9,188
05-03-2020,14:45,61953,9,91
05-03-2020,14:45,62002,50,199
05-03-2020,14:45,62010,8,46
05-03-2020,14:45,62024,7,31
05-03-2020,14:45,62025,96,389
05-03-2020,14:45,62034,42,127
05-03-2020,14:45,62035,11,79
05-03-2020,14:45,62040,58,302
05-03-2020,14:45,62052,10,55
05-03-2020,14:45,62056,10,123
05-03-2020,14:45,62060,10,44
05-03-2020,14:45,62062,6,127
05-03-2020,14:45,62069,7,53
05-03-2020,14:45,62088,6,188
05-03-2020,14:45,62090,7,13
05-03-2020,14:45,62095,9,71
05-03-2020,14:45,62201,13,39
05-03-2020,14:45,62203,20,50
05-03-2020,14:45,62204,26,47
05-03-2020,14:45,62205,20,56
05-03-2020,14:45,62206,51,232
05-03-2020,14:45,62207,26,59
05-03-2020,14:45,62208,36,120
05-03-2020,14:45,62220,53,132
05-03-2020,14:45,62221,43,155
05-03-2020,14:45,62223,35,90
05-03-2020,14:45,62226,74,376
05-03-2020,14:45,62230,6,53
05-03-2020,14:45,62231,57,208
05-03-2020,14:45,62232,6,38
05-03-2020,14:45,62233,64,231
05-03-2020,14:45,62234,30,184
05-03-2020,14:45,62236,34,92
05-03-2020,14:45,62239,8,21
05-03-2020,14:45,62249,10,75
05-03-2020,14:45,62254,17,62
05-03-2020,14:45,62257,7,36
05-03-2020,14:45,62258,14,63
05-03-2020,14:45,62265,8,35
05-03-2020,14:45,62269,48,186
05-03-2020,14:45,62272,38,89
05-03-2020,14:45,62274,7,62
05-03-2020,14:45,62278,15,74
05-03-2020,14:45,62285,6,26
05-03-2020,14:45,62286,23,141
05-03-2020,14:45,62288,26,100
05-03-2020,14:45,62294,15,69
05-03-2020,14:45,62295,6,13
05-03-2020,14:45,62298,33,140
05-03-2020,14:45,62301,19,338
05-03-2020,14:45,62305,15,96
05-03-2020,14:45,62448,39,198
05-03-2020,14:45,62454,7,93
05-03-2020,14:45,62471,15,90
05-03-2020,14:45,62521,73,473
05-03-2020,14:45,62522,19,77
05-03-2020,14:45,62526,23,187
05-03-2020,14:45,62565,7,45
05-03-2020,14:45,62568,24,186
05-03-2020,14:45,62613,6,45
05-03-2020,14:45,62618,37,319
05-03-2020,14:45,62629,8,201
05-03-2020,14:45,62650,20,284
05-03-2020,14:45,62656,7,295
05-03-2020,14:45,62664,8,46
05-03-2020,14:45,62684,58,194
05-03-2020,14:45,62702,37,648
05-03-2020,14:45,62703,30,474
05-03-2020,14:45,62704,24,629
05-03-2020,14:45,62707,11,126
05-03-2020,14:45,62711,13,237
05-03-2020,14:45,62801,45,428
05-03-2020,14:45,62832,14,166
05-03-2020,14:45,62864,76,478
05-03-2020,14:45,62901,80,418
05-03-2020,14:45,62902,10,63
05-03-2020,14:45,62906,7,142
05-03-2020,14:45,62907,10,34
05-03-2020,14:45,62918,8,117
05-03-2020,14:45,62920,14,62
05-03-2020,14:45,62959,17,413
05-03-2020,14:45,62966,35,259
05-03-2020,14:45,62992,16,44
05-02-2020,23:28,46324,6,70
05-02-2020,23:28,53142,11,81
05-02-2020,23:28,54302,7,25
05-02-2020,23:28,60002,54,366
05-02-2020,23:28,60004,130,1476
05-02-2020,23:28,60005,73,430
05-02-2020,23:28,60007,105,496
05-02-2020,23:28,60008,117,368
05-02-2020,23:28,60010,44,393
05-02-2020,23:28,60012,49,134
05-02-2020,23:28,60013,43,225
05-02-2020,23:28,60014,76,547
05-02-2020,23:28,60015,99,573
05-02-2020,23:28,60016,554,1617
05-02-2020,23:28,60018,242,767
05-02-2020,23:28,60020,18,139
05-02-2020,23:28,60021,9,69
05-02-2020,23:28,60022,22,177
05-02-2020,23:28,60025,204,1003
05-02-2020,23:28,60026,88,343
05-02-2020,23:28,60030,76,506
05-02-2020,23:28,60031,138,669
05-02-2020,23:28,60033,54,193
05-02-2020,23:28,60035,149,763
05-02-2020,23:28,60040,43,118
05-02-2020,23:28,60041,20,113
05-02-2020,23:28,60042,12,78
05-02-2020,23:28,60043,14,85
05-02-2020,23:28,60044,52,246
05-02-2020,23:28,60045,90,439
05-02-2020,23:28,60046,90,500
05-02-2020,23:28,60047,86,396
05-02-2020,23:28,60048,63,386
05-02-2020,23:28,60050,100,419
05-02-2020,23:28,60051,45,294
05-02-2020,23:28,60053,145,619
05-02-2020,23:28,60056,273,1034
05-02-2020,23:28,60060,177,558
05-02-2020,23:28,60061,85,366
05-02-2020,23:28,60062,167,1067
05-02-2020,23:28,60064,300,563
05-02-2020,23:28,60067,63,484
05-02-2020,23:28,60068,164,732
05-02-2020,23:28,60069,36,179
05-02-2020,23:28,60070,88,310
05-02-2020,23:28,60071,6,45
05-02-2020,23:28,60073,282,905
05-02-2020,23:28,60074,138,540
05-02-2020,23:28,60076,269,1204
05-02-2020,23:28,60077,227,963
05-02-2020,23:28,60081,25,108
05-02-2020,23:28,60083,52,167
05-02-2020,23:28,60084,89,194
05-02-2020,23:28,60085,1130,2014
05-02-2020,23:28,60087,288,620
05-02-2020,23:28,60088,34,64
05-02-2020,23:28,60089,115,569
05-02-2020,23:28,60090,260,845
05-02-2020,23:28,60091,104,665
05-02-2020,23:28,60093,99,541
05-02-2020,23:28,60096,17,91
05-02-2020,23:28,60097,19,144
05-02-2020,23:28,60098,147,472
05-02-2020,23:28,60099,249,623
05-02-2020,23:28,60101,304,869
05-02-2020,23:28,60102,54,318
05-02-2020,23:28,60103,102,543
05-02-2020,23:28,60104,237,733
05-02-2020,23:28,60106,240,795
05-02-2020,23:28,60107,196,684
05-02-2020,23:28,60108,110,785
05-02-2020,23:28,60110,167,435
05-02-2020,23:28,60112,15,56
05-02-2020,23:28,60115,45,418
05-02-2020,23:28,60118,26,143
05-02-2020,23:28,60119,14,121
05-02-2020,23:28,60120,269,663
05-02-2020,23:28,60123,182,615
05-02-2020,23:28,60124,23,207
05-02-2020,23:28,60126,139,826
05-02-2020,23:28,60130,67,443
05-02-2020,23:28,60131,151,548
05-02-2020,23:28,60133,253,683
05-02-2020,23:28,60134,77,307
05-02-2020,23:28,60135,9,74
05-02-2020,23:28,60136,20,90
05-02-2020,23:28,60137,65,489
05-02-2020,23:28,60139,228,733
05-02-2020,23:28,60140,27,210
05-02-2020,23:28,60141,6,136
05-02-2020,23:28,60142,38,303
05-02-2020,23:28,60143,53,202
05-02-2020,23:28,60148,133,771
05-02-2020,23:28,60152,22,139
05-02-2020,23:28,60153,238,866
05-02-2020,23:28,60154,105,556
05-02-2020,23:28,60155,95,296
05-02-2020,23:28,60156,48,313
05-02-2020,23:28,60157,6,28
05-02-2020,23:28,60160,271,834
05-02-2020,23:28,60162,84,294
05-02-2020,23:28,60163,44,149
05-02-2020,23:28,60164,204,941
05-02-2020,23:28,60165,74,155
05-02-2020,23:28,60169,149,508
05-02-2020,23:28,60171,53,288
05-02-2020,23:28,60172,91,360
05-02-2020,23:28,60173,24,142
05-02-2020,23:28,60174,48,440
05-02-2020,23:28,60175,32,315
05-02-2020,23:28,60176,62,270
05-02-2020,23:28,60177,70,293
05-02-2020,23:28,60178,15,211
05-02-2020,23:28,60181,112,512
05-02-2020,23:28,60185,214,672
05-02-2020,23:28,60187,52,425
05-02-2020,23:28,60188,215,763
05-02-2020,23:28,60189,48,377
05-02-2020,23:28,60190,15,256
05-02-2020,23:28,60191,65,273
05-02-2020,23:28,60192,23,181
05-02-2020,23:28,60193,98,500
05-02-2020,23:28,60194,54,276
05-02-2020,23:28,60195,8,42
05-02-2020,23:28,60201,189,1218
05-02-2020,23:28,60202,184,1053
05-02-2020,23:28,60203,18,117
05-02-2020,23:28,60301,15,82
05-02-2020,23:28,60302,125,830
05-02-2020,23:28,60304,48,398
05-02-2020,23:28,60305,31,251
05-02-2020,23:28,60401,29,179
05-02-2020,23:28,60402,595,2099
05-02-2020,23:28,60403,81,507
05-02-2020,23:28,60404,58,402
05-02-2020,23:28,60406,189,735
05-02-2020,23:28,60408,9,82
05-02-2020,23:28,60409,305,1319
05-02-2020,23:28,60410,20,215
05-02-2020,23:28,60411,495,2106
05-02-2020,23:28,60415,113,373
05-02-2020,23:28,60417,90,427
05-02-2020,23:28,60418,52,223
05-02-2020,23:28,60419,216,938
05-02-2020,23:28,60422,57,332
05-02-2020,23:28,60423,85,518
05-02-2020,23:28,60425,75,491
05-02-2020,23:28,60426,251,1129
05-02-2020,23:28,60428,141,636
05-02-2020,23:28,60429,145,836
05-02-2020,23:28,60430,173,717
05-02-2020,23:28,60431,102,656
05-02-2020,23:28,60432,111,467
05-02-2020,23:28,60433,113,415
05-02-2020,23:28,60434,132,69
05-02-2020,23:28,60435,350,1580
05-02-2020,23:28,60436,91,519
05-02-2020,23:28,60438,195,856
05-02-2020,23:28,60439,54,400
05-02-2020,23:28,60440,376,1524
05-02-2020,23:28,60441,114,630
05-02-2020,23:28,60442,23,167
05-02-2020,23:28,60443,232,976
05-02-2020,23:28,60445,78,434
05-02-2020,23:28,60446,211,1028
05-02-2020,23:28,60447,21,259
05-02-2020,23:28,60448,76,365
05-02-2020,23:28,60449,47,281
05-02-2020,23:28,60450,19,220
05-02-2020,23:28,60451,58,454
05-02-2020,23:28,60452,103,558
05-02-2020,23:28,60453,355,1292
05-02-2020,23:28,60455,180,713
05-02-2020,23:28,60456,22,101
05-02-2020,23:28,60457,65,243
05-02-2020,23:28,60458,56,346
05-02-2020,23:28,60459,176,641
05-02-2020,23:28,60461,39,219
05-02-2020,23:28,60462,143,759
05-02-2020,23:28,60463,99,356
05-02-2020,23:28,60464,24,155
05-02-2020,23:28,60465,90,355
05-02-2020,23:28,60466,341,1229
05-02-2020,23:28,60467,97,447
05-02-2020,23:28,60468,17,76
05-02-2020,23:28,60469,33,148
05-02-2020,23:28,60471,134,591
05-02-2020,23:28,60472,41,228
05-02-2020,23:28,60473,237,1015
05-02-2020,23:28,60475,48,255
05-02-2020,23:28,60476,13,73
05-02-2020,23:28,60477,120,727
05-02-2020,23:28,60478,203,954
05-02-2020,23:28,60480,17,123
05-02-2020,23:28,60481,16,163
05-02-2020,23:28,60482,36,218
05-02-2020,23:28,60484,63,271
05-02-2020,23:28,60487,75,458
05-02-2020,23:28,60490,85,505
05-02-2020,23:28,60491,83,392
05-02-2020,23:28,60501,104,323
05-02-2020,23:28,60502,34,250
05-02-2020,23:28,60503,21,151
05-02-2020,23:28,60504,107,471
05-02-2020,23:28,60505,441,938
05-02-2020,23:28,60506,297,1176
05-02-2020,23:28,60510,43,367
05-02-2020,23:28,60513,72,530
05-02-2020,23:28,60514,26,203
05-02-2020,23:28,60515,40,352
05-02-2020,23:28,60516,62,385
05-02-2020,23:28,60517,109,578
05-02-2020,23:28,60521,120,528
05-02-2020,23:28,60523,46,272
05-02-2020,23:28,60525,141,828
05-02-2020,23:28,60526,38,357
05-02-2020,23:28,60527,160,848
05-02-2020,23:28,60532,65,364
05-02-2020,23:28,60534,64,269
05-02-2020,23:28,60538,93,352
05-02-2020,23:28,60540,60,627
05-02-2020,23:28,60542,42,291
05-02-2020,23:28,60543,85,421
05-02-2020,23:28,60544,81,614
05-02-2020,23:28,60545,43,151
05-02-2020,23:28,60546,80,439
05-02-2020,23:28,60548,18,112
05-02-2020,23:28,60551,16,38
05-02-2020,23:28,60552,6,43
05-02-2020,23:28,60554,17,131
05-02-2020,23:28,60555,46,218
05-02-2020,23:28,60558,19,203
05-02-2020,23:28,60559,151,529
05-02-2020,23:28,60560,41,235
05-02-2020,23:28,60561,77,466
05-02-2020,23:28,60563,73,543
05-02-2020,23:28,60564,75,548
05-02-2020,23:28,60565,100,517
05-02-2020,23:28,60585,45,330
05-02-2020,23:28,60586,157,944
05-02-2020,23:28,60601,52,353
05-02-2020,23:28,60604,8,41
05-02-2020,23:28,60605,125,779
05-02-2020,23:28,60606,29,220
05-02-2020,23:28,60607,285,1058
05-02-2020,23:28,60608,777,2492
05-02-2020,23:28,60609,707,1866
05-02-2020,23:28,60610,146,989
05-02-2020,23:28,60611,102,1045
05-02-2020,23:28,60612,377,1914
05-02-2020,23:28,60613,243,1094
05-02-2020,23:28,60614,279,1634
05-02-2020,23:28,60615,241,1421
05-02-2020,23:28,60616,255,1272
05-02-2020,23:28,60617,536,2495
05-02-2020,23:28,60618,552,2319
05-02-2020,23:28,60619,595,2390
05-02-2020,23:28,60620,715,2682
05-02-2020,23:28,60621,313,1077
05-02-2020,23:28,60622,322,1517
05-02-2020,23:28,60623,1327,2883
05-02-2020,23:28,60624,440,1514
05-02-2020,23:28,60625,642,1906
05-02-2020,23:28,60626,537,1751
05-02-2020,23:28,60628,637,2339
05-02-2020,23:28,60629,1267,3063
05-02-2020,23:28,60630,365,1584
05-02-2020,23:28,60631,137,1147
05-02-2020,23:28,60632,1149,2614
05-02-2020,23:28,60633,167,1030
05-02-2020,23:28,60634,677,3178
05-02-2020,23:28,60636,381,1028
05-02-2020,23:28,60637,334,1932
05-02-2020,23:28,60638,540,2101
05-02-2020,23:28,60639,1339,3284
05-02-2020,23:28,60640,467,1787
05-02-2020,23:28,60641,590,2088
05-02-2020,23:28,60642,87,549
05-02-2020,23:28,60643,490,2081
05-02-2020,23:28,60644,626,1984
05-02-2020,23:28,60645,653,2003
05-02-2020,23:28,60646,204,1146
05-02-2020,23:28,60647,547,2272
05-02-2020,23:28,60649,473,1899
05-02-2020,23:28,60651,715,2164
05-02-2020,23:28,60652,399,1305
05-02-2020,23:28,60653,307,1265
05-02-2020,23:28,60654,94,500
05-02-2020,23:28,60655,177,1131
05-02-2020,23:28,60656,146,1000
05-02-2020,23:28,60657,213,1521
05-02-2020,23:28,60659,393,1134
05-02-2020,23:28,60660,238,920
05-02-2020,23:28,60661,26,223
05-02-2020,23:28,60706,172,847
05-02-2020,23:28,60707,366,1599
05-02-2020,23:28,60712,107,446
05-02-2020,23:28,60714,332,902
05-02-2020,23:28,60803,117,559
05-02-2020,23:28,60804,1189,2999
05-02-2020,23:28,60805,145,474
05-02-2020,23:28,60827,199,877
05-02-2020,23:28,60901,209,1168
05-02-2020,23:28,60914,61,569
05-02-2020,23:28,60915,21,230
05-02-2020,23:28,60922,7,53
05-02-2020,23:28,60927,8,30
05-02-2020,23:28,60950,18,226
05-02-2020,23:28,60954,11,191
05-02-2020,23:28,60958,12,49
05-02-2020,23:28,60964,10,74
05-02-2020,23:28,61008,111,328
05-02-2020,23:28,61016,14,85
05-02-2020,23:28,61021,14,357
05-02-2020,23:28,61032,48,235
05-02-2020,23:28,61064,6,44
05-02-2020,23:28,61065,14,97
05-02-2020,23:28,61068,94,696
05-02-2020,23:28,61071,21,109
05-02-2020,23:28,61073,9,131
05-02-2020,23:28,61080,8,66
05-02-2020,23:28,61081,52,202
05-02-2020,23:28,61101,55,363
05-02-2020,23:28,61102,57,280
05-02-2020,23:28,61103,51,345
05-02-2020,23:28,61104,62,265
05-02-2020,23:28,61107,34,291
05-02-2020,23:28,61108,83,346
05-02-2020,23:28,61109,65,352
05-02-2020,23:28,61111,20,220
05-02-2020,23:28,61114,24,135
05-02-2020,23:28,61115,18,196
05-02-2020,23:28,61201,100,348
05-02-2020,23:28,61235,8,33
05-02-2020,23:28,61240,6,44
05-02-2020,23:28,61241,13,86
05-02-2020,23:28,61244,112,299
05-02-2020,23:28,61252,8,44
05-02-2020,23:28,61264,14,97
05-02-2020,23:28,61265,127,500
05-02-2020,23:28,61275,7,40
05-02-2020,23:28,61282,27,98
05-02-2020,23:28,61342,14,84
05-02-2020,23:28,61356,6,78
05-02-2020,23:28,61401,42,492
05-02-2020,23:28,61443,12,145
05-02-2020,23:28,61455,22,157
05-02-2020,23:28,61462,69,188
05-02-2020,23:28,61554,10,339
05-02-2020,23:28,61603,12,289
05-02-2020,23:28,61604,18,410
05-02-2020,23:28,61605,6,222
05-02-2020,23:28,61611,17,253
05-02-2020,23:28,61614,32,312
05-02-2020,23:28,61615,17,256
05-02-2020,23:28,61701,35,771
05-02-2020,23:28,61704,18,581
05-02-2020,23:28,61705,8,223
05-02-2020,23:28,61761,24,660
05-02-2020,23:28,61764,9,168
05-02-2020,23:28,61801,17,370
05-02-2020,23:28,61802,21,417
05-02-2020,23:28,61820,16,352
05-02-2020,23:28,61821,23,534
05-02-2020,23:28,61822,28,428
05-02-2020,23:28,61832,10,331
05-02-2020,23:28,61853,9,236
05-02-2020,23:28,61866,18,272
05-02-2020,23:28,61874,7,142
05-02-2020,23:28,61910,6,50
05-02-2020,23:28,61920,10,145
05-02-2020,23:28,61938,9,184
05-02-2020,23:28,61953,9,87
05-02-2020,23:28,62002,48,188
05-02-2020,23:28,62010,8,41
05-02-2020,23:28,62024,7,30
05-02-2020,23:28,62025,94,370
05-02-2020,23:28,62034,32,74
05-02-2020,23:28,62035,11,63
05-02-2020,23:28,62040,51,272
05-02-2020,23:28,62052,10,53
05-02-2020,23:28,62056,10,118
05-02-2020,23:28,62060,10,42
05-02-2020,23:28,62069,7,52
05-02-2020,23:28,62088,6,185
05-02-2020,23:28,62090,7,13
05-02-2020,23:28,62095,9,71
05-02-2020,23:28,62201,12,37
05-02-2020,23:28,62203,18,42
05-02-2020,23:28,62204,22,42
05-02-2020,23:28,62205,17,50
05-02-2020,23:28,62206,47,220
05-02-2020,23:28,62207,26,50
05-02-2020,23:28,62208,34,113
05-02-2020,23:28,62220,51,126
05-02-2020,23:28,62221,40,144
05-02-2020,23:28,62223,33,81
05-02-2020,23:28,62226,73,357
05-02-2020,23:28,62230,6,48
05-02-2020,23:28,62231,56,206
05-02-2020,23:28,62232,6,35
05-02-2020,23:28,62233,59,209
05-02-2020,23:28,62234,29,159
05-02-2020,23:28,62236,33,91
05-02-2020,23:28,62239,8,19
05-02-2020,23:28,62249,10,75
05-02-2020,23:28,62254,17,59
05-02-2020,23:28,62257,7,31
05-02-2020,23:28,62258,14,63
05-02-2020,23:28,62265,8,34
05-02-2020,23:28,62269,44,177
05-02-2020,23:28,62272,37,64
05-02-2020,23:28,62274,7,48
05-02-2020,23:28,62278,15,70
05-02-2020,23:28,62286,20,124
05-02-2020,23:28,62288,26,85
05-02-2020,23:28,62294,13,57
05-02-2020,23:28,62295,6,13
05-02-2020,23:28,62298,31,93
05-02-2020,23:28,62301,19,336
05-02-2020,23:28,62305,15,95
05-02-2020,23:28,62448,39,175
05-02-2020,23:28,62454,7,86
05-02-2020,23:28,62471,15,88
05-02-2020,23:28,62521,74,468
05-02-2020,23:28,62522,19,74
05-02-2020,23:28,62526,22,178
05-02-2020,23:28,62565,7,44
05-02-2020,23:28,62568,24,166
05-02-2020,23:28,62618,37,287
05-02-2020,23:28,62629,8,166
05-02-2020,23:28,62650,20,237
05-02-2020,23:28,62656,7,251
05-02-2020,23:28,62664,7,41
05-02-2020,23:28,62684,57,135
05-02-2020,23:28,62702,37,528
05-02-2020,23:28,62703,29,392
05-02-2020,23:28,62704,24,514
05-02-2020,23:28,62707,11,106
05-02-2020,23:28,62711,13,191
05-02-2020,23:28,62801,44,389
05-02-2020,23:28,62832,11,145
05-02-2020,23:28,62864,75,444
05-02-2020,23:28,62901,73,360
05-02-2020,23:28,62902,10,61
05-02-2020,23:28,62907,9,27
05-02-2020,23:28,62918,8,105
05-02-2020,23:28,62920,12,54
05-02-2020,23:28,62959,15,386
05-02-2020,23:28,62966,29,214
05-02-2020,23:28,62992,16,43
05-01-2020,15:37,46324,6,62
05-01-2020,15:37,53142,11,75
05-01-2020,15:37,60002,51,357
05-01-2020,15:37,60004,123,1427
05-01-2020,15:37,60005,70,411
05-01-2020,15:37,60007,102,481
05-01-2020,15:37,60008,105,348
05-01-2020,15:37,60010,42,382
05-01-2020,15:37,60012,48,133
05-01-2020,15:37,60013,42,215
05-01-2020,15:37,60014,75,531
05-01-2020,15:37,60015,97,567
05-01-2020,15:37,60016,543,1560
05-01-2020,15:37,60018,232,727
05-01-2020,15:37,60020,15,131
05-01-2020,15:37,60021,9,66
05-01-2020,15:37,60022,21,175
05-01-2020,15:37,60025,194,978
05-01-2020,15:37,60026,85,329
05-01-2020,15:37,60030,70,484
05-01-2020,15:37,60031,135,638
05-01-2020,15:37,60033,53,183
05-01-2020,15:37,60035,145,729
05-01-2020,15:37,60040,41,113
05-01-2020,15:37,60041,20,110
05-01-2020,15:37,60042,10,75
05-01-2020,15:37,60043,14,84
05-01-2020,15:37,60044,52,240
05-01-2020,15:37,60045,88,428
05-01-2020,15:37,60046,87,479
05-01-2020,15:37,60047,81,380
05-01-2020,15:37,60048,61,368
05-01-2020,15:37,60050,93,398
05-01-2020,15:37,60051,39,279
05-01-2020,15:37,60053,142,601
05-01-2020,15:37,60056,259,993
05-01-2020,15:37,60060,160,526
05-01-2020,15:37,60061,81,350
05-01-2020,15:37,60062,161,1036
05-01-2020,15:37,60064,284,522
05-01-2020,15:37,60067,56,471
05-01-2020,15:37,60068,161,721
05-01-2020,15:37,60069,35,168
05-01-2020,15:37,60070,84,301
05-01-2020,15:37,60071,6,43
05-01-2020,15:37,60073,252,871
05-01-2020,15:37,60074,133,523
05-01-2020,15:37,60076,262,1168
05-01-2020,15:37,60077,217,923
05-01-2020,15:37,60081,24,101
05-01-2020,15:37,60083,50,161
05-01-2020,15:37,60084,88,178
05-01-2020,15:37,60085,1055,1889
05-01-2020,15:37,60087,274,596
05-01-2020,15:37,60088,33,62
05-01-2020,15:37,60089,114,550
05-01-2020,15:37,60090,237,788
05-01-2020,15:37,60091,102,637
05-01-2020,15:37,60093,99,521
05-01-2020,15:37,60096,17,91
05-01-2020,15:37,60097,19,140
05-01-2020,15:37,60098,143,454
05-01-2020,15:37,60099,241,604
05-01-2020,15:37,60101,289,820
05-01-2020,15:37,60102,50,302
05-01-2020,15:37,60103,94,519
05-01-2020,15:37,60104,230,694
05-01-2020,15:37,60106,226,771
05-01-2020,15:37,60107,186,648
05-01-2020,15:37,60108,99,542
05-01-2020,15:37,60110,159,410
05-01-2020,15:37,60112,13,49
05-01-2020,15:37,60115,41,397
05-01-2020,15:37,60118,23,136
05-01-2020,15:37,60119,14,115
05-01-2020,15:37,60120,248,610
05-01-2020,15:37,60123,169,578
05-01-2020,15:37,60124,23,197
05-01-2020,15:37,60126,135,787
05-01-2020,15:37,60130,65,421
05-01-2020,15:37,60131,137,515
05-01-2020,15:37,60133,237,645
05-01-2020,15:37,60134,74,291
05-01-2020,15:37,60135,7,70
05-01-2020,15:37,60136,20,89
05-01-2020,15:37,60137,63,455
05-01-2020,15:37,60139,216,697
05-01-2020,15:37,60140,26,204
05-01-2020,15:37,60141,6,134
05-01-2020,15:37,60142,36,290
05-01-2020,15:37,60143,52,195
05-01-2020,15:37,60148,133,734
05-01-2020,15:37,60152,22,136
05-01-2020,15:37,60153,226,807
05-01-2020,15:37,60154,104,532
05-01-2020,15:37,60155,90,281
05-01-2020,15:37,60156,46,301
05-01-2020,15:37,60157,6,28
05-01-2020,15:37,60160,254,782
05-01-2020,15:37,60162,83,282
05-01-2020,15:37,60163,38,137
05-01-2020,15:37,60164,199,872
05-01-2020,15:37,60165,71,142
05-01-2020,15:37,60169,143,485
05-01-2020,15:37,60171,52,274
05-01-2020,15:37,60172,80,323
05-01-2020,15:37,60173,23,134
05-01-2020,15:37,60174,48,418
05-01-2020,15:37,60175,32,296
05-01-2020,15:37,60176,56,249
05-01-2020,15:37,60177,52,277
05-01-2020,15:37,60178,14,196
05-01-2020,15:37,60181,108,481
05-01-2020,15:37,60185,195,627
05-01-2020,15:37,60187,48,397
05-01-2020,15:37,60188,206,731
05-01-2020,15:37,60189,47,351
05-01-2020,15:37,60190,14,249
05-01-2020,15:37,60191,64,261
05-01-2020,15:37,60192,22,174
05-01-2020,15:37,60193,95,489
05-01-2020,15:37,60194,51,274
05-01-2020,15:37,60195,6,41
05-01-2020,15:37,60201,181,1184
05-01-2020,15:37,60202,176,1019
05-01-2020,15:37,60203,18,113
05-01-2020,15:37,60301,15,79
05-01-2020,15:37,60302,121,799
05-01-2020,15:37,60304,46,384
05-01-2020,15:37,60305,29,238
05-01-2020,15:37,60401,30,177
05-01-2020,15:37,60402,563,1939
05-01-2020,15:37,60403,76,493
05-01-2020,15:37,60404,55,388
05-01-2020,15:37,60406,181,704
05-01-2020,15:37,60408,9,79
05-01-2020,15:37,60409,299,1260
05-01-2020,15:37,60410,20,207
05-01-2020,15:37,60411,476,2054
05-01-2020,15:37,60415,108,358
05-01-2020,15:37,60417,90,411
05-01-2020,15:37,60418,51,217
05-01-2020,15:37,60419,212,902
05-01-2020,15:37,60422,56,324
05-01-2020,15:37,60423,85,508
05-01-2020,15:37,60425,75,480
05-01-2020,15:37,60426,242,1094
05-01-2020,15:37,60428,129,604
05-01-2020,15:37,60429,141,812
05-01-2020,15:37,60430,159,673
05-01-2020,15:37,60431,100,634
05-01-2020,15:37,60432,108,448
05-01-2020,15:37,60433,112,399
05-01-2020,15:37,60434,132,69
05-01-2020,15:37,60435,348,1530
05-01-2020,15:37,60436,87,506
05-01-2020,15:37,60438,189,830
05-01-2020,15:37,60439,53,379
05-01-2020,15:37,60440,341,1439
05-01-2020,15:37,60441,111,603
05-01-2020,15:37,60442,23,158
05-01-2020,15:37,60443,230,953
05-01-2020,15:37,60445,77,416
05-01-2020,15:37,60446,203,979
05-01-2020,15:37,60447,19,248
05-01-2020,15:37,60448,76,350
05-01-2020,15:37,60449,46,278
05-01-2020,15:37,60450,16,207
05-01-2020,15:37,60451,55,441
05-01-2020,15:37,60452,100,536
05-01-2020,15:37,60453,331,1227
05-01-2020,15:37,60455,174,696
05-01-2020,15:37,60456,21,99
05-01-2020,15:37,60457,64,224
05-01-2020,15:37,60458,53,327
05-01-2020,15:37,60459,164,606
05-01-2020,15:37,60461,39,210
05-01-2020,15:37,60462,137,719
05-01-2020,15:37,60463,93,332
05-01-2020,15:37,60464,23,147
05-01-2020,15:37,60465,87,337
05-01-2020,15:37,60466,341,1218
05-01-2020,15:37,60467,95,436
05-01-2020,15:37,60468,16,75
05-01-2020,15:37,60469,33,139
05-01-2020,15:37,60471,133,584
05-01-2020,15:37,60472,41,222
05-01-2020,15:37,60473,234,956
05-01-2020,15:37,60475,47,248
05-01-2020,15:37,60476,13,71
05-01-2020,15:37,60477,117,699
05-01-2020,15:37,60478,195,922
05-01-2020,15:37,60480,17,116
05-01-2020,15:37,60481,16,158
05-01-2020,15:37,60482,32,207
05-01-2020,15:37,60484,63,267
05-01-2020,15:37,60487,73,442
05-01-2020,15:37,60490,80,486
05-01-2020,15:37,60491,80,383
05-01-2020,15:37,60501,97,298
05-01-2020,15:37,60502,33,241
05-01-2020,15:37,60503,20,141
05-01-2020,15:37,60504,102,452
05-01-2020,15:37,60505,410,848
05-01-2020,15:37,60506,285,1116
05-01-2020,15:37,60510,39,348
05-01-2020,15:37,60513,70,516
05-01-2020,15:37,60514,25,195
05-01-2020,15:37,60515,40,328
05-01-2020,15:37,60516,60,371
05-01-2020,15:37,60517,107,543
05-01-2020,15:37,60521,82,458
05-01-2020,15:37,60523,45,259
05-01-2020,15:37,60525,128,793
05-01-2020,15:37,60526,38,334
05-01-2020,15:37,60527,159,819
05-01-2020,15:37,60532,60,341
05-01-2020,15:37,60534,63,251
05-01-2020,15:37,60538,85,325
05-01-2020,15:37,60540,58,602
05-01-2020,15:37,60542,37,267
05-01-2020,15:37,60543,83,407
05-01-2020,15:37,60544,83,593
05-01-2020,15:37,60545,38,145
05-01-2020,15:37,60546,78,418
05-01-2020,15:37,60548,18,107
05-01-2020,15:37,60551,16,36
05-01-2020,15:37,60552,6,40
05-01-2020,15:37,60554,17,116
05-01-2020,15:37,60555,45,198
05-01-2020,15:37,60558,17,197
05-01-2020,15:37,60559,149,505
05-01-2020,15:37,60560,41,221
05-01-2020,15:37,60561,75,439
05-01-2020,15:37,60563,69,507
05-01-2020,15:37,60564,74,517
05-01-2020,15:37,60565,98,495
05-01-2020,15:37,60585,43,311
05-01-2020,15:37,60586,154,912
05-01-2020,15:37,60601,51,347
05-01-2020,15:37,60604,7,36
05-01-2020,15:37,60605,122,751
05-01-2020,15:37,60606,30,210
05-01-2020,15:37,60607,247,1036
05-01-2020,15:37,60608,718,2303
05-01-2020,15:37,60609,684,1764
05-01-2020,15:37,60610,144,954
05-01-2020,15:37,60611,97,980
05-01-2020,15:37,60612,375,1854
05-01-2020,15:37,60613,238,1057
05-01-2020,15:37,60614,270,1584
05-01-2020,15:37,60615,237,1394
05-01-2020,15:37,60616,251,1229
05-01-2020,15:37,60617,522,2399
05-01-2020,15:37,60618,536,2205
05-01-2020,15:37,60619,581,2313
05-01-2020,15:37,60620,700,2585
05-01-2020,15:37,60621,301,1034
05-01-2020,15:37,60622,308,1468
05-01-2020,15:37,60623,1285,2709
05-01-2020,15:37,60624,430,1457
05-01-2020,15:37,60625,596,1824
05-01-2020,15:37,60626,512,1664
05-01-2020,15:37,60628,624,2264
05-01-2020,15:37,60629,1225,2871
05-01-2020,15:37,60630,343,1532
05-01-2020,15:37,60631,131,1111
05-01-2020,15:37,60632,1115,2434
05-01-2020,15:37,60633,158,972
05-01-2020,15:37,60634,634,3030
05-01-2020,15:37,60636,372,1002
05-01-2020,15:37,60637,330,1877
05-01-2020,15:37,60638,518,1980
05-01-2020,15:37,60639,1274,3062
05-01-2020,15:37,60640,453,1716
05-01-2020,15:37,60641,548,1959
05-01-2020,15:37,60642,73,499
05-01-2020,15:37,60643,482,2021
05-01-2020,15:37,60644,599,1832
05-01-2020,15:37,60645,638,1946
05-01-2020,15:37,60646,199,1120
05-01-2020,15:37,60647,522,2153
05-01-2020,15:37,60649,466,1833
05-01-2020,15:37,60651,693,2048
05-01-2020,15:37,60652,384,1248
05-01-2020,15:37,60653,301,1221
05-01-2020,15:37,60654,92,486
05-01-2020,15:37,60655,170,1088
05-01-2020,15:37,60656,140,975
05-01-2020,15:37,60657,211,1486
05-01-2020,15:37,60659,383,1095
05-01-2020,15:37,60660,232,875
05-01-2020,15:37,60661,25,219
05-01-2020,15:37,60706,163,820
05-01-2020,15:37,60707,338,1513
05-01-2020,15:37,60712,100,428
05-01-2020,15:37,60714,324,881
05-01-2020,15:37,60803,115,534
05-01-2020,15:37,60804,1134,2824
05-01-2020,15:37,60805,135,449
05-01-2020,15:37,60827,195,832
05-01-2020,15:37,60901,205,1119
05-01-2020,15:37,60914,61,558
05-01-2020,15:37,60915,20,227
05-01-2020,15:37,60922,6,52
05-01-2020,15:37,60950,18,219
05-01-2020,15:37,60954,11,124
05-01-2020,15:37,60958,11,48
05-01-2020,15:37,60964,10,73
05-01-2020,15:37,61008,96,302
05-01-2020,15:37,61016,13,82
05-01-2020,15:37,61021,14,347
05-01-2020,15:37,61032,40,201
05-01-2020,15:37,61064,6,43
05-01-2020,15:37,61065,12,90
05-01-2020,15:37,61068,94,690
05-01-2020,15:37,61071,20,106
05-01-2020,15:37,61073,9,125
05-01-2020,15:37,61080,8,63
05-01-2020,15:37,61081,48,171
05-01-2020,15:37,61101,55,341
05-01-2020,15:37,61102,53,258
05-01-2020,15:37,61103,48,311
05-01-2020,15:37,61104,58,244
05-01-2020,15:37,61107,30,275
05-01-2020,15:37,61108,76,330
05-01-2020,15:37,61109,62,333
05-01-2020,15:37,61111,18,201
05-01-2020,15:37,61114,23,126
05-01-2020,15:37,61115,18,191
05-01-2020,15:37,61201,93,335
05-01-2020,15:37,61235,8,31
05-01-2020,15:37,61240,6,40
05-01-2020,15:37,61241,13,86
05-01-2020,15:37,61244,109,291
05-01-2020,15:37,61252,7,43
05-01-2020,15:37,61264,14,91
05-01-2020,15:37,61265,122,464
05-01-2020,15:37,61275,7,38
05-01-2020,15:37,61282,26,94
05-01-2020,15:37,61342,14,84
05-01-2020,15:37,61356,6,71
05-01-2020,15:37,61401,40,480
05-01-2020,15:37,61443,11,140
05-01-2020,15:37,61455,14,132
05-01-2020,15:37,61462,64,163
05-01-2020,15:37,61554,10,305
05-01-2020,15:37,61603,11,277
05-01-2020,15:37,61604,17,390
05-01-2020,15:37,61611,17,235
05-01-2020,15:37,61614,29,298
05-01-2020,15:37,61615,15,242
05-01-2020,15:37,61701,35,714
05-01-2020,15:37,61704,18,549
05-01-2020,15:37,61705,8,210
05-01-2020,15:37,61761,23,612
05-01-2020,15:37,61764,8,161
05-01-2020,15:37,61801,17,347
05-01-2020,15:37,61802,21,369
05-01-2020,15:37,61820,15,322
05-01-2020,15:37,61821,20,497
05-01-2020,15:37,61822,28,394
05-01-2020,15:37,61832,10,319
05-01-2020,15:37,61853,9,220
05-01-2020,15:37,61866,12,248
05-01-2020,15:37,61874,7,130
05-01-2020,15:37,61910,6,46
05-01-2020,15:37,61920,11,134
05-01-2020,15:37,61938,9,178
05-01-2020,15:37,61953,6,75
05-01-2020,15:37,62002,47,187
05-01-2020,15:37,62010,8,41
05-01-2020,15:37,62024,7,29
05-01-2020,15:37,62025,94,363
05-01-2020,15:37,62034,32,74
05-01-2020,15:37,62035,11,63
05-01-2020,15:37,62040,52,270
05-01-2020,15:37,62052,9,53
05-01-2020,15:37,62056,10,114
05-01-2020,15:37,62060,9,42
05-01-2020,15:37,62069,7,51
05-01-2020,15:37,62088,6,182
05-01-2020,15:37,62090,7,13
05-01-2020,15:37,62095,9,68
05-01-2020,15:37,62201,11,36
05-01-2020,15:37,62203,17,42
05-01-2020,15:37,62204,20,42
05-01-2020,15:37,62205,18,49
05-01-2020,15:37,62206,46,217
05-01-2020,15:37,62207,26,50
05-01-2020,15:37,62208,34,111
05-01-2020,15:37,62220,50,125
05-01-2020,15:37,62221,40,140
05-01-2020,15:37,62223,31,79
05-01-2020,15:37,62226,70,354
05-01-2020,15:37,62230,6,48
05-01-2020,15:37,62231,56,202
05-01-2020,15:37,62232,6,35
05-01-2020,15:37,62233,57,201
05-01-2020,15:37,62234,29,154
05-01-2020,15:37,62236,33,90
05-01-2020,15:37,62239,8,19
05-01-2020,15:37,62249,10,74
05-01-2020,15:37,62254,14,59
05-01-2020,15:37,62257,6,27
05-01-2020,15:37,62258,13,60
05-01-2020,15:37,62265,8,34
05-01-2020,15:37,62269,43,173
05-01-2020,15:37,62272,36,58
05-01-2020,15:37,62274,6,43
05-01-2020,15:37,62278,14,69
05-01-2020,15:37,62286,19,116
05-01-2020,15:37,62288,26,84
05-01-2020,15:37,62294,13,56
05-01-2020,15:37,62295,7,12
05-01-2020,15:37,62298,31,90
05-01-2020,15:37,62301,19,220
05-01-2020,15:37,62305,15,88
05-01-2020,15:37,62448,39,164
05-01-2020,15:37,62454,7,81
05-01-2020,15:37,62471,15,87
05-01-2020,15:37,62521,71,449
05-01-2020,15:37,62522,16,70
05-01-2020,15:37,62526,18,169
05-01-2020,15:37,62565,7,41
05-01-2020,15:37,62568,24,163
05-01-2020,15:37,62618,31,258
05-01-2020,15:37,62629,8,137
05-01-2020,15:37,62650,20,221
05-01-2020,15:37,62656,7,232
05-01-2020,15:37,62664,7,39
05-01-2020,15:37,62684,56,123
05-01-2020,15:37,62702,38,483
05-01-2020,15:37,62703,26,351
05-01-2020,15:37,62704,23,479
05-01-2020,15:37,62707,10,100
05-01-2020,15:37,62711,12,172
05-01-2020,15:37,62801,44,378
05-01-2020,15:37,62832,10,139
05-01-2020,15:37,62864,75,438
05-01-2020,15:37,62901,71,334
05-01-2020,15:37,62902,9,52
05-01-2020,15:37,62907,8,26
05-01-2020,15:37,62918,8,99
05-01-2020,15:37,62920,10,44
05-01-2020,15:37,62959,15,382
05-01-2020,15:37,62966,26,191
05-01-2020,15:37,62992,16,41
04-30-2020,16:42,53142,9,73
04-30-2020,16:42,53143,6,43
04-30-2020,16:42,60002,47,356
04-30-2020,16:42,60004,113,1396
04-30-2020,16:42,60005,66,397
04-30-2020,16:42,60007,94,459
04-30-2020,16:42,60008,100,332
04-30-2020,16:42,60010,40,381
04-30-2020,16:42,60012,47,128
04-30-2020,16:42,60013,39,211
04-30-2020,16:42,60014,70,518
04-30-2020,16:42,60015,95,563
04-30-2020,16:42,60016,519,1537
04-30-2020,16:42,60018,220,703
04-30-2020,16:42,60020,13,129
04-30-2020,16:42,60021,9,66
04-30-2020,16:42,60022,21,173
04-30-2020,16:42,60025,183,962
04-30-2020,16:42,60026,82,323
04-30-2020,16:42,60030,65,476
04-30-2020,16:42,60031,128,625
04-30-2020,16:42,60033,49,181
04-30-2020,16:42,60035,142,737
04-30-2020,16:42,60040,38,111
04-30-2020,16:42,60041,18,107
04-30-2020,16:42,60042,10,74
04-30-2020,16:42,60043,14,89
04-30-2020,16:42,60044,49,234
04-30-2020,16:42,60045,85,422
04-30-2020,16:42,60046,79,463
04-30-2020,16:42,60047,71,371
04-30-2020,16:42,60048,56,356
04-30-2020,16:42,60050,87,387
04-30-2020,16:42,60051,36,270
04-30-2020,16:42,60053,141,599
04-30-2020,16:42,60056,246,977
04-30-2020,16:42,60060,142,506
04-30-2020,16:42,60061,77,345
04-30-2020,16:42,60062,152,1019
04-30-2020,16:42,60064,265,510
04-30-2020,16:42,60067,56,463
04-30-2020,16:42,60068,155,713
04-30-2020,16:42,60069,31,166
04-30-2020,16:42,60070,76,288
04-30-2020,16:42,60071,6,42
04-30-2020,16:42,60073,237,841
04-30-2020,16:42,60074,124,501
04-30-2020,16:42,60076,250,1154
04-30-2020,16:42,60077,202,906
04-30-2020,16:42,60081,22,100
04-30-2020,16:42,60083,43,157
04-30-2020,16:42,60084,83,176
04-30-2020,16:42,60085,987,1836
04-30-2020,16:42,60087,255,583
04-30-2020,16:42,60088,25,60
04-30-2020,16:42,60089,107,539
04-30-2020,16:42,60090,222,766
04-30-2020,16:42,60091,97,630
04-30-2020,16:42,60093,96,512
04-30-2020,16:42,60096,16,90
04-30-2020,16:42,60097,19,139
04-30-2020,16:42,60098,131,441
04-30-2020,16:42,60099,229,588
04-30-2020,16:42,60101,272,794
04-30-2020,16:42,60102,44,291
04-30-2020,16:42,60103,83,490
04-30-2020,16:42,60104,218,686
04-30-2020,16:42,60106,212,752
04-30-2020,16:42,60107,179,605
04-30-2020,16:42,60108,91,525
04-30-2020,16:42,60110,140,389
04-30-2020,16:42,60112,12,49
04-30-2020,16:42,60115,39,378
04-30-2020,16:42,60118,23,132
04-30-2020,16:42,60119,12,116
04-30-2020,16:42,60120,215,557
04-30-2020,16:42,60123,156,556
04-30-2020,16:42,60124,21,188
04-30-2020,16:42,60126,131,777
04-30-2020,16:42,60130,61,428
04-30-2020,16:42,60131,127,509
04-30-2020,16:42,60133,219,617
04-30-2020,16:42,60134,72,289
04-30-2020,16:42,60135,6,69
04-30-2020,16:42,60136,20,87
04-30-2020,16:42,60137,60,443
04-30-2020,16:42,60139,207,674
04-30-2020,16:42,60140,26,207
04-30-2020,16:42,60141,6,134
04-30-2020,16:42,60142,33,277
04-30-2020,16:42,60143,49,186
04-30-2020,16:42,60148,130,720
04-30-2020,16:42,60152,21,133
04-30-2020,16:42,60153,209,792
04-30-2020,16:42,60154,101,524
04-30-2020,16:42,60155,88,281
04-30-2020,16:42,60156,43,292
04-30-2020,16:42,60160,231,760
04-30-2020,16:42,60162,79,275
04-30-2020,16:42,60163,33,135
04-30-2020,16:42,60164,188,844
04-30-2020,16:42,60165,60,138
04-30-2020,16:42,60169,121,448
04-30-2020,16:42,60171,51,268
04-30-2020,16:42,60172,56,273
04-30-2020,16:42,60173,20,130
04-30-2020,16:42,60174,44,398
04-30-2020,16:42,60175,29,286
04-30-2020,16:42,60176,51,243
04-30-2020,16:42,60177,49,266
04-30-2020,16:42,60178,14,189
04-30-2020,16:42,60181,100,467
04-30-2020,16:42,60185,175,597
04-30-2020,16:42,60187,42,373
04-30-2020,16:42,60188,195,687
04-30-2020,16:42,60189,47,337
04-30-2020,16:42,60190,12,242
04-30-2020,16:42,60191,56,251
04-30-2020,16:42,60192,21,168
04-30-2020,16:42,60193,93,473
04-30-2020,16:42,60194,50,259
04-30-2020,16:42,60195,6,40
04-30-2020,16:42,60201,174,1175
04-30-2020,16:42,60202,161,997
04-30-2020,16:42,60203,17,114
04-30-2020,16:42,60301,14,77
04-30-2020,16:42,60302,114,797
04-30-2020,16:42,60304,46,388
04-30-2020,16:42,60305,28,235
04-30-2020,16:42,60401,28,169
04-30-2020,16:42,60402,521,1913
04-30-2020,16:42,60403,73,484
04-30-2020,16:42,60404,51,383
04-30-2020,16:42,60406,172,681
04-30-2020,16:42,60408,7,77
04-30-2020,16:42,60409,285,1214
04-30-2020,16:42,60410,18,202
04-30-2020,16:42,60411,460,1987
04-30-2020,16:42,60415,105,343
04-30-2020,16:42,60417,83,401
04-30-2020,16:42,60418,51,214
04-30-2020,16:42,60419,203,866
04-30-2020,16:42,60422,55,320
04-30-2020,16:42,60423,84,508
04-30-2020,16:42,60425,73,469
04-30-2020,16:42,60426,238,1045
04-30-2020,16:42,60428,124,588
04-30-2020,16:42,60429,135,783
04-30-2020,16:42,60430,155,650
04-30-2020,16:42,60431,96,624
04-30-2020,16:42,60432,101,439
04-30-2020,16:42,60433,105,386
04-30-2020,16:42,60434,132,68
04-30-2020,16:42,60435,328,1472
04-30-2020,16:42,60436,79,496
04-30-2020,16:42,60438,181,815
04-30-2020,16:42,60439,51,375
04-30-2020,16:42,60440,315,1401
04-30-2020,16:42,60441,109,587
04-30-2020,16:42,60442,23,155
04-30-2020,16:42,60443,213,925
04-30-2020,16:42,60445,74,396
04-30-2020,16:42,60446,195,951
04-30-2020,16:42,60447,18,247
04-30-2020,16:42,60448,75,352
04-30-2020,16:42,60449,45,275
04-30-2020,16:42,60450,16,200
04-30-2020,16:42,60451,53,444
04-30-2020,16:42,60452,92,519
04-30-2020,16:42,60453,320,1193
04-30-2020,16:42,60455,169,688
04-30-2020,16:42,60456,21,93
04-30-2020,16:42,60457,60,218
04-30-2020,16:42,60458,52,313
04-30-2020,16:42,60459,154,590
04-30-2020,16:42,60461,38,203
04-30-2020,16:42,60462,132,697
04-30-2020,16:42,60463,91,327
04-30-2020,16:42,60464,22,144
04-30-2020,16:42,60465,84,331
04-30-2020,16:42,60466,333,1183
04-30-2020,16:42,60467,93,434
04-30-2020,16:42,60468,15,68
04-30-2020,16:42,60469,32,137
04-30-2020,16:42,60471,133,573
04-30-2020,16:42,60472,41,220
04-30-2020,16:42,60473,228,924
04-30-2020,16:42,60475,46,234
04-30-2020,16:42,60476,13,64
04-30-2020,16:42,60477,113,680
04-30-2020,16:42,60478,188,900
04-30-2020,16:42,60480,17,113
04-30-2020,16:42,60481,14,154
04-30-2020,16:42,60482,31,202
04-30-2020,16:42,60484,62,260
04-30-2020,16:42,60487,70,431
04-30-2020,16:42,60490,79,480
04-30-2020,16:42,60491,79,378
04-30-2020,16:42,60501,89,288
04-30-2020,16:42,60502,32,234
04-30-2020,16:42,60503,21,141
04-30-2020,16:42,60504,92,439
04-30-2020,16:42,60505,384,795
04-30-2020,16:42,60506,263,1068
04-30-2020,16:42,60510,36,336
04-30-2020,16:42,60513,70,511
04-30-2020,16:42,60514,25,192
04-30-2020,16:42,60515,39,324
04-30-2020,16:42,60516,55,364
04-30-2020,16:42,60517,101,532
04-30-2020,16:42,60521,79,451
04-30-2020,16:42,60523,46,258
04-30-2020,16:42,60525,122,780
04-30-2020,16:42,60526,36,330
04-30-2020,16:42,60527,157,809
04-30-2020,16:42,60532,59,339
04-30-2020,16:42,60534,60,239
04-30-2020,16:42,60538,76,309
04-30-2020,16:42,60540,55,588
04-30-2020,16:42,60542,34,252
04-30-2020,16:42,60543,79,398
04-30-2020,16:42,60544,75,577
04-30-2020,16:42,60545,30,136
04-30-2020,16:42,60546,73,413
04-30-2020,16:42,60548,15,103
04-30-2020,16:42,60551,15,34
04-30-2020,16:42,60552,6,40
04-30-2020,16:42,60554,13,114
04-30-2020,16:42,60555,43,189
04-30-2020,16:42,60558,17,196
04-30-2020,16:42,60559,134,447
04-30-2020,16:42,60560,38,221
04-30-2020,16:42,60561,71,428
04-30-2020,16:42,60563,66,492
04-30-2020,16:42,60564,72,512
04-30-2020,16:42,60565,96,487
04-30-2020,16:42,60585,41,303
04-30-2020,16:42,60586,145,887
04-30-2020,16:42,60601,48,358
04-30-2020,16:42,60604,6,36
04-30-2020,16:42,60605,121,772
04-30-2020,16:42,60606,27,211
04-30-2020,16:42,60607,240,1075
04-30-2020,16:42,60608,654,2256
04-30-2020,16:42,60609,629,1713
04-30-2020,16:42,60610,141,952
04-30-2020,16:42,60611,93,961
04-30-2020,16:42,60612,375,1838
04-30-2020,16:42,60613,229,1053
04-30-2020,16:42,60614,266,1608
04-30-2020,16:42,60615,236,1389
04-30-2020,16:42,60616,246,1207
04-30-2020,16:42,60617,496,2355
04-30-2020,16:42,60618,504,2154
04-30-2020,16:42,60619,568,2270
04-30-2020,16:42,60620,683,2527
04-30-2020,16:42,60621,293,1021
04-30-2020,16:42,60622,296,1482
04-30-2020,16:42,60623,1144,2581
04-30-2020,16:42,60624,414,1415
04-30-2020,16:42,60625,553,1770
04-30-2020,16:42,60626,494,1635
04-30-2020,16:42,60628,606,2224
04-30-2020,16:42,60629,1108,2771
04-30-2020,16:42,60630,318,1511
04-30-2020,16:42,60631,130,1103
04-30-2020,16:42,60632,1013,2360
04-30-2020,16:42,60633,118,589
04-30-2020,16:42,60634,593,2947
04-30-2020,16:42,60636,360,985
04-30-2020,16:42,60637,322,1849
04-30-2020,16:42,60638,472,1957
04-30-2020,16:42,60639,1150,2931
04-30-2020,16:42,60640,440,1698
04-30-2020,16:42,60641,511,1901
04-30-2020,16:42,60642,68,513
04-30-2020,16:42,60643,479,1987
04-30-2020,16:42,60644,584,1787
04-30-2020,16:42,60645,612,1904
04-30-2020,16:42,60646,191,1114
04-30-2020,16:42,60647,490,2129
04-30-2020,16:42,60649,455,1813
04-30-2020,16:42,60651,641,1978
04-30-2020,16:42,60652,362,1216
04-30-2020,16:42,60653,294,1198
04-30-2020,16:42,60654,91,497
04-30-2020,16:42,60655,166,1058
04-30-2020,16:42,60656,132,963
04-30-2020,16:42,60657,201,1484
04-30-2020,16:42,60659,362,1084
04-30-2020,16:42,60660,222,861
04-30-2020,16:42,60661,24,233
04-30-2020,16:42,60706,153,793
04-30-2020,16:42,60707,306,1480
04-30-2020,16:42,60712,98,414
04-30-2020,16:42,60714,311,858
04-30-2020,16:42,60803,109,516
04-30-2020,16:42,60804,1056,2741
04-30-2020,16:42,60805,126,444
04-30-2020,16:42,60827,193,808
04-30-2020,16:42,60901,201,1057
04-30-2020,16:42,60914,61,520
04-30-2020,16:42,60915,19,218
04-30-2020,16:42,60950,18,213
04-30-2020,16:42,60954,11,114
04-30-2020,16:42,60958,8,47
04-30-2020,16:42,60964,9,72
04-30-2020,16:42,61008,81,282
04-30-2020,16:42,61016,13,81
04-30-2020,16:42,61021,15,346
04-30-2020,16:42,61032,30,194
04-30-2020,16:42,61065,12,85
04-30-2020,16:42,61068,95,689
04-30-2020,16:42,61071,19,105
04-30-2020,16:42,61073,9,119
04-30-2020,16:42,61080,7,58
04-30-2020,16:42,61081,46,172
04-30-2020,16:42,61101,47,317
04-30-2020,16:42,61102,48,242
04-30-2020,16:42,61103,40,298
04-30-2020,16:42,61104,53,234
04-30-2020,16:42,61107,30,271
04-30-2020,16:42,61108,72,317
04-30-2020,16:42,61109,55,322
04-30-2020,16:42,61111,17,195
04-30-2020,16:42,61114,22,123
04-30-2020,16:42,61115,18,183
04-30-2020,16:42,61201,91,335
04-30-2020,16:42,61235,7,31
04-30-2020,16:42,61240,6,41
04-30-2020,16:42,61241,13,86
04-30-2020,16:42,61244,106,293
04-30-2020,16:42,61252,7,43
04-30-2020,16:42,61264,14,91
04-30-2020,16:42,61265,115,461
04-30-2020,16:42,61275,7,38
04-30-2020,16:42,61282,25,94
04-30-2020,16:42,61342,14,83
04-30-2020,16:42,61356,6,70
04-30-2020,16:42,61401,40,454
04-30-2020,16:42,61443,9,139
04-30-2020,16:42,61455,14,129
04-30-2020,16:42,61462,57,149
04-30-2020,16:42,61554,10,288
04-30-2020,16:42,61603,9,253
04-30-2020,16:42,61604,16,356
04-30-2020,16:42,61611,16,229
04-30-2020,16:42,61614,27,277
04-30-2020,16:42,61615,14,221
04-30-2020,16:42,61701,34,707
04-30-2020,16:42,61704,18,546
04-30-2020,16:42,61705,8,208
04-30-2020,16:42,61761,22,604
04-30-2020,16:42,61764,8,159
04-30-2020,16:42,61801,17,341
04-30-2020,16:42,61802,21,358
04-30-2020,16:42,61820,13,313
04-30-2020,16:42,61821,16,489
04-30-2020,16:42,61822,28,383
04-30-2020,16:42,61832,10,315
04-30-2020,16:42,61853,9,214
04-30-2020,16:42,61866,9,241
04-30-2020,16:42,61874,6,128
04-30-2020,16:42,61910,6,46
04-30-2020,16:42,61920,10,134
04-30-2020,16:42,61938,9,175
04-30-2020,16:42,62002,47,179
04-30-2020,16:42,62010,8,39
04-30-2020,16:42,62024,7,27
04-30-2020,16:42,62025,94,363
04-30-2020,16:42,62034,32,72
04-30-2020,16:42,62035,11,59
04-30-2020,16:42,62040,51,270
04-30-2020,16:42,62052,9,52
04-30-2020,16:42,62056,9,114
04-30-2020,16:42,62060,9,42
04-30-2020,16:42,62069,7,51
04-30-2020,16:42,62088,6,177
04-30-2020,16:42,62090,7,13
04-30-2020,16:42,62095,9,64
04-30-2020,16:42,62201,10,36
04-30-2020,16:42,62203,17,42
04-30-2020,16:42,62204,19,42
04-30-2020,16:42,62205,17,49
04-30-2020,16:42,62206,42,210
04-30-2020,16:42,62207,26,49
04-30-2020,16:42,62208,34,110
04-30-2020,16:42,62220,48,124
04-30-2020,16:42,62221,38,139
04-30-2020,16:42,62223,30,78
04-30-2020,16:42,62226,69,351
04-30-2020,16:42,62230,6,50
04-30-2020,16:42,62231,51,196
04-30-2020,16:42,62232,6,34
04-30-2020,16:42,62233,56,190
04-30-2020,16:42,62234,29,154
04-30-2020,16:42,62236,33,87
04-30-2020,16:42,62239,6,18
04-30-2020,16:42,62249,10,74
04-30-2020,16:42,62254,13,58
04-30-2020,16:42,62257,6,23
04-30-2020,16:42,62258,13,62
04-30-2020,16:42,62265,8,34
04-30-2020,16:42,62269,42,166
04-30-2020,16:42,62272,36,57
04-30-2020,16:42,62278,14,67
04-30-2020,16:42,62285,6,24
04-30-2020,16:42,62286,19,108
04-30-2020,16:42,62288,21,74
04-30-2020,16:42,62294,13,57
04-30-2020,16:42,62295,6,11
04-30-2020,16:42,62298,30,89
04-30-2020,16:42,62301,19,220
04-30-2020,16:42,62305,15,88
04-30-2020,16:42,62448,39,164
04-30-2020,16:42,62454,7,80
04-30-2020,16:42,62471,15,88
04-30-2020,16:42,62521,69,445
04-30-2020,16:42,62522,16,69
04-30-2020,16:42,62526,18,166
04-30-2020,16:42,62565,7,42
04-30-2020,16:42,62568,25,155
04-30-2020,16:42,62618,30,235
04-30-2020,16:42,62629,7,127
04-30-2020,16:42,62650,18,208
04-30-2020,16:42,62656,7,225
04-30-2020,16:42,62664,7,36
04-30-2020,16:42,62684,55,116
04-30-2020,16:42,62702,36,455
04-30-2020,16:42,62703,20,321
04-30-2020,16:42,62704,18,443
04-30-2020,16:42,62707,9,94
04-30-2020,16:42,62711,12,169
04-30-2020,16:42,62801,44,373
04-30-2020,16:42,62832,10,124
04-30-2020,16:42,62864,73,428
04-30-2020,16:42,62901,65,323
04-30-2020,16:42,62902,7,52
04-30-2020,16:42,62907,6,21
04-30-2020,16:42,62918,8,98
04-30-2020,16:42,62920,9,43
04-30-2020,16:42,62959,15,375
04-30-2020,16:42,62966,25,182
04-30-2020,16:42,62992,15,40
04-29-2020,17:23,53142,9,71
04-29-2020,17:23,53143,6,41
04-29-2020,17:23,60002,52,333
04-29-2020,17:23,60004,103,1322
04-29-2020,17:23,60005,63,370
04-29-2020,17:23,60007,91,433
04-29-2020,17:23,60008,93,307
04-29-2020,17:23,60010,40,321
04-29-2020,17:23,60012,44,117
04-29-2020,17:23,60013,39,190
04-29-2020,17:23,60014,69,450
04-29-2020,17:23,60015,94,536
04-29-2020,17:23,60016,508,1485
04-29-2020,17:23,60018,218,676
04-29-2020,17:23,60020,14,124
04-29-2020,17:23,60021,8,58
04-29-2020,17:23,60022,21,162
04-29-2020,17:23,60025,183,926
04-29-2020,17:23,60026,81,311
04-29-2020,17:23,60030,65,457
04-29-2020,17:23,60031,126,604
04-29-2020,17:23,60033,42,158
04-29-2020,17:23,60035,141,690
04-29-2020,17:23,60040,38,108
04-29-2020,17:23,60041,17,101
04-29-2020,17:23,60042,9,66
04-29-2020,17:23,60043,14,71
04-29-2020,17:23,60044,49,226
04-29-2020,17:23,60045,85,396
04-29-2020,17:23,60046,71,442
04-29-2020,17:23,60047,68,332
04-29-2020,17:23,60048,55,323
04-29-2020,17:23,60050,84,351
04-29-2020,17:23,60051,35,250
04-29-2020,17:23,60053,138,581
04-29-2020,17:23,60056,234,924
04-29-2020,17:23,60060,133,477
04-29-2020,17:23,60061,72,325
04-29-2020,17:23,60062,144,853
04-29-2020,17:23,60064,258,493
04-29-2020,17:23,60067,55,425
04-29-2020,17:23,60068,153,677
04-29-2020,17:23,60069,30,158
04-29-2020,17:23,60070,72,269
04-29-2020,17:23,60073,228,800
04-29-2020,17:23,60074,121,478
04-29-2020,17:23,60076,247,1119
04-29-2020,17:23,60077,201,872
04-29-2020,17:23,60081,23,95
04-29-2020,17:23,60083,38,146
04-29-2020,17:23,60084,80,163
04-29-2020,17:23,60085,931,1751
04-29-2020,17:23,60087,243,559
04-29-2020,17:23,60088,23,59
04-29-2020,17:23,60089,105,507
04-29-2020,17:23,60090,211,724
04-29-2020,17:23,60091,94,599
04-29-2020,17:23,60093,96,475
04-29-2020,17:23,60096,16,90
04-29-2020,17:23,60097,18,126
04-29-2020,17:23,60098,117,401
04-29-2020,17:23,60099,223,570
04-29-2020,17:23,60101,256,753
04-29-2020,17:23,60102,46,261
04-29-2020,17:23,60103,79,445
04-29-2020,17:23,60104,208,657
04-29-2020,17:23,60106,211,728
04-29-2020,17:23,60107,173,556
04-29-2020,17:23,60108,85,494
04-29-2020,17:23,60110,125,341
04-29-2020,17:23,60112,11,43
04-29-2020,17:23,60115,37,347
04-29-2020,17:23,60118,23,117
04-29-2020,17:23,60119,12,109
04-29-2020,17:23,60120,194,493
04-29-2020,17:23,60123,141,490
04-29-2020,17:23,60124,19,158
04-29-2020,17:23,60126,129,722
04-29-2020,17:23,60130,59,405
04-29-2020,17:23,60131,120,484
04-29-2020,17:23,60133,203,568
04-29-2020,17:23,60134,68,270
04-29-2020,17:23,60136,18,74
04-29-2020,17:23,60137,58,417
04-29-2020,17:23,60139,191,627
04-29-2020,17:23,60140,25,180
04-29-2020,17:23,60141,6,131
04-29-2020,17:23,60142,31,249
04-29-2020,17:23,60143,46,177
04-29-2020,17:23,60148,125,667
04-29-2020,17:23,60152,14,111
04-29-2020,17:23,60153,202,754
04-29-2020,17:23,60154,97,500
04-29-2020,17:23,60155,89,271
04-29-2020,17:23,60156,44,261
04-29-2020,17:23,60160,215,713
04-29-2020,17:23,60162,76,267
04-29-2020,17:23,60163,31,127
04-29-2020,17:23,60164,184,807
04-29-2020,17:23,60165,54,129
04-29-2020,17:23,60169,104,406
04-29-2020,17:23,60171,50,258
04-29-2020,17:23,60172,54,252
04-29-2020,17:23,60173,20,124
04-29-2020,17:23,60174,43,368
04-29-2020,17:23,60175,27,260
04-29-2020,17:23,60176,50,237
04-29-2020,17:23,60177,42,223
04-29-2020,17:23,60178,13,180
04-29-2020,17:23,60181,98,436
04-29-2020,17:23,60185,157,550
04-29-2020,17:23,60187,41,353
04-29-2020,17:23,60188,181,640
04-29-2020,17:23,60189,46,311
04-29-2020,17:23,60190,12,197
04-29-2020,17:23,60191,53,238
04-29-2020,17:23,60192,21,161
04-29-2020,17:23,60193,85,438
04-29-2020,17:23,60194,48,246
04-29-2020,17:23,60195,6,38
04-29-2020,17:23,60201,170,1140
04-29-2020,17:23,60202,156,959
04-29-2020,17:23,60203,17,111
04-29-2020,17:23,60301,14,75
04-29-2020,17:23,60302,110,750
04-29-2020,17:23,60304,46,366
04-29-2020,17:23,60305,26,220
04-29-2020,17:23,60401,27,158
04-29-2020,17:23,60402,491,1775
04-29-2020,17:23,60403,71,473
04-29-2020,17:23,60404,48,354
04-29-2020,17:23,60406,163,640
04-29-2020,17:23,60408,6,71
04-29-2020,17:23,60409,275,1134
04-29-2020,17:23,60410,16,182
04-29-2020,17:23,60411,441,1871
04-29-2020,17:23,60415,98,326
04-29-2020,17:23,60417,80,377
04-29-2020,17:23,60418,47,201
04-29-2020,17:23,60419,199,812
04-29-2020,17:23,60422,55,308
04-29-2020,17:23,60423,81,473
04-29-2020,17:23,60425,61,345
04-29-2020,17:23,60426,236,992
04-29-2020,17:23,60428,122,560
04-29-2020,17:23,60429,128,736
04-29-2020,17:23,60430,152,621
04-29-2020,17:23,60431,89,590
04-29-2020,17:23,60432,95,409
04-29-2020,17:23,60433,98,366
04-29-2020,17:23,60434,132,66
04-29-2020,17:23,60435,319,1398
04-29-2020,17:23,60436,69,472
04-29-2020,17:23,60438,175,759
04-29-2020,17:23,60439,48,350
04-29-2020,17:23,60440,287,1329
04-29-2020,17:23,60441,106,552
04-29-2020,17:23,60442,21,148
04-29-2020,17:23,60443,209,878
04-29-2020,17:23,60445,72,364
04-29-2020,17:23,60446,190,895
04-29-2020,17:23,60447,17,231
04-29-2020,17:23,60448,63,320
04-29-2020,17:23,60449,43,263
04-29-2020,17:23,60450,16,185
04-29-2020,17:23,60451,53,408
04-29-2020,17:23,60452,87,475
04-29-2020,17:23,60453,307,1119
04-29-2020,17:23,60455,168,665
04-29-2020,17:23,60456,19,84
04-29-2020,17:23,60457,58,203
04-29-2020,17:23,60458,47,291
04-29-2020,17:23,60459,149,561
04-29-2020,17:23,60461,38,193
04-29-2020,17:23,60462,125,651
04-29-2020,17:23,60463,89,299
04-29-2020,17:23,60464,22,137
04-29-2020,17:23,60465,80,312
04-29-2020,17:23,60466,328,1138
04-29-2020,17:23,60467,90,401
04-29-2020,17:23,60468,15,63
04-29-2020,17:23,60469,29,127
04-29-2020,17:23,60471,130,547
04-29-2020,17:23,60472,40,206
04-29-2020,17:23,60473,221,866
04-29-2020,17:23,60475,46,222
04-29-2020,17:23,60476,10,59
04-29-2020,17:23,60477,109,631
04-29-2020,17:23,60478,182,852
04-29-2020,17:23,60480,16,109
04-29-2020,17:23,60481,12,144
04-29-2020,17:23,60482,32,198
04-29-2020,17:23,60484,60,248
04-29-2020,17:23,60487,67,401
04-29-2020,17:23,60490,76,461
04-29-2020,17:23,60491,77,346
04-29-2020,17:23,60501,82,266
04-29-2020,17:23,60502,32,219
04-29-2020,17:23,60503,20,132
04-29-2020,17:23,60504,90,411
04-29-2020,17:23,60505,363,736
04-29-2020,17:23,60506,252,1007
04-29-2020,17:23,60510,35,317
04-29-2020,17:23,60513,66,471
04-29-2020,17:23,60514,25,180
04-29-2020,17:23,60515,38,288
04-29-2020,17:23,60516,52,342
04-29-2020,17:23,60517,98,495
04-29-2020,17:23,60521,64,400
04-29-2020,17:23,60523,43,234
04-29-2020,17:23,60525,116,728
04-29-2020,17:23,60526,34,301
04-29-2020,17:23,60527,153,721
04-29-2020,17:23,60532,57,314
04-29-2020,17:23,60534,53,212
04-29-2020,17:23,60538,74,294
04-29-2020,17:23,60540,49,542
04-29-2020,17:23,60542,32,234
04-29-2020,17:23,60543,73,363
04-29-2020,17:23,60544,72,541
04-29-2020,17:23,60545,29,128
04-29-2020,17:23,60546,70,390
04-29-2020,17:23,60548,13,93
04-29-2020,17:23,60551,15,32
04-29-2020,17:23,60552,6,38
04-29-2020,17:23,60554,13,111
04-29-2020,17:23,60555,41,173
04-29-2020,17:23,60558,17,185
04-29-2020,17:23,60559,129,422
04-29-2020,17:23,60560,38,204
04-29-2020,17:23,60561,67,391
04-29-2020,17:23,60563,62,468
04-29-2020,17:23,60564,70,471
04-29-2020,17:23,60565,91,455
04-29-2020,17:23,60585,41,285
04-29-2020,17:23,60586,143,833
04-29-2020,17:23,60601,46,322
04-29-2020,17:23,60604,6,33
04-29-2020,17:23,60605,120,691
04-29-2020,17:23,60606,27,202
04-29-2020,17:23,60607,226,973
04-29-2020,17:23,60608,614,2078
04-29-2020,17:23,60609,581,1590
04-29-2020,17:23,60610,138,874
04-29-2020,17:23,60611,88,833
04-29-2020,17:23,60612,351,1724
04-29-2020,17:23,60613,223,965
04-29-2020,17:23,60614,261,1452
04-29-2020,17:23,60615,232,1327
04-29-2020,17:23,60616,235,1130
04-29-2020,17:23,60617,480,2232
04-29-2020,17:23,60618,489,2021
04-29-2020,17:23,60619,556,2170
04-29-2020,17:23,60620,673,2423
04-29-2020,17:23,60621,278,963
04-29-2020,17:23,60622,282,1361
04-29-2020,17:23,60623,1031,2348
04-29-2020,17:23,60624,405,1365
04-29-2020,17:23,60625,526,1670
04-29-2020,17:23,60626,484,1579
04-29-2020,17:23,60628,588,2107
04-29-2020,17:23,60629,1007,2540
04-29-2020,17:23,60630,313,1449
04-29-2020,17:23,60631,128,1065
04-29-2020,17:23,60632,905,2149
04-29-2020,17:23,60633,109,541
04-29-2020,17:23,60634,569,2839
04-29-2020,17:23,60636,344,932
04-29-2020,17:23,60637,318,1768
04-29-2020,17:23,60638,427,1786
04-29-2020,17:23,60639,1089,2765
04-29-2020,17:23,60640,425,1613
04-29-2020,17:23,60641,500,1826
04-29-2020,17:23,60642,65,465
04-29-2020,17:23,60643,470,1895
04-29-2020,17:23,60644,572,1711
04-29-2020,17:23,60645,600,1823
04-29-2020,17:23,60646,117,829
04-29-2020,17:23,60647,473,1988
04-29-2020,17:23,60649,440,1723
04-29-2020,17:23,60651,607,1864
04-29-2020,17:23,60652,344,1123
04-29-2020,17:23,60653,287,1164
04-29-2020,17:23,60654,90,433
04-29-2020,17:23,60655,163,1004
04-29-2020,17:23,60656,128,925
04-29-2020,17:23,60657,197,1365
04-29-2020,17:23,60659,353,1039
04-29-2020,17:23,60660,214,815
04-29-2020,17:23,60661,23,205
04-29-2020,17:23,60706,145,751
04-29-2020,17:23,60707,296,1420
04-29-2020,17:23,60712,96,403
04-29-2020,17:23,60714,292,811
04-29-2020,17:23,60803,105,486
04-29-2020,17:23,60804,992,2554
04-29-2020,17:23,60805,124,414
04-29-2020,17:23,60827,181,759
04-29-2020,17:23,60901,194,849
04-29-2020,17:23,60914,57,498
04-29-2020,17:23,60915,18,211
04-29-2020,17:23,60950,17,200
04-29-2020,17:23,60954,11,91
04-29-2020,17:23,60958,8,46
04-29-2020,17:23,60964,9,70
04-29-2020,17:23,61008,76,257
04-29-2020,17:23,61016,12,75
04-29-2020,17:23,61021,15,327
04-29-2020,17:23,61032,24,171
04-29-2020,17:23,61065,11,73
04-29-2020,17:23,61068,90,660
04-29-2020,17:23,61071,17,90
04-29-2020,17:23,61073,8,103
04-29-2020,17:23,61080,6,55
04-29-2020,17:23,61081,42,142
04-29-2020,17:23,61101,35,255
04-29-2020,17:23,61102,45,197
04-29-2020,17:23,61103,35,258
04-29-2020,17:23,61104,43,209
04-29-2020,17:23,61107,26,249
04-29-2020,17:23,61108,67,288
04-29-2020,17:23,61109,50,285
04-29-2020,17:23,61111,12,174
04-29-2020,17:23,61114,22,113
04-29-2020,17:23,61115,17,165
04-29-2020,17:23,61201,92,304
04-29-2020,17:23,61235,6,24
04-29-2020,17:23,61241,13,83
04-29-2020,17:23,61244,102,265
04-29-2020,17:23,61252,6,42
04-29-2020,17:23,61264,13,82
04-29-2020,17:23,61265,115,420
04-29-2020,17:23,61275,7,33
04-29-2020,17:23,61282,24,88
04-29-2020,17:23,61342,14,81
04-29-2020,17:23,61356,6,66
04-29-2020,17:23,61401,33,392
04-29-2020,17:23,61455,11,104
04-29-2020,17:23,61462,53,132
04-29-2020,17:23,61554,10,260
04-29-2020,17:23,61603,9,237
04-29-2020,17:23,61604,16,330
04-29-2020,17:23,61611,16,206
04-29-2020,17:23,61614,27,257
04-29-2020,17:23,61615,13,208
04-29-2020,17:23,61701,34,679
04-29-2020,17:23,61704,17,522
04-29-2020,17:23,61705,8,203
04-29-2020,17:23,61761,22,581
04-29-2020,17:23,61764,8,151
04-29-2020,17:23,61801,17,299
04-29-2020,17:23,61802,20,311
04-29-2020,17:23,61820,10,284
04-29-2020,17:23,61821,13,437
04-29-2020,17:23,61822,28,360
04-29-2020,17:23,61832,9,287
04-29-2020,17:23,61853,9,195
04-29-2020,17:23,61866,7,228
04-29-2020,17:23,61874,6,118
04-29-2020,17:23,61910,6,43
04-29-2020,17:23,61920,10,126
04-29-2020,17:23,61938,9,163
04-29-2020,17:23,62002,46,175
04-29-2020,17:23,62010,8,39
04-29-2020,17:23,62024,7,26
04-29-2020,17:23,62025,92,346
04-29-2020,17:23,62034,30,66
04-29-2020,17:23,62035,11,59
04-29-2020,17:23,62040,50,251
04-29-2020,17:23,62052,9,51
04-29-2020,17:23,62056,9,109
04-29-2020,17:23,62060,9,39
04-29-2020,17:23,62069,7,50
04-29-2020,17:23,62088,6,175
04-29-2020,17:23,62090,7,13
04-29-2020,17:23,62095,9,60
04-29-2020,17:23,62201,10,34
04-29-2020,17:23,62203,14,40
04-29-2020,17:23,62204,16,39
04-29-2020,17:23,62205,17,45
04-29-2020,17:23,62206,41,207
04-29-2020,17:23,62207,25,43
04-29-2020,17:23,62208,32,102
04-29-2020,17:23,62220,42,117
04-29-2020,17:23,62221,35,133
04-29-2020,17:23,62223,29,72
04-29-2020,17:23,62226,65,346
04-29-2020,17:23,62230,6,38
04-29-2020,17:23,62231,49,169
04-29-2020,17:23,62233,55,179
04-29-2020,17:23,62234,28,134
04-29-2020,17:23,62236,33,85
04-29-2020,17:23,62239,6,18
04-29-2020,17:23,62249,10,69
04-29-2020,17:23,62254,12,55
04-29-2020,17:23,62258,13,57
04-29-2020,17:23,62265,8,29
04-29-2020,17:23,62269,40,155
04-29-2020,17:23,62272,23,39
04-29-2020,17:23,62278,14,59
04-29-2020,17:23,62285,6,24
04-29-2020,17:23,62286,18,94
04-29-2020,17:23,62288,19,67
04-29-2020,17:23,62294,11,53
04-29-2020,17:23,62295,6,10
04-29-2020,17:23,62298,29,85
04-29-2020,17:23,62301,18,203
04-29-2020,17:23,62305,15,75
04-29-2020,17:23,62448,39,164
04-29-2020,17:23,62454,7,79
04-29-2020,17:23,62471,15,83
04-29-2020,17:23,62521,69,439
04-29-2020,17:23,62522,15,64
04-29-2020,17:23,62526,18,161
04-29-2020,17:23,62565,7,38
04-29-2020,17:23,62568,25,151
04-29-2020,17:23,62618,26,215
04-29-2020,17:23,62629,6,118
04-29-2020,17:23,62650,18,197
04-29-2020,17:23,62656,7,217
04-29-2020,17:23,62664,6,31
04-29-2020,17:23,62684,55,109
04-29-2020,17:23,62702,33,424
04-29-2020,17:23,62703,18,301
04-29-2020,17:23,62704,18,419
04-29-2020,17:23,62707,9,89
04-29-2020,17:23,62711,11,153
04-29-2020,17:23,62801,42,347
04-29-2020,17:23,62832,8,112
04-29-2020,17:23,62864,71,400
04-29-2020,17:23,62901,55,296
04-29-2020,17:23,62918,7,92
04-29-2020,17:23,62959,15,346
04-29-2020,17:23,62966,15,149
04-29-2020,17:23,62992,14,39
04-28-2020,15:05,53142,6,62
04-28-2020,15:05,60002,48,317
04-28-2020,15:05,60004,87,975
04-28-2020,15:05,60005,61,355
04-28-2020,15:05,60007,86,405
04-28-2020,15:05,60008,84,289
04-28-2020,15:05,60010,39,306
04-28-2020,15:05,60012,43,115
04-28-2020,15:05,60013,38,185
04-28-2020,15:05,60014,67,430
04-28-2020,15:05,60015,91,508
04-28-2020,15:05,60016,494,1431
04-28-2020,15:05,60018,207,643
04-28-2020,15:05,60020,14,119
04-28-2020,15:05,60021,6,56
04-28-2020,15:05,60022,17,153
04-28-2020,15:05,60025,178,886
04-28-2020,15:05,60026,79,305
04-28-2020,15:05,60030,58,436
04-28-2020,15:05,60031,121,583
04-28-2020,15:05,60033,40,154
04-28-2020,15:05,60035,139,662
04-28-2020,15:05,60040,37,101
04-28-2020,15:05,60041,17,96
04-28-2020,15:05,60042,7,63
04-28-2020,15:05,60043,14,69
04-28-2020,15:05,60044,47,219
04-28-2020,15:05,60045,83,380
04-28-2020,15:05,60046,68,427
04-28-2020,15:05,60047,64,312
04-28-2020,15:05,60048,54,315
04-28-2020,15:05,60050,79,335
04-28-2020,15:05,60051,34,242
04-28-2020,15:05,60053,128,562
04-28-2020,15:05,60056,221,871
04-28-2020,15:05,60060,124,453
04-28-2020,15:05,60061,65,304
04-28-2020,15:05,60062,134,767
04-28-2020,15:05,60064,250,483
04-28-2020,15:05,60067,53,395
04-28-2020,15:05,60068,149,652
04-28-2020,15:05,60069,30,151
04-28-2020,15:05,60070,67,253
04-28-2020,15:05,60073,210,749
04-28-2020,15:05,60074,114,454
04-28-2020,15:05,60076,235,1083
04-28-2020,15:05,60077,193,842
04-28-2020,15:05,60081,23,93
04-28-2020,15:05,60083,36,142
04-28-2020,15:05,60084,77,153
04-28-2020,15:05,60085,869,1635
04-28-2020,15:05,60087,228,521
04-28-2020,15:05,60088,22,57
04-28-2020,15:05,60089,101,488
04-28-2020,15:05,60090,198,699
04-28-2020,15:05,60091,91,562
04-28-2020,15:05,60093,95,455
04-28-2020,15:05,60096,15,86
04-28-2020,15:05,60097,18,120
04-28-2020,15:05,60098,105,388
04-28-2020,15:05,60099,218,547
04-28-2020,15:05,60101,242,717
04-28-2020,15:05,60102,43,251
04-28-2020,15:05,60103,77,430
04-28-2020,15:05,60104,206,623
04-28-2020,15:05,60106,202,615
04-28-2020,15:05,60107,168,535
04-28-2020,15:05,60108,78,479
04-28-2020,15:05,60110,116,322
04-28-2020,15:05,60112,10,40
04-28-2020,15:05,60115,34,326
04-28-2020,15:05,60118,22,112
04-28-2020,15:05,60119,11,103
04-28-2020,15:05,60120,183,461
04-28-2020,15:05,60123,130,465
04-28-2020,15:05,60124,18,153
04-28-2020,15:05,60126,123,685
04-28-2020,15:05,60130,58,383
04-28-2020,15:05,60131,110,460
04-28-2020,15:05,60133,194,539
04-28-2020,15:05,60134,65,259
04-28-2020,15:05,60136,18,73
04-28-2020,15:05,60137,56,397
04-28-2020,15:05,60139,180,598
04-28-2020,15:05,60140,24,161
04-28-2020,15:05,60141,6,120
04-28-2020,15:05,60142,31,240
04-28-2020,15:05,60143,44,169
04-28-2020,15:05,60148,124,635
04-28-2020,15:05,60152,14,106
04-28-2020,15:05,60153,195,714
04-28-2020,15:05,60154,92,480
04-28-2020,15:05,60155,82,256
04-28-2020,15:05,60156,43,251
04-28-2020,15:05,60160,201,668
04-28-2020,15:05,60162,73,248
04-28-2020,15:05,60163,31,121
04-28-2020,15:05,60164,168,763
04-28-2020,15:05,60165,51,124
04-28-2020,15:05,60169,103,393
04-28-2020,15:05,60171,45,244
04-28-2020,15:05,60172,51,234
04-28-2020,15:05,60173,19,118
04-28-2020,15:05,60174,38,345
04-28-2020,15:05,60175,27,252
04-28-2020,15:05,60176,47,218
04-28-2020,15:05,60177,40,213
04-28-2020,15:05,60178,13,169
04-28-2020,15:05,60181,93,417
04-28-2020,15:05,60185,148,527
04-28-2020,15:05,60187,39,336
04-28-2020,15:05,60188,173,615
04-28-2020,15:05,60189,44,300
04-28-2020,15:05,60190,11,183
04-28-2020,15:05,60191,49,227
04-28-2020,15:05,60192,21,154
04-28-2020,15:05,60193,80,418
04-28-2020,15:05,60194,46,221
04-28-2020,15:05,60195,6,36
04-28-2020,15:05,60201,170,1116
04-28-2020,15:05,60202,152,931
04-28-2020,15:05,60203,17,109
04-28-2020,15:05,60301,13,69
04-28-2020,15:05,60302,105,718
04-28-2020,15:05,60304,46,350
04-28-2020,15:05,60305,25,205
04-28-2020,15:05,60401,26,153
04-28-2020,15:05,60402,461,1692
04-28-2020,15:05,60403,68,460
04-28-2020,15:05,60404,46,337
04-28-2020,15:05,60406,150,598
04-28-2020,15:05,60408,6,70
04-28-2020,15:05,60409,266,1077
04-28-2020,15:05,60410,15,167
04-28-2020,15:05,60411,428,1776
04-28-2020,15:05,60415,98,319
04-28-2020,15:05,60417,77,361
04-28-2020,15:05,60418,43,188
04-28-2020,15:05,60419,191,775
04-28-2020,15:05,60422,55,299
04-28-2020,15:05,60423,78,448
04-28-2020,15:05,60425,60,331
04-28-2020,15:05,60426,224,922
04-28-2020,15:05,60428,116,525
04-28-2020,15:05,60429,124,706
04-28-2020,15:05,60430,145,584
04-28-2020,15:05,60431,85,576
04-28-2020,15:05,60432,86,383
04-28-2020,15:05,60433,96,354
04-28-2020,15:05,60434,132,65
04-28-2020,15:05,60435,298,1331
04-28-2020,15:05,60436,65,454
04-28-2020,15:05,60438,170,720
04-28-2020,15:05,60439,48,337
04-28-2020,15:05,60440,261,1273
04-28-2020,15:05,60441,102,520
04-28-2020,15:05,60442,20,145
04-28-2020,15:05,60443,203,842
04-28-2020,15:05,60445,71,351
04-28-2020,15:05,60446,174,855
04-28-2020,15:05,60447,14,215
04-28-2020,15:05,60448,61,303
04-28-2020,15:05,60449,43,256
04-28-2020,15:05,60450,15,176
04-28-2020,15:05,60451,50,384
04-28-2020,15:05,60452,82,453
04-28-2020,15:05,60453,296,1070
04-28-2020,15:05,60455,167,650
04-28-2020,15:05,60456,18,80
04-28-2020,15:05,60457,53,196
04-28-2020,15:05,60458,44,279
04-28-2020,15:05,60459,143,525
04-28-2020,15:05,60461,37,187
04-28-2020,15:05,60462,119,606
04-28-2020,15:05,60463,76,279
04-28-2020,15:05,60464,22,133
04-28-2020,15:05,60465,73,299
04-28-2020,15:05,60466,321,1105
04-28-2020,15:05,60467,88,376
04-28-2020,15:05,60468,15,59
04-28-2020,15:05,60469,29,116
04-28-2020,15:05,60471,123,520
04-28-2020,15:05,60472,40,191
04-28-2020,15:05,60473,220,824
04-28-2020,15:05,60475,44,210
04-28-2020,15:05,60476,9,52
04-28-2020,15:05,60477,100,597
04-28-2020,15:05,60478,166,811
04-28-2020,15:05,60480,16,107
04-28-2020,15:05,60481,12,136
04-28-2020,15:05,60482,28,185
04-28-2020,15:05,60484,59,236
04-28-2020,15:05,60487,64,369
04-28-2020,15:05,60490,77,445
04-28-2020,15:05,60491,75,321
04-28-2020,15:05,60501,79,254
04-28-2020,15:05,60502,32,212
04-28-2020,15:05,60503,20,124
04-28-2020,15:05,60504,79,386
04-28-2020,15:05,60505,331,703
04-28-2020,15:05,60506,233,943
04-28-2020,15:05,60510,33,297
04-28-2020,15:05,60513,65,453
04-28-2020,15:05,60514,25,178
04-28-2020,15:05,60515,37,281
04-28-2020,15:05,60516,50,331
04-28-2020,15:05,60517,94,473
04-28-2020,15:05,60521,63,378
04-28-2020,15:05,60523,43,219
04-28-2020,15:05,60525,113,699
04-28-2020,15:05,60526,31,286
04-28-2020,15:05,60527,150,690
04-28-2020,15:05,60532,56,305
04-28-2020,15:05,60534,50,200
04-28-2020,15:05,60538,65,277
04-28-2020,15:05,60540,48,527
04-28-2020,15:05,60542,30,224
04-28-2020,15:05,60543,70,347
04-28-2020,15:05,60544,69,516
04-28-2020,15:05,60545,22,114
04-28-2020,15:05,60546,69,369
04-28-2020,15:05,60548,10,82
04-28-2020,15:05,60551,15,31
04-28-2020,15:05,60554,12,105
04-28-2020,15:05,60555,40,166
04-28-2020,15:05,60558,17,175
04-28-2020,15:05,60559,123,404
04-28-2020,15:05,60560,34,193
04-28-2020,15:05,60561,66,371
04-28-2020,15:05,60563,58,450
04-28-2020,15:05,60564,68,449
04-28-2020,15:05,60565,90,441
04-28-2020,15:05,60585,42,272
04-28-2020,15:05,60586,136,806
04-28-2020,15:05,60601,45,289
04-28-2020,15:05,60604,6,30
04-28-2020,15:05,60605,111,642
04-28-2020,15:05,60606,29,195
04-28-2020,15:05,60607,206,887
04-28-2020,15:05,60608,587,1980
04-28-2020,15:05,60609,544,1514
04-28-2020,15:05,60610,134,814
04-28-2020,15:05,60611,86,774
04-28-2020,15:05,60612,351,1671
04-28-2020,15:05,60613,213,918
04-28-2020,15:05,60614,257,1375
04-28-2020,15:05,60615,227,1273
04-28-2020,15:05,60616,224,1073
04-28-2020,15:05,60617,456,2108
04-28-2020,15:05,60618,473,1925
04-28-2020,15:05,60619,540,2079
04-28-2020,15:05,60620,664,2361
04-28-2020,15:05,60621,275,930
04-28-2020,15:05,60622,276,1284
04-28-2020,15:05,60623,946,2200
04-28-2020,15:05,60624,396,1329
04-28-2020,15:05,60625,504,1595
04-28-2020,15:05,60626,469,1535
04-28-2020,15:05,60628,571,2018
04-28-2020,15:05,60629,957,2419
04-28-2020,15:05,60630,288,1392
04-28-2020,15:05,60631,126,1037
04-28-2020,15:05,60632,853,2032
04-28-2020,15:05,60633,106,505
04-28-2020,15:05,60634,539,2743
04-28-2020,15:05,60636,333,902
04-28-2020,15:05,60637,312,1729
04-28-2020,15:05,60638,412,1709
04-28-2020,15:05,60639,1009,2623
04-28-2020,15:05,60640,408,1543
04-28-2020,15:05,60641,471,1736
04-28-2020,15:05,60642,60,426
04-28-2020,15:05,60643,461,1810
04-28-2020,15:05,60644,554,1656
04-28-2020,15:05,60645,588,1768
04-28-2020,15:05,60646,111,784
04-28-2020,15:05,60647,460,1897
04-28-2020,15:05,60649,430,1670
04-28-2020,15:05,60651,585,1793
04-28-2020,15:05,60652,320,1051
04-28-2020,15:05,60653,283,1124
04-28-2020,15:05,60654,89,403
04-28-2020,15:05,60655,161,973
04-28-2020,15:05,60656,126,898
04-28-2020,15:05,60657,194,1294
04-28-2020,15:05,60659,344,1005
04-28-2020,15:05,60660,202,770
04-28-2020,15:05,60661,23,175
04-28-2020,15:05,60706,139,727
04-28-2020,15:05,60707,285,1362
04-28-2020,15:05,60712,96,392
04-28-2020,15:05,60714,277,783
04-28-2020,15:05,60803,96,458
04-28-2020,15:05,60804,921,2397
04-28-2020,15:05,60805,123,400
04-28-2020,15:05,60827,177,721
04-28-2020,15:05,60901,184,817
04-28-2020,15:05,60914,55,477
04-28-2020,15:05,60915,18,203
04-28-2020,15:05,60950,17,191
04-28-2020,15:05,60954,11,86
04-28-2020,15:05,60958,8,45
04-28-2020,15:05,60964,9,70
04-28-2020,15:05,61008,67,237
04-28-2020,15:05,61016,11,69
04-28-2020,15:05,61021,15,327
04-28-2020,15:05,61032,18,158
04-28-2020,15:05,61065,11,68
04-28-2020,15:05,61068,89,654
04-28-2020,15:05,61071,17,90
04-28-2020,15:05,61073,8,97
04-28-2020,15:05,61080,6,51
04-28-2020,15:05,61081,42,140
04-28-2020,15:05,61101,33,223
04-28-2020,15:05,61102,41,172
04-28-2020,15:05,61103,31,242
04-28-2020,15:05,61104,40,196
04-28-2020,15:05,61107,25,235
04-28-2020,15:05,61108,65,277
04-28-2020,15:05,61109,45,270
04-28-2020,15:05,61111,12,161
04-28-2020,15:05,61114,22,107
04-28-2020,15:05,61115,17,155
04-28-2020,15:05,61201,84,279
04-28-2020,15:05,61235,6,22
04-28-2020,15:05,61241,13,82
04-28-2020,15:05,61244,97,254
04-28-2020,15:05,61252,6,42
04-28-2020,15:05,61264,12,71
04-28-2020,15:05,61265,105,392
04-28-2020,15:05,61275,7,32
04-28-2020,15:05,61282,22,86
04-28-2020,15:05,61342,14,80
04-28-2020,15:05,61356,6,64
04-28-2020,15:05,61401,32,248
04-28-2020,15:05,61455,8,87
04-28-2020,15:05,61462,51,121
04-28-2020,15:05,61554,9,229
04-28-2020,15:05,61603,9,215
04-28-2020,15:05,61604,15,302
04-28-2020,15:05,61611,16,179
04-28-2020,15:05,61614,26,237
04-28-2020,15:05,61615,12,187
04-28-2020,15:05,61701,34,664
04-28-2020,15:05,61704,17,505
04-28-2020,15:05,61705,8,199
04-28-2020,15:05,61761,22,571
04-28-2020,15:05,61764,8,141
04-28-2020,15:05,61801,16,269
04-28-2020,15:05,61802,20,278
04-28-2020,15:05,61820,8,266
04-28-2020,15:05,61821,12,381
04-28-2020,15:05,61822,27,328
04-28-2020,15:05,61832,9,261
04-28-2020,15:05,61853,9,186
04-28-2020,15:05,61866,6,205
04-28-2020,15:05,61874,6,112
04-28-2020,15:05,61910,6,42
04-28-2020,15:05,61920,10,117
04-28-2020,15:05,61938,9,154
04-28-2020,15:05,62002,45,168
04-28-2020,15:05,62010,8,38
04-28-2020,15:05,62024,7,25
04-28-2020,15:05,62025,91,342
04-28-2020,15:05,62034,30,65
04-28-2020,15:05,62035,11,59
04-28-2020,15:05,62040,49,251
04-28-2020,15:05,62052,9,51
04-28-2020,15:05,62056,9,106
04-28-2020,15:05,62060,9,39
04-28-2020,15:05,62069,7,48
04-28-2020,15:05,62088,6,173
04-28-2020,15:05,62090,7,13
04-28-2020,15:05,62095,9,50
04-28-2020,15:05,62201,10,34
04-28-2020,15:05,62203,15,39
04-28-2020,15:05,62204,15,36
04-28-2020,15:05,62205,17,43
04-28-2020,15:05,62206,39,194
04-28-2020,15:05,62207,25,41
04-28-2020,15:05,62208,31,100
04-28-2020,15:05,62220,42,113
04-28-2020,15:05,62221,35,130
04-28-2020,15:05,62223,28,70
04-28-2020,15:05,62226,63,340
04-28-2020,15:05,62230,6,33
04-28-2020,15:05,62231,39,141
04-28-2020,15:05,62233,52,159
04-28-2020,15:05,62234,27,126
04-28-2020,15:05,62236,32,83
04-28-2020,15:05,62239,6,18
04-28-2020,15:05,62249,10,68
04-28-2020,15:05,62254,11,53
04-28-2020,15:05,62258,13,56
04-28-2020,15:05,62265,8,28
04-28-2020,15:05,62269,38,151
04-28-2020,15:05,62272,16,30
04-28-2020,15:05,62278,14,55
04-28-2020,15:05,62285,6,24
04-28-2020,15:05,62286,17,85
04-28-2020,15:05,62288,18,63
04-28-2020,15:05,62294,11,52
04-28-2020,15:05,62295,6,10
04-28-2020,15:05,62298,29,85
04-28-2020,15:05,62301,18,196
04-28-2020,15:05,62305,15,73
04-28-2020,15:05,62448,40,160
04-28-2020,15:05,62454,7,79
04-28-2020,15:05,62471,15,82
04-28-2020,15:05,62521,69,430
04-28-2020,15:05,62522,15,60
04-28-2020,15:05,62526,16,144
04-28-2020,15:05,62565,6,34
04-28-2020,15:05,62568,24,145
04-28-2020,15:05,62618,24,183
04-28-2020,15:05,62650,18,184
04-28-2020,15:05,62656,7,211
04-28-2020,15:05,62684,49,95
04-28-2020,15:05,62702,33,388
04-28-2020,15:05,62703,17,272
04-28-2020,15:05,62704,15,387
04-28-2020,15:05,62707,9,81
04-28-2020,15:05,62711,11,144
04-28-2020,15:05,62801,40,336
04-28-2020,15:05,62832,8,110
04-28-2020,15:05,62864,70,393
04-28-2020,15:05,62901,53,288
04-28-2020,15:05,62918,7,90
04-28-2020,15:05,62959,14,333
04-28-2020,15:05,62966,13,145
04-28-2020,15:05,62992,14,39
04-27-2020,15:07,53142,7,58
04-27-2020,15:07,60002,48,310
04-27-2020,15:07,60004,81,945
04-27-2020,15:07,60005,55,342
04-27-2020,15:07,60007,86,394
04-27-2020,15:07,60008,79,270
04-27-2020,15:07,60010,39,296
04-27-2020,15:07,60012,38,109
04-27-2020,15:07,60013,39,176
04-27-2020,15:07,60014,66,398
04-27-2020,15:07,60015,91,492
04-27-2020,15:07,60016,478,1374
04-27-2020,15:07,60018,189,602
04-27-2020,15:07,60020,15,114
04-27-2020,15:07,60021,6,53
04-27-2020,15:07,60022,17,151
04-27-2020,15:07,60025,176,860
04-27-2020,15:07,60026,78,300
04-27-2020,15:07,60030,56,421
04-27-2020,15:07,60031,118,566
04-27-2020,15:07,60033,39,151
04-27-2020,15:07,60035,138,651
04-27-2020,15:07,60040,36,99
04-27-2020,15:07,60041,16,90
04-27-2020,15:07,60042,7,62
04-27-2020,15:07,60043,14,69
04-27-2020,15:07,60044,42,211
04-27-2020,15:07,60045,83,365
04-27-2020,15:07,60046,66,417
04-27-2020,15:07,60047,60,299
04-27-2020,15:07,60048,53,308
04-27-2020,15:07,60050,80,317
04-27-2020,15:07,60051,31,231
04-27-2020,15:07,60053,123,548
04-27-2020,15:07,60056,209,844
04-27-2020,15:07,60060,120,435
04-27-2020,15:07,60061,61,297
04-27-2020,15:07,60062,123,734
04-27-2020,15:07,60064,241,456
04-27-2020,15:07,60067,49,372
04-27-2020,15:07,60068,140,632
04-27-2020,15:07,60069,26,148
04-27-2020,15:07,60070,66,241
04-27-2020,15:07,60073,201,726
04-27-2020,15:07,60074,108,433
04-27-2020,15:07,60076,231,1058
04-27-2020,15:07,60077,187,823
04-27-2020,15:07,60081,23,91
04-27-2020,15:07,60083,36,136
04-27-2020,15:07,60084,76,144
04-27-2020,15:07,60085,822,1552
04-27-2020,15:07,60087,217,495
04-27-2020,15:07,60088,21,52
04-27-2020,15:07,60089,91,473
04-27-2020,15:07,60090,191,671
04-27-2020,15:07,60091,87,541
04-27-2020,15:07,60093,94,434
04-27-2020,15:07,60096,14,81
04-27-2020,15:07,60097,18,115
04-27-2020,15:07,60098,103,376
04-27-2020,15:07,60099,213,523
04-27-2020,15:07,60101,233,691
04-27-2020,15:07,60102,41,243
04-27-2020,15:07,60103,73,404
04-27-2020,15:07,60104,201,599
04-27-2020,15:07,60106,179,486
04-27-2020,15:07,60107,163,502
04-27-2020,15:07,60108,71,458
04-27-2020,15:07,60110,109,297
04-27-2020,15:07,60112,9,36
04-27-2020,15:07,60115,34,313
04-27-2020,15:07,60118,22,109
04-27-2020,15:07,60119,11,94
04-27-2020,15:07,60120,174,439
04-27-2020,15:07,60123,121,434
04-27-2020,15:07,60124,18,151
04-27-2020,15:07,60126,121,648
04-27-2020,15:07,60130,58,362
04-27-2020,15:07,60131,106,434
04-27-2020,15:07,60133,188,505
04-27-2020,15:07,60134,42,244
04-27-2020,15:07,60135,6,55
04-27-2020,15:07,60136,16,70
04-27-2020,15:07,60137,49,379
04-27-2020,15:07,60139,168,560
04-27-2020,15:07,60140,23,159
04-27-2020,15:07,60141,6,120
04-27-2020,15:07,60142,30,225
04-27-2020,15:07,60143,35,151
04-27-2020,15:07,60148,121,607
04-27-2020,15:07,60152,13,105
04-27-2020,15:07,60153,182,668
04-27-2020,15:07,60154,91,468
04-27-2020,15:07,60155,74,234
04-27-2020,15:07,60156,39,231
04-27-2020,15:07,60160,192,624
04-27-2020,15:07,60162,72,235
04-27-2020,15:07,60163,31,116
04-27-2020,15:07,60164,155,732
04-27-2020,15:07,60165,50,120
04-27-2020,15:07,60169,96,367
04-27-2020,15:07,60171,44,230
04-27-2020,15:07,60172,47,221
04-27-2020,15:07,60173,19,116
04-27-2020,15:07,60174,36,332
04-27-2020,15:07,60175,27,242
04-27-2020,15:07,60176,39,196
04-27-2020,15:07,60177,40,207
04-27-2020,15:07,60178,12,159
04-27-2020,15:07,60181,90,393
04-27-2020,15:07,60185,140,498
04-27-2020,15:07,60187,39,325
04-27-2020,15:07,60188,169,584
04-27-2020,15:07,60189,41,289
04-27-2020,15:07,60190,11,129
04-27-2020,15:07,60191,48,217
04-27-2020,15:07,60192,20,149
04-27-2020,15:07,60193,77,398
04-27-2020,15:07,60194,42,206
04-27-2020,15:07,60195,6,36
04-27-2020,15:07,60201,165,1086
04-27-2020,15:07,60202,149,916
04-27-2020,15:07,60203,17,108
04-27-2020,15:07,60301,12,67
04-27-2020,15:07,60302,102,679
04-27-2020,15:07,60304,44,331
04-27-2020,15:07,60305,24,190
04-27-2020,15:07,60401,26,149
04-27-2020,15:07,60402,435,1593
04-27-2020,15:07,60403,67,447
04-27-2020,15:07,60404,45,331
04-27-2020,15:07,60406,144,576
04-27-2020,15:07,60408,6,70
04-27-2020,15:07,60409,260,1036
04-27-2020,15:07,60410,15,162
04-27-2020,15:07,60411,419,1711
04-27-2020,15:07,60415,95,306
04-27-2020,15:07,60417,74,344
04-27-2020,15:07,60418,42,178
04-27-2020,15:07,60419,179,741
04-27-2020,15:07,60422,54,283
04-27-2020,15:07,60423,76,429
04-27-2020,15:07,60425,59,318
04-27-2020,15:07,60426,215,860
04-27-2020,15:07,60428,111,497
04-27-2020,15:07,60429,124,674
04-27-2020,15:07,60430,139,550
04-27-2020,15:07,60431,83,556
04-27-2020,15:07,60432,84,375
04-27-2020,15:07,60433,95,339
04-27-2020,15:07,60434,132,63
04-27-2020,15:07,60435,287,1278
04-27-2020,15:07,60436,64,443
04-27-2020,15:07,60438,159,683
04-27-2020,15:07,60439,47,314
04-27-2020,15:07,60440,249,1229
04-27-2020,15:07,60441,98,504
04-27-2020,15:07,60442,20,138
04-27-2020,15:07,60443,198,812
04-27-2020,15:07,60445,64,318
04-27-2020,15:07,60446,168,828
04-27-2020,15:07,60447,13,210
04-27-2020,15:07,60448,59,290
04-27-2020,15:07,60449,43,245
04-27-2020,15:07,60450,15,169
04-27-2020,15:07,60451,52,375
04-27-2020,15:07,60452,78,426
04-27-2020,15:07,60453,273,1001
04-27-2020,15:07,60455,161,609
04-27-2020,15:07,60456,17,74
04-27-2020,15:07,60457,52,193
04-27-2020,15:07,60458,36,255
04-27-2020,15:07,60459,131,482
04-27-2020,15:07,60461,36,179
04-27-2020,15:07,60462,117,576
04-27-2020,15:07,60463,66,259
04-27-2020,15:07,60464,18,126
04-27-2020,15:07,60465,70,282
04-27-2020,15:07,60466,317,1084
04-27-2020,15:07,60467,86,366
04-27-2020,15:07,60468,14,53
04-27-2020,15:07,60469,27,110
04-27-2020,15:07,60471,118,503
04-27-2020,15:07,60472,40,181
04-27-2020,15:07,60473,220,792
04-27-2020,15:07,60475,44,200
04-27-2020,15:07,60476,9,48
04-27-2020,15:07,60477,96,565
04-27-2020,15:07,60478,154,771
04-27-2020,15:07,60480,14,101
04-27-2020,15:07,60481,12,132
04-27-2020,15:07,60482,27,179
04-27-2020,15:07,60484,59,231
04-27-2020,15:07,60487,62,353
04-27-2020,15:07,60490,74,428
04-27-2020,15:07,60491,75,312
04-27-2020,15:07,60501,75,239
04-27-2020,15:07,60502,31,198
04-27-2020,15:07,60503,18,121
04-27-2020,15:07,60504,75,372
04-27-2020,15:07,60505,290,654
04-27-2020,15:07,60506,211,725
04-27-2020,15:07,60510,33,283
04-27-2020,15:07,60513,65,433
04-27-2020,15:07,60514,25,174
04-27-2020,15:07,60515,33,263
04-27-2020,15:07,60516,48,317
04-27-2020,15:07,60517,86,455
04-27-2020,15:07,60521,46,343
04-27-2020,15:07,60523,40,211
04-27-2020,15:07,60525,108,673
04-27-2020,15:07,60526,30,280
04-27-2020,15:07,60527,147,664
04-27-2020,15:07,60532,55,290
04-27-2020,15:07,60534,47,193
04-27-2020,15:07,60538,57,256
04-27-2020,15:07,60540,48,509
04-27-2020,15:07,60542,28,211
04-27-2020,15:07,60543,67,331
04-27-2020,15:07,60544,63,495
04-27-2020,15:07,60545,19,102
04-27-2020,15:07,60546,67,355
04-27-2020,15:07,60548,9,77
04-27-2020,15:07,60551,15,29
04-27-2020,15:07,60554,11,101
04-27-2020,15:07,60555,39,153
04-27-2020,15:07,60558,17,168
04-27-2020,15:07,60559,121,379
04-27-2020,15:07,60560,29,177
04-27-2020,15:07,60561,61,349
04-27-2020,15:07,60563,56,435
04-27-2020,15:07,60564,63,433
04-27-2020,15:07,60565,90,424
04-27-2020,15:07,60585,39,269
04-27-2020,15:07,60586,127,771
04-27-2020,15:07,60601,43,256
04-27-2020,15:07,60604,6,28
04-27-2020,15:07,60605,104,592
04-27-2020,15:07,60606,28,187
04-27-2020,15:07,60607,195,825
04-27-2020,15:07,60608,558,1866
04-27-2020,15:07,60609,512,1442
04-27-2020,15:07,60610,130,752
04-27-2020,15:07,60611,85,740
04-27-2020,15:07,60612,358,1611
04-27-2020,15:07,60613,204,862
04-27-2020,15:07,60614,251,1287
04-27-2020,15:07,60615,222,1216
04-27-2020,15:07,60616,220,1029
04-27-2020,15:07,60617,440,2012
04-27-2020,15:07,60618,451,1820
04-27-2020,15:07,60619,528,1999
04-27-2020,15:07,60620,656,2302
04-27-2020,15:07,60621,267,897
04-27-2020,15:07,60622,272,1204
04-27-2020,15:07,60623,880,2067
04-27-2020,15:07,60624,388,1284
04-27-2020,15:07,60625,468,1498
04-27-2020,15:07,60626,432,1431
04-27-2020,15:07,60628,517,1877
04-27-2020,15:07,60629,899,2285
04-27-2020,15:07,60630,276,1333
04-27-2020,15:07,60631,120,998
04-27-2020,15:07,60632,771,1862
04-27-2020,15:07,60633,97,456
04-27-2020,15:07,60634,511,2606
04-27-2020,15:07,60636,319,861
04-27-2020,15:07,60637,304,1672
04-27-2020,15:07,60638,400,1623
04-27-2020,15:07,60639,933,2460
04-27-2020,15:07,60640,396,1486
04-27-2020,15:07,60641,437,1625
04-27-2020,15:07,60642,59,406
04-27-2020,15:07,60643,446,1706
04-27-2020,15:07,60644,536,1609
04-27-2020,15:07,60645,580,1730
04-27-2020,15:07,60646,107,759
04-27-2020,15:07,60647,435,1786
04-27-2020,15:07,60649,421,1609
04-27-2020,15:07,60651,555,1680
04-27-2020,15:07,60652,305,995
04-27-2020,15:07,60653,279,1097
04-27-2020,15:07,60654,90,373
04-27-2020,15:07,60655,156,930
04-27-2020,15:07,60656,122,861
04-27-2020,15:07,60657,188,1221
04-27-2020,15:07,60659,337,977
04-27-2020,15:07,60660,196,738
04-27-2020,15:07,60661,23,155
04-27-2020,15:07,60706,134,691
04-27-2020,15:07,60707,269,1297
04-27-2020,15:07,60712,94,377
04-27-2020,15:07,60714,262,741
04-27-2020,15:07,60803,92,441
04-27-2020,15:07,60804,859,2186
04-27-2020,15:07,60805,112,374
04-27-2020,15:07,60827,170,684
04-27-2020,15:07,60901,182,795
04-27-2020,15:07,60914,55,452
04-27-2020,15:07,60915,18,190
04-27-2020,15:07,60950,16,185
04-27-2020,15:07,60954,10,78
04-27-2020,15:07,60958,8,43
04-27-2020,15:07,60964,9,68
04-27-2020,15:07,61008,66,236
04-27-2020,15:07,61016,12,65
04-27-2020,15:07,61021,14,321
04-27-2020,15:07,61032,12,141
04-27-2020,15:07,61065,11,67
04-27-2020,15:07,61068,85,588
04-27-2020,15:07,61071,16,81
04-27-2020,15:07,61073,8,96
04-27-2020,15:07,61080,6,49
04-27-2020,15:07,61081,34,117
04-27-2020,15:07,61101,27,198
04-27-2020,15:07,61102,38,153
04-27-2020,15:07,61103,30,228
04-27-2020,15:07,61104,39,179
04-27-2020,15:07,61107,23,230
04-27-2020,15:07,61108,61,259
04-27-2020,15:07,61109,40,250
04-27-2020,15:07,61111,12,151
04-27-2020,15:07,61114,22,104
04-27-2020,15:07,61115,15,147
04-27-2020,15:07,61201,75,246
04-27-2020,15:07,61235,6,21
04-27-2020,15:07,61241,12,78
04-27-2020,15:07,61244,93,245
04-27-2020,15:07,61252,6,41
04-27-2020,15:07,61264,12,69
04-27-2020,15:07,61265,97,359
04-27-2020,15:07,61275,7,32
04-27-2020,15:07,61282,22,82
04-27-2020,15:07,61342,12,75
04-27-2020,15:07,61356,6,61
04-27-2020,15:07,61401,30,246
04-27-2020,15:07,61462,48,116
04-27-2020,15:07,61554,8,204
04-27-2020,15:07,61603,7,191
04-27-2020,15:07,61604,15,254
04-27-2020,15:07,61605,6,114
04-27-2020,15:07,61611,15,167
04-27-2020,15:07,61614,20,196
04-27-2020,15:07,61615,12,162
04-27-2020,15:07,61701,33,637
04-27-2020,15:07,61704,17,481
04-27-2020,15:07,61705,8,190
04-27-2020,15:07,61761,22,546
04-27-2020,15:07,61764,8,139
04-27-2020,15:07,61801,15,254
04-27-2020,15:07,61802,18,271
04-27-2020,15:07,61820,7,254
04-27-2020,15:07,61821,12,364
04-27-2020,15:07,61822,26,321
04-27-2020,15:07,61832,8,246
04-27-2020,15:07,61853,8,182
04-27-2020,15:07,61866,6,196
04-27-2020,15:07,61874,6,105
04-27-2020,15:07,61910,6,39
04-27-2020,15:07,61920,10,111
04-27-2020,15:07,61938,9,147
04-27-2020,15:07,62002,43,158
04-27-2020,15:07,62010,8,35
04-27-2020,15:07,62024,7,25
04-27-2020,15:07,62025,92,207
04-27-2020,15:07,62034,24,57
04-27-2020,15:07,62035,10,53
04-27-2020,15:07,62040,48,248
04-27-2020,15:07,62052,9,51
04-27-2020,15:07,62056,8,98
04-27-2020,15:07,62060,9,38
04-27-2020,15:07,62069,7,46
04-27-2020,15:07,62088,6,163
04-27-2020,15:07,62090,6,13
04-27-2020,15:07,62095,9,50
04-27-2020,15:07,62201,10,34
04-27-2020,15:07,62203,14,39
04-27-2020,15:07,62204,12,36
04-27-2020,15:07,62205,15,43
04-27-2020,15:07,62206,39,189
04-27-2020,15:07,62207,23,40
04-27-2020,15:07,62208,25,98
04-27-2020,15:07,62220,41,111
04-27-2020,15:07,62221,34,126
04-27-2020,15:07,62223,27,69
04-27-2020,15:07,62226,60,338
04-27-2020,15:07,62231,39,137
04-27-2020,15:07,62233,47,150
04-27-2020,15:07,62234,25,120
04-27-2020,15:07,62236,32,83
04-27-2020,15:07,62239,6,18
04-27-2020,15:07,62249,10,64
04-27-2020,15:07,62254,11,51
04-27-2020,15:07,62258,12,56
04-27-2020,15:07,62265,8,23
04-27-2020,15:07,62269,37,144
04-27-2020,15:07,62272,13,23
04-27-2020,15:07,62278,13,53
04-27-2020,15:07,62286,13,77
04-27-2020,15:07,62288,13,50
04-27-2020,15:07,62294,10,52
04-27-2020,15:07,62295,6,10
04-27-2020,15:07,62298,27,83
04-27-2020,15:07,62301,15,190
04-27-2020,15:07,62305,13,70
04-27-2020,15:07,62448,38,157
04-27-2020,15:07,62454,7,77
04-27-2020,15:07,62471,14,81
04-27-2020,15:07,62521,69,422
04-27-2020,15:07,62522,16,58
04-27-2020,15:07,62526,15,136
04-27-2020,15:07,62565,6,31
04-27-2020,15:07,62568,24,138
04-27-2020,15:07,62618,22,160
04-27-2020,15:07,62650,14,169
04-27-2020,15:07,62684,24,51
04-27-2020,15:07,62702,22,352
04-27-2020,15:07,62703,14,250
04-27-2020,15:07,62704,12,354
04-27-2020,15:07,62707,9,77
04-27-2020,15:07,62711,11,139
04-27-2020,15:07,62801,40,323
04-27-2020,15:07,62832,6,100
04-27-2020,15:07,62864,71,380
04-27-2020,15:07,62901,48,267
04-27-2020,15:07,62918,7,88
04-27-2020,15:07,62959,13,321
04-27-2020,15:07,62966,11,141
04-27-2020,15:07,62992,13,38
04-26-2020,14:45,53142,6,53
04-26-2020,14:45,60002,43,291
04-26-2020,14:45,60004,75,908
04-26-2020,14:45,60005,53,327
04-26-2020,14:45,60007,81,376
04-26-2020,14:45,60008,71,260
04-26-2020,14:45,60010,36,275
04-26-2020,14:45,60012,38,103
04-26-2020,14:45,60013,38,168
04-26-2020,14:45,60014,63,375
04-26-2020,14:45,60015,90,479
04-26-2020,14:45,60016,464,1306
04-26-2020,14:45,60018,177,570
04-26-2020,14:45,60020,15,105
04-26-2020,14:45,60021,6,47
04-26-2020,14:45,60022,17,142
04-26-2020,14:45,60025,171,826
04-26-2020,14:45,60026,77,291
04-26-2020,14:45,60030,52,402
04-26-2020,14:45,60031,116,550
04-26-2020,14:45,60033,35,142
04-26-2020,14:45,60035,137,637
04-26-2020,14:45,60040,34,96
04-26-2020,14:45,60041,14,85
04-26-2020,14:45,60042,7,59
04-26-2020,14:45,60043,14,62
04-26-2020,14:45,60044,42,197
04-26-2020,14:45,60045,80,351
04-26-2020,14:45,60046,65,405
04-26-2020,14:45,60047,58,289
04-26-2020,14:45,60048,52,298
04-26-2020,14:45,60050,76,297
04-26-2020,14:45,60051,29,228
04-26-2020,14:45,60053,123,534
04-26-2020,14:45,60056,198,813
04-26-2020,14:45,60060,111,410
04-26-2020,14:45,60061,60,283
04-26-2020,14:45,60062,119,709
04-26-2020,14:45,60064,234,440
04-26-2020,14:45,60067,48,350
04-26-2020,14:45,60068,138,604
04-26-2020,14:45,60069,23,141
04-26-2020,14:45,60070,62,229
04-26-2020,14:45,60073,195,698
04-26-2020,14:45,60074,105,408
04-26-2020,14:45,60076,226,1027
04-26-2020,14:45,60077,180,800
04-26-2020,14:45,60081,23,90
04-26-2020,14:45,60083,33,125
04-26-2020,14:45,60084,77,141
04-26-2020,14:45,60085,800,1497
04-26-2020,14:45,60087,213,480
04-26-2020,14:45,60088,20,50
04-26-2020,14:45,60089,90,455
04-26-2020,14:45,60090,181,643
04-26-2020,14:45,60091,87,524
04-26-2020,14:45,60093,92,414
04-26-2020,14:45,60096,14,77
04-26-2020,14:45,60097,17,102
04-26-2020,14:45,60098,99,364
04-26-2020,14:45,60099,205,501
04-26-2020,14:45,60101,202,647
04-26-2020,14:45,60102,39,231
04-26-2020,14:45,60103,66,373
04-26-2020,14:45,60104,200,577
04-26-2020,14:45,60106,170,461
04-26-2020,14:45,60107,156,474
04-26-2020,14:45,60108,67,443
04-26-2020,14:45,60110,94,250
04-26-2020,14:45,60112,8,32
04-26-2020,14:45,60115,31,290
04-26-2020,14:45,60118,20,102
04-26-2020,14:45,60119,11,94
04-26-2020,14:45,60120,147,404
04-26-2020,14:45,60123,117,415
04-26-2020,14:45,60124,19,136
04-26-2020,14:45,60126,119,626
04-26-2020,14:45,60130,57,353
04-26-2020,14:45,60131,106,420
04-26-2020,14:45,60133,166,470
04-26-2020,14:45,60134,40,231
04-26-2020,14:45,60135,6,50
04-26-2020,14:45,60136,15,65
04-26-2020,14:45,60137,45,365
04-26-2020,14:45,60139,148,521
04-26-2020,14:45,60140,23,154
04-26-2020,14:45,60141,6,120
04-26-2020,14:45,60142,28,217
04-26-2020,14:45,60143,33,137
04-26-2020,14:45,60148,114,577
04-26-2020,14:45,60152,12,98
04-26-2020,14:45,60153,173,642
04-26-2020,14:45,60154,91,453
04-26-2020,14:45,60155,71,227
04-26-2020,14:45,60156,37,219
04-26-2020,14:45,60160,183,575
04-26-2020,14:45,60162,70,225
04-26-2020,14:45,60163,31,112
04-26-2020,14:45,60164,144,704
04-26-2020,14:45,60165,49,115
04-26-2020,14:45,60169,91,345
04-26-2020,14:45,60171,44,225
04-26-2020,14:45,60172,46,215
04-26-2020,14:45,60173,18,112
04-26-2020,14:45,60174,35,319
04-26-2020,14:45,60175,27,230
04-26-2020,14:45,60176,35,187
04-26-2020,14:45,60177,37,191
04-26-2020,14:45,60178,12,151
04-26-2020,14:45,60181,88,379
04-26-2020,14:45,60185,128,467
04-26-2020,14:45,60187,39,310
04-26-2020,14:45,60188,159,552
04-26-2020,14:45,60189,41,274
04-26-2020,14:45,60190,11,118
04-26-2020,14:45,60191,45,208
04-26-2020,14:45,60192,19,143
04-26-2020,14:45,60193,75,376
04-26-2020,14:45,60194,41,197
04-26-2020,14:45,60195,6,36
04-26-2020,14:45,60201,159,1052
04-26-2020,14:45,60202,146,887
04-26-2020,14:45,60203,17,100
04-26-2020,14:45,60301,12,64
04-26-2020,14:45,60302,101,662
04-26-2020,14:45,60304,41,319
04-26-2020,14:45,60305,24,183
04-26-2020,14:45,60401,26,142
04-26-2020,14:45,60402,419,1529
04-26-2020,14:45,60403,64,436
04-26-2020,14:45,60404,44,312
04-26-2020,14:45,60406,137,545
04-26-2020,14:45,60408,6,67
04-26-2020,14:45,60409,253,989
04-26-2020,14:45,60410,15,160
04-26-2020,14:45,60411,403,1633
04-26-2020,14:45,60415,95,296
04-26-2020,14:45,60417,74,333
04-26-2020,14:45,60418,42,168
04-26-2020,14:45,60419,174,704
04-26-2020,14:45,60422,54,260
04-26-2020,14:45,60423,75,413
04-26-2020,14:45,60425,57,309
04-26-2020,14:45,60426,210,814
04-26-2020,14:45,60428,107,465
04-26-2020,14:45,60429,123,640
04-26-2020,14:45,60430,136,525
04-26-2020,14:45,60431,83,539
04-26-2020,14:45,60432,81,359
04-26-2020,14:45,60433,93,332
04-26-2020,14:45,60434,132,61
04-26-2020,14:45,60435,280,1228
04-26-2020,14:45,60436,64,430
04-26-2020,14:45,60438,151,654
04-26-2020,14:45,60439,46,298
04-26-2020,14:45,60440,243,1176
04-26-2020,14:45,60441,94,479
04-26-2020,14:45,60442,20,134
04-26-2020,14:45,60443,194,784
04-26-2020,14:45,60445,63,302
04-26-2020,14:45,60446,161,788
04-26-2020,14:45,60447,13,201
04-26-2020,14:45,60448,57,268
04-26-2020,14:45,60449,41,231
04-26-2020,14:45,60450,15,163
04-26-2020,14:45,60451,52,358
04-26-2020,14:45,60452,74,395
04-26-2020,14:45,60453,258,942
04-26-2020,14:45,60455,98,389
04-26-2020,14:45,60456,17,69
04-26-2020,14:45,60457,50,180
04-26-2020,14:45,60458,34,239
04-26-2020,14:45,60459,127,457
04-26-2020,14:45,60461,34,172
04-26-2020,14:45,60462,114,545
04-26-2020,14:45,60463,62,247
04-26-2020,14:45,60464,19,124
04-26-2020,14:45,60465,69,268
04-26-2020,14:45,60466,312,1054
04-26-2020,14:45,60467,84,354
04-26-2020,14:45,60468,14,47
04-26-2020,14:45,60469,26,105
04-26-2020,14:45,60471,115,492
04-26-2020,14:45,60472,40,173
04-26-2020,14:45,60473,215,758
04-26-2020,14:45,60475,41,191
04-26-2020,14:45,60476,8,46
04-26-2020,14:45,60477,92,528
04-26-2020,14:45,60478,155,745
04-26-2020,14:45,60480,14,99
04-26-2020,14:45,60481,12,127
04-26-2020,14:45,60482,25,167
04-26-2020,14:45,60484,57,226
04-26-2020,14:45,60487,59,334
04-26-2020,14:45,60490,71,409
04-26-2020,14:45,60491,75,304
04-26-2020,14:45,60501,68,225
04-26-2020,14:45,60502,30,190
04-26-2020,14:45,60503,17,113
04-26-2020,14:45,60504,75,350
04-26-2020,14:45,60505,268,585
04-26-2020,14:45,60506,191,678
04-26-2020,14:45,60510,32,267
04-26-2020,14:45,60513,62,411
04-26-2020,14:45,60514,25,167
04-26-2020,14:45,60515,32,245
04-26-2020,14:45,60516,46,301
04-26-2020,14:45,60517,79,428
04-26-2020,14:45,60521,45,335
04-26-2020,14:45,60523,39,198
04-26-2020,14:45,60525,103,651
04-26-2020,14:45,60526,29,260
04-26-2020,14:45,60527,145,636
04-26-2020,14:45,60532,54,266
04-26-2020,14:45,60534,46,187
04-26-2020,14:45,60538,53,237
04-26-2020,14:45,60540,45,481
04-26-2020,14:45,60542,27,196
04-26-2020,14:45,60543,67,312
04-26-2020,14:45,60544,63,486
04-26-2020,14:45,60545,18,91
04-26-2020,14:45,60546,67,349
04-26-2020,14:45,60548,9,75
04-26-2020,14:45,60551,15,29
04-26-2020,14:45,60554,10,98
04-26-2020,14:45,60555,37,146
04-26-2020,14:45,60558,16,156
04-26-2020,14:45,60559,116,361
04-26-2020,14:45,60560,28,163
04-26-2020,14:45,60561,60,333
04-26-2020,14:45,60563,52,412
04-26-2020,14:45,60564,62,412
04-26-2020,14:45,60565,87,400
04-26-2020,14:45,60585,39,256
04-26-2020,14:45,60586,124,740
04-26-2020,14:45,60601,41,246
04-26-2020,14:45,60604,6,28
04-26-2020,14:45,60605,100,579
04-26-2020,14:45,60606,27,178
04-26-2020,14:45,60607,193,802
04-26-2020,14:45,60608,537,1753
04-26-2020,14:45,60609,479,1358
04-26-2020,14:45,60610,128,725
04-26-2020,14:45,60611,84,717
04-26-2020,14:45,60612,336,1545
04-26-2020,14:45,60613,199,831
04-26-2020,14:45,60614,241,1221
04-26-2020,14:45,60615,218,1182
04-26-2020,14:45,60616,217,998
04-26-2020,14:45,60617,433,1933
04-26-2020,14:45,60618,438,1739
04-26-2020,14:45,60619,520,1936
04-26-2020,14:45,60620,644,2207
04-26-2020,14:45,60621,260,872
04-26-2020,14:45,60622,265,1164
04-26-2020,14:45,60623,823,1934
04-26-2020,14:45,60624,378,1252
04-26-2020,14:45,60625,453,1432
04-26-2020,14:45,60626,403,1329
04-26-2020,14:45,60628,496,1795
04-26-2020,14:45,60629,842,2139
04-26-2020,14:45,60630,267,1293
04-26-2020,14:45,60631,119,968
04-26-2020,14:45,60632,715,1739
04-26-2020,14:45,60633,82,377
04-26-2020,14:45,60634,484,2508
04-26-2020,14:45,60636,307,813
04-26-2020,14:45,60637,297,1622
04-26-2020,14:45,60638,373,1545
04-26-2020,14:45,60639,882,2329
04-26-2020,14:45,60640,382,1411
04-26-2020,14:45,60641,410,1546
04-26-2020,14:45,60642,57,394
04-26-2020,14:45,60643,419,1563
04-26-2020,14:45,60644,522,1558
04-26-2020,14:45,60645,564,1675
04-26-2020,14:45,60646,103,724
04-26-2020,14:45,60647,382,1668
04-26-2020,14:45,60649,409,1527
04-26-2020,14:45,60651,533,1592
04-26-2020,14:45,60652,282,932
04-26-2020,14:45,60653,277,1059
04-26-2020,14:45,60654,89,357
04-26-2020,14:45,60655,153,903
04-26-2020,14:45,60656,119,833
04-26-2020,14:45,60657,183,1164
04-26-2020,14:45,60659,328,941
04-26-2020,14:45,60660,191,704
04-26-2020,14:45,60661,22,151
04-26-2020,14:45,60706,128,662
04-26-2020,14:45,60707,256,1245
04-26-2020,14:45,60712,94,365
04-26-2020,14:45,60714,254,720
04-26-2020,14:45,60803,89,416
04-26-2020,14:45,60804,811,2030
04-26-2020,14:45,60805,110,357
04-26-2020,14:45,60827,163,642
04-26-2020,14:45,60901,180,771
04-26-2020,14:45,60914,53,410
04-26-2020,14:45,60915,18,180
04-26-2020,14:45,60950,16,183
04-26-2020,14:45,60954,10,73
04-26-2020,14:45,60958,8,40
04-26-2020,14:45,60964,9,67
04-26-2020,14:45,61008,64,226
04-26-2020,14:45,61016,12,63
04-26-2020,14:45,61021,13,309
04-26-2020,14:45,61032,12,134
04-26-2020,14:45,61065,10,65
04-26-2020,14:45,61068,69,366
04-26-2020,14:45,61071,16,72
04-26-2020,14:45,61073,8,94
04-26-2020,14:45,61080,6,46
04-26-2020,14:45,61081,32,101
04-26-2020,14:45,61101,21,183
04-26-2020,14:45,61102,37,140
04-26-2020,14:45,61103,31,217
04-26-2020,14:45,61104,29,142
04-26-2020,14:45,61107,22,217
04-26-2020,14:45,61108,58,234
04-26-2020,14:45,61109,37,211
04-26-2020,14:45,61111,12,136
04-26-2020,14:45,61114,21,102
04-26-2020,14:45,61115,14,136
04-26-2020,14:45,61201,68,229
04-26-2020,14:45,61235,6,20
04-26-2020,14:45,61241,12,73
04-26-2020,14:45,61244,89,228
04-26-2020,14:45,61252,6,40
04-26-2020,14:45,61264,11,63
04-26-2020,14:45,61265,94,339
04-26-2020,14:45,61282,22,79
04-26-2020,14:45,61342,9,60
04-26-2020,14:45,61401,30,232
04-26-2020,14:45,61462,48,109
04-26-2020,14:45,61554,8,196
04-26-2020,14:45,61603,7,180
04-26-2020,14:45,61604,15,229
04-26-2020,14:45,61611,14,159
04-26-2020,14:45,61614,19,181
04-26-2020,14:45,61615,12,152
04-26-2020,14:45,61701,33,619
04-26-2020,14:45,61704,17,467
04-26-2020,14:45,61705,8,182
04-26-2020,14:45,61761,18,518
04-26-2020,14:45,61764,8,135
04-26-2020,14:45,61801,14,248
04-26-2020,14:45,61802,18,261
04-26-2020,14:45,61820,7,247
04-26-2020,14:45,61821,12,356
04-26-2020,14:45,61822,26,315
04-26-2020,14:45,61832,6,238
04-26-2020,14:45,61853,8,179
04-26-2020,14:45,61874,6,103
04-26-2020,14:45,61910,6,39
04-26-2020,14:45,61920,10,103
04-26-2020,14:45,61938,9,143
04-26-2020,14:45,62002,42,143
04-26-2020,14:45,62010,8,35
04-26-2020,14:45,62024,7,24
04-26-2020,14:45,62025,92,204
04-26-2020,14:45,62034,24,56
04-26-2020,14:45,62035,9,51
04-26-2020,14:45,62040,46,247
04-26-2020,14:45,62052,9,51
04-26-2020,14:45,62056,8,92
04-26-2020,14:45,62060,9,37
04-26-2020,14:45,62069,7,46
04-26-2020,14:45,62090,6,11
04-26-2020,14:45,62095,9,49
04-26-2020,14:45,62201,10,34
04-26-2020,14:45,62203,13,36
04-26-2020,14:45,62204,12,33
04-26-2020,14:45,62205,14,38
04-26-2020,14:45,62206,39,114
04-26-2020,14:45,62207,22,35
04-26-2020,14:45,62208,25,93
04-26-2020,14:45,62220,41,107
04-26-2020,14:45,62221,34,114
04-26-2020,14:45,62223,26,61
04-26-2020,14:45,62226,56,320
04-26-2020,14:45,62231,38,136
04-26-2020,14:45,62233,44,145
04-26-2020,14:45,62234,25,115
04-26-2020,14:45,62236,32,81
04-26-2020,14:45,62239,6,14
04-26-2020,14:45,62249,10,62
04-26-2020,14:45,62254,11,50
04-26-2020,14:45,62258,12,56
04-26-2020,14:45,62265,8,23
04-26-2020,14:45,62269,36,136
04-26-2020,14:45,62272,12,22
04-26-2020,14:45,62278,13,49
04-26-2020,14:45,62286,12,74
04-26-2020,14:45,62288,14,50
04-26-2020,14:45,62294,10,51
04-26-2020,14:45,62295,6,10
04-26-2020,14:45,62298,26,83
04-26-2020,14:45,62301,15,184
04-26-2020,14:45,62305,13,68
04-26-2020,14:45,62448,38,153
04-26-2020,14:45,62454,7,72
04-26-2020,14:45,62471,14,77
04-26-2020,14:45,62521,69,410
04-26-2020,14:45,62522,16,55
04-26-2020,14:45,62526,14,127
04-26-2020,14:45,62565,6,31
04-26-2020,14:45,62568,24,137
04-26-2020,14:45,62618,22,148
04-26-2020,14:45,62650,14,159
04-26-2020,14:45,62684,22,49
04-26-2020,14:45,62702,22,331
04-26-2020,14:45,62703,10,237
04-26-2020,14:45,62704,11,338
04-26-2020,14:45,62707,8,72
04-26-2020,14:45,62711,11,133
04-26-2020,14:45,62801,40,309
04-26-2020,14:45,62832,6,98
04-26-2020,14:45,62864,71,369
04-26-2020,14:45,62901,48,263
04-26-2020,14:45,62918,7,85
04-26-2020,14:45,62959,13,277
04-26-2020,14:45,62966,11,138
04-26-2020,14:45,62992,11,36
04-25-2020,14:45,53142,6,49
04-25-2020,14:45,60002,41,284
04-25-2020,14:45,60004,70,870
04-25-2020,14:45,60005,53,311
04-25-2020,14:45,60007,75,340
04-25-2020,14:45,60008,66,241
04-25-2020,14:45,60010,35,255
04-25-2020,14:45,60012,38,95
04-25-2020,14:45,60013,37,156
04-25-2020,14:45,60014,62,351
04-25-2020,14:45,60015,87,460
04-25-2020,14:45,60016,440,1230
04-25-2020,14:45,60018,163,529
04-25-2020,14:45,60020,15,103
04-25-2020,14:45,60021,6,42
04-25-2020,14:45,60022,17,136
04-25-2020,14:45,60025,168,798
04-25-2020,14:45,60026,76,279
04-25-2020,14:45,60030,50,386
04-25-2020,14:45,60031,111,528
04-25-2020,14:45,60033,33,138
04-25-2020,14:45,60035,134,612
04-25-2020,14:45,60040,33,93
04-25-2020,14:45,60041,14,82
04-25-2020,14:45,60042,7,57
04-25-2020,14:45,60043,14,59
04-25-2020,14:45,60044,42,186
04-25-2020,14:45,60045,79,337
04-25-2020,14:45,60046,64,389
04-25-2020,14:45,60047,58,269
04-25-2020,14:45,60048,50,289
04-25-2020,14:45,60050,71,289
04-25-2020,14:45,60051,29,224
04-25-2020,14:45,60053,118,515
04-25-2020,14:45,60056,188,764
04-25-2020,14:45,60060,105,389
04-25-2020,14:45,60061,60,276
04-25-2020,14:45,60062,115,676
04-25-2020,14:45,60064,231,430
04-25-2020,14:45,60067,45,328
04-25-2020,14:45,60068,132,568
04-25-2020,14:45,60069,22,137
04-25-2020,14:45,60070,57,213
04-25-2020,14:45,60073,187,670
04-25-2020,14:45,60074,101,388
04-25-2020,14:45,60076,218,982
04-25-2020,14:45,60077,175,775
04-25-2020,14:45,60081,23,89
04-25-2020,14:45,60083,31,123
04-25-2020,14:45,60084,76,135
04-25-2020,14:45,60085,763,1430
04-25-2020,14:45,60087,200,457
04-25-2020,14:45,60088,20,49
04-25-2020,14:45,60089,89,421
04-25-2020,14:45,60090,168,608
04-25-2020,14:45,60091,85,512
04-25-2020,14:45,60093,92,400
04-25-2020,14:45,60096,14,76
04-25-2020,14:45,60097,17,99
04-25-2020,14:45,60098,96,355
04-25-2020,14:45,60099,202,472
04-25-2020,14:45,60101,184,604
04-25-2020,14:45,60102,39,222
04-25-2020,14:45,60103,61,350
04-25-2020,14:45,60104,195,552
04-25-2020,14:45,60106,159,432
04-25-2020,14:45,60107,140,424
04-25-2020,14:45,60108,65,430
04-25-2020,14:45,60110,90,237
04-25-2020,14:45,60112,8,31
04-25-2020,14:45,60115,31,278
04-25-2020,14:45,60118,19,91
04-25-2020,14:45,60119,11,86
04-25-2020,14:45,60120,133,363
04-25-2020,14:45,60123,115,393
04-25-2020,14:45,60124,19,127
04-25-2020,14:45,60126,114,594
04-25-2020,14:45,60130,54,334
04-25-2020,14:45,60131,101,398
04-25-2020,14:45,60133,153,430
04-25-2020,14:45,60134,40,219
04-25-2020,14:45,60135,6,48
04-25-2020,14:45,60136,15,58
04-25-2020,14:45,60137,45,344
04-25-2020,14:45,60139,133,491
04-25-2020,14:45,60140,23,141
04-25-2020,14:45,60141,7,117
04-25-2020,14:45,60142,27,206
04-25-2020,14:45,60143,27,118
04-25-2020,14:45,60148,111,558
04-25-2020,14:45,60152,12,90
04-25-2020,14:45,60153,161,620
04-25-2020,14:45,60154,88,430
04-25-2020,14:45,60155,63,215
04-25-2020,14:45,60156,34,201
04-25-2020,14:45,60160,172,536
04-25-2020,14:45,60162,67,216
04-25-2020,14:45,60163,30,102
04-25-2020,14:45,60164,135,669
04-25-2020,14:45,60165,48,107
04-25-2020,14:45,60169,85,321
04-25-2020,14:45,60171,44,217
04-25-2020,14:45,60172,41,200
04-25-2020,14:45,60173,15,106
04-25-2020,14:45,60174,31,306
04-25-2020,14:45,60175,26,222
04-25-2020,14:45,60176,32,169
04-25-2020,14:45,60177,36,174
04-25-2020,14:45,60178,12,147
04-25-2020,14:45,60181,86,360
04-25-2020,14:45,60185,114,428
04-25-2020,14:45,60187,39,300
04-25-2020,14:45,60188,151,525
04-25-2020,14:45,60189,41,258
04-25-2020,14:45,60190,11,104
04-25-2020,14:45,60191,43,190
04-25-2020,14:45,60192,18,133
04-25-2020,14:45,60193,71,334
04-25-2020,14:45,60194,38,176
04-25-2020,14:45,60195,6,33
04-25-2020,14:45,60201,156,1013
04-25-2020,14:45,60202,142,851
04-25-2020,14:45,60203,15,96
04-25-2020,14:45,60301,12,63
04-25-2020,14:45,60302,100,644
04-25-2020,14:45,60304,38,302
04-25-2020,14:45,60305,22,170
04-25-2020,14:45,60401,27,137
04-25-2020,14:45,60402,406,1465
04-25-2020,14:45,60403,60,415
04-25-2020,14:45,60404,44,297
04-25-2020,14:45,60406,127,503
04-25-2020,14:45,60408,6,65
04-25-2020,14:45,60409,243,931
04-25-2020,14:45,60410,15,151
04-25-2020,14:45,60411,361,1445
04-25-2020,14:45,60415,94,288
04-25-2020,14:45,60417,72,322
04-25-2020,14:45,60418,41,152
04-25-2020,14:45,60419,172,679
04-25-2020,14:45,60422,54,250
04-25-2020,14:45,60423,71,387
04-25-2020,14:45,60425,57,288
04-25-2020,14:45,60426,203,773
04-25-2020,14:45,60428,103,437
04-25-2020,14:45,60429,119,609
04-25-2020,14:45,60430,129,499
04-25-2020,14:45,60431,80,520
04-25-2020,14:45,60432,73,334
04-25-2020,14:45,60433,88,316
04-25-2020,14:45,60434,132,60
04-25-2020,14:45,60435,273,1172
04-25-2020,14:45,60436,60,415
04-25-2020,14:45,60438,147,616
04-25-2020,14:45,60439,48,281
04-25-2020,14:45,60440,231,1118
04-25-2020,14:45,60441,91,455
04-25-2020,14:45,60442,20,125
04-25-2020,14:45,60443,187,723
04-25-2020,14:45,60445,61,279
04-25-2020,14:45,60446,155,744
04-25-2020,14:45,60447,13,189
04-25-2020,14:45,60448,54,248
04-25-2020,14:45,60449,41,218
04-25-2020,14:45,60450,15,155
04-25-2020,14:45,60451,53,339
04-25-2020,14:45,60452,74,369
04-25-2020,14:45,60453,248,899
04-25-2020,14:45,60455,84,289
04-25-2020,14:45,60456,16,68
04-25-2020,14:45,60457,49,173
04-25-2020,14:45,60458,33,228
04-25-2020,14:45,60459,122,434
04-25-2020,14:45,60461,34,161
04-25-2020,14:45,60462,111,518
04-25-2020,14:45,60463,57,235
04-25-2020,14:45,60464,19,116
04-25-2020,14:45,60465,66,259
04-25-2020,14:45,60466,305,1003
04-25-2020,14:45,60467,80,336
04-25-2020,14:45,60468,14,45
04-25-2020,14:45,60469,26,101
04-25-2020,14:45,60471,110,463
04-25-2020,14:45,60472,39,167
04-25-2020,14:45,60473,211,722
04-25-2020,14:45,60475,40,180
04-25-2020,14:45,60476,6,42
04-25-2020,14:45,60477,88,489
04-25-2020,14:45,60478,149,696
04-25-2020,14:45,60480,14,98
04-25-2020,14:45,60481,12,120
04-25-2020,14:45,60482,24,162
04-25-2020,14:45,60484,57,214
04-25-2020,14:45,60487,59,323
04-25-2020,14:45,60490,70,393
04-25-2020,14:45,60491,73,288
04-25-2020,14:45,60501,66,217
04-25-2020,14:45,60502,29,178
04-25-2020,14:45,60503,17,105
04-25-2020,14:45,60504,71,332
04-25-2020,14:45,60505,249,534
04-25-2020,14:45,60506,180,620
04-25-2020,14:45,60510,31,255
04-25-2020,14:45,60513,60,392
04-25-2020,14:45,60514,25,156
04-25-2020,14:45,60515,32,223
04-25-2020,14:45,60516,43,285
04-25-2020,14:45,60517,77,400
04-25-2020,14:45,60521,43,322
04-25-2020,14:45,60523,38,189
04-25-2020,14:45,60525,99,609
04-25-2020,14:45,60526,27,248
04-25-2020,14:45,60527,142,608
04-25-2020,14:45,60532,46,254
04-25-2020,14:45,60534,45,182
04-25-2020,14:45,60538,49,225
04-25-2020,14:45,60540,41,459
04-25-2020,14:45,60542,25,182
04-25-2020,14:45,60543,64,297
04-25-2020,14:45,60544,63,469
04-25-2020,14:45,60545,18,86
04-25-2020,14:45,60546,67,336
04-25-2020,14:45,60548,9,72
04-25-2020,14:45,60551,15,27
04-25-2020,14:45,60554,10,96
04-25-2020,14:45,60555,34,136
04-25-2020,14:45,60558,16,146
04-25-2020,14:45,60559,109,345
04-25-2020,14:45,60560,27,156
04-25-2020,14:45,60561,57,311
04-25-2020,14:45,60563,49,395
04-25-2020,14:45,60564,58,399
04-25-2020,14:45,60565,82,377
04-25-2020,14:45,60585,39,243
04-25-2020,14:45,60586,120,703
04-25-2020,14:45,60601,41,240
04-25-2020,14:45,60604,6,27
04-25-2020,14:45,60605,97,553
04-25-2020,14:45,60606,26,177
04-25-2020,14:45,60607,189,785
04-25-2020,14:45,60608,522,1688
04-25-2020,14:45,60609,457,1303
04-25-2020,14:45,60610,125,689
04-25-2020,14:45,60611,83,680
04-25-2020,14:45,60612,331,1500
04-25-2020,14:45,60613,196,806
04-25-2020,14:45,60614,238,1179
04-25-2020,14:45,60615,213,1145
04-25-2020,14:45,60616,215,975
04-25-2020,14:45,60617,422,1856
04-25-2020,14:45,60618,426,1661
04-25-2020,14:45,60619,506,1845
04-25-2020,14:45,60620,603,2006
04-25-2020,14:45,60621,254,832
04-25-2020,14:45,60622,257,1114
04-25-2020,14:45,60623,769,1814
04-25-2020,14:45,60624,368,1214
04-25-2020,14:45,60625,431,1373
04-25-2020,14:45,60626,386,1243
04-25-2020,14:45,60628,470,1697
04-25-2020,14:45,60629,799,2014
04-25-2020,14:45,60630,256,1235
04-25-2020,14:45,60631,115,940
04-25-2020,14:45,60632,648,1615
04-25-2020,14:45,60633,70,284
04-25-2020,14:45,60634,472,2401
04-25-2020,14:45,60636,296,780
04-25-2020,14:45,60637,286,1341
04-25-2020,14:45,60638,363,1475
04-25-2020,14:45,60639,825,2146
04-25-2020,14:45,60640,375,1369
04-25-2020,14:45,60641,390,1468
04-25-2020,14:45,60642,57,381
04-25-2020,14:45,60643,409,1495
04-25-2020,14:45,60644,508,1479
04-25-2020,14:45,60645,551,1602
04-25-2020,14:45,60646,100,694
04-25-2020,14:45,60647,360,1578
04-25-2020,14:45,60649,381,1438
04-25-2020,14:45,60651,509,1506
04-25-2020,14:45,60652,270,880
04-25-2020,14:45,60653,269,1021
04-25-2020,14:45,60654,88,351
04-25-2020,14:45,60655,149,875
04-25-2020,14:45,60656,116,798
04-25-2020,14:45,60657,182,1130
04-25-2020,14:45,60659,318,895
04-25-2020,14:45,60660,187,675
04-25-2020,14:45,60661,22,150
04-25-2020,14:45,60706,120,633
04-25-2020,14:45,60707,245,1176
04-25-2020,14:45,60712,93,349
04-25-2020,14:45,60714,237,673
04-25-2020,14:45,60803,83,388
04-25-2020,14:45,60804,608,1649
04-25-2020,14:45,60805,102,337
04-25-2020,14:45,60827,158,592
04-25-2020,14:45,60901,178,740
04-25-2020,14:45,60914,52,384
04-25-2020,14:45,60915,18,169
04-25-2020,14:45,60950,16,178
04-25-2020,14:45,60954,9,70
04-25-2020,14:45,60958,7,37
04-25-2020,14:45,60964,9,66
04-25-2020,14:45,61008,59,209
04-25-2020,14:45,61016,12,62
04-25-2020,14:45,61021,13,303
04-25-2020,14:45,61032,12,133
04-25-2020,14:45,61065,10,65
04-25-2020,14:45,61068,68,358
04-25-2020,14:45,61071,16,70
04-25-2020,14:45,61073,8,90
04-25-2020,14:45,61080,6,44
04-25-2020,14:45,61081,30,98
04-25-2020,14:45,61101,21,182
04-25-2020,14:45,61102,33,132
04-25-2020,14:45,61103,30,209
04-25-2020,14:45,61104,27,133
04-25-2020,14:45,61107,21,212
04-25-2020,14:45,61108,54,225
04-25-2020,14:45,61109,36,204
04-25-2020,14:45,61111,12,130
04-25-2020,14:45,61114,20,96
04-25-2020,14:45,61115,12,131
04-25-2020,14:45,61201,65,207
04-25-2020,14:45,61235,6,20
04-25-2020,14:45,61241,12,72
04-25-2020,14:45,61244,89,222
04-25-2020,14:45,61252,6,37
04-25-2020,14:45,61264,11,58
04-25-2020,14:45,61265,90,325
04-25-2020,14:45,61282,22,77
04-25-2020,14:45,61342,9,58
04-25-2020,14:45,61401,27,220
04-25-2020,14:45,61462,43,97
04-25-2020,14:45,61554,8,181
04-25-2020,14:45,61603,7,155
04-25-2020,14:45,61604,12,191
04-25-2020,14:45,61611,14,136
04-25-2020,14:45,61614,16,156
04-25-2020,14:45,61615,12,133
04-25-2020,14:45,61701,33,597
04-25-2020,14:45,61704,17,448
04-25-2020,14:45,61705,8,179
04-25-2020,14:45,61761,18,490
04-25-2020,14:45,61764,8,126
04-25-2020,14:45,61801,12,230
04-25-2020,14:45,61802,18,239
04-25-2020,14:45,61820,7,225
04-25-2020,14:45,61821,12,326
04-25-2020,14:45,61822,26,298
04-25-2020,14:45,61853,8,166
04-25-2020,14:45,61874,6,95
04-25-2020,14:45,61910,6,37
04-25-2020,14:45,61920,10,96
04-25-2020,14:45,61938,9,137
04-25-2020,14:45,62002,41,136
04-25-2020,14:45,62010,8,31
04-25-2020,14:45,62024,7,23
04-25-2020,14:45,62025,76,87
04-25-2020,14:45,62034,23,42
04-25-2020,14:45,62035,8,45
04-25-2020,14:45,62040,43,233
04-25-2020,14:45,62052,9,51
04-25-2020,14:45,62056,8,92
04-25-2020,14:45,62060,8,31
04-25-2020,14:45,62069,7,46
04-25-2020,14:45,62090,6,9
04-25-2020,14:45,62095,9,49
04-25-2020,14:45,62201,10,28
04-25-2020,14:45,62203,13,30
04-25-2020,14:45,62204,11,28
04-25-2020,14:45,62205,13,31
04-25-2020,14:45,62206,35,55
04-25-2020,14:45,62207,22,20
04-25-2020,14:45,62208,25,82
04-25-2020,14:45,62220,35,95
04-25-2020,14:45,62221,31,103
04-25-2020,14:45,62223,23,52
04-25-2020,14:45,62226,55,311
04-25-2020,14:45,62231,36,130
04-25-2020,14:45,62233,39,136
04-25-2020,14:45,62234,23,96
04-25-2020,14:45,62236,32,80
04-25-2020,14:45,62249,9,61
04-25-2020,14:45,62254,10,49
04-25-2020,14:45,62258,12,56
04-25-2020,14:45,62265,8,23
04-25-2020,14:45,62269,34,126
04-25-2020,14:45,62278,13,47
04-25-2020,14:45,62286,10,65
04-25-2020,14:45,62288,9,41
04-25-2020,14:45,62294,10,48
04-25-2020,14:45,62295,6,10
04-25-2020,14:45,62298,25,80
04-25-2020,14:45,62301,15,173
04-25-2020,14:45,62305,13,67
04-25-2020,14:45,62448,39,148
04-25-2020,14:45,62454,6,67
04-25-2020,14:45,62471,14,73
04-25-2020,14:45,62521,69,405
04-25-2020,14:45,62522,16,53
04-25-2020,14:45,62526,12,124
04-25-2020,14:45,62568,24,137
04-25-2020,14:45,62618,18,102
04-25-2020,14:45,62650,13,154
04-25-2020,14:45,62684,20,41
04-25-2020,14:45,62702,20,321
04-25-2020,14:45,62703,8,225
04-25-2020,14:45,62704,9,322
04-25-2020,14:45,62707,7,69
04-25-2020,14:45,62711,11,129
04-25-2020,14:45,62801,40,302
04-25-2020,14:45,62864,69,351
04-25-2020,14:45,62901,44,251
04-25-2020,14:45,62959,12,200
04-25-2020,14:45,62966,8,126
04-25-2020,14:45,62992,11,35
04-24-2020,14:43,53142,7,44
04-24-2020,14:43,60002,39,272
04-24-2020,14:43,60004,68,847
04-24-2020,14:43,60005,51,292
04-24-2020,14:43,60007,73,332
04-24-2020,14:43,60008,62,226
04-24-2020,14:43,60010,34,243
04-24-2020,14:43,60012,24,83
04-24-2020,14:43,60013,36,149
04-24-2020,14:43,60014,60,324
04-24-2020,14:43,60015,82,431
04-24-2020,14:43,60016,416,1170
04-24-2020,14:43,60018,154,493
04-24-2020,14:43,60020,14,91
04-24-2020,14:43,60021,6,35
04-24-2020,14:43,60022,17,130
04-24-2020,14:43,60025,163,773
04-24-2020,14:43,60026,73,264
04-24-2020,14:43,60030,49,358
04-24-2020,14:43,60031,106,501
04-24-2020,14:43,60033,26,125
04-24-2020,14:43,60035,133,577
04-24-2020,14:43,60040,29,88
04-24-2020,14:43,60041,12,78
04-24-2020,14:43,60042,7,52
04-24-2020,14:43,60043,14,56
04-24-2020,14:43,60044,41,172
04-24-2020,14:43,60045,78,319
04-24-2020,14:43,60046,63,370
04-24-2020,14:43,60047,54,252
04-24-2020,14:43,60048,50,272
04-24-2020,14:43,60050,66,253
04-24-2020,14:43,60051,24,200
04-24-2020,14:43,60053,115,499
04-24-2020,14:43,60056,180,725
04-24-2020,14:43,60060,99,368
04-24-2020,14:43,60061,54,260
04-24-2020,14:43,60062,109,644
04-24-2020,14:43,60064,219,395
04-24-2020,14:43,60067,44,315
04-24-2020,14:43,60068,124,523
04-24-2020,14:43,60069,21,130
04-24-2020,14:43,60070,54,201
04-24-2020,14:43,60073,178,613
04-24-2020,14:43,60074,97,352
04-24-2020,14:43,60076,212,945
04-24-2020,14:43,60077,174,749
04-24-2020,14:43,60081,21,85
04-24-2020,14:43,60083,31,118
04-24-2020,14:43,60084,67,126
04-24-2020,14:43,60085,711,1330
04-24-2020,14:43,60087,189,428
04-24-2020,14:43,60088,18,46
04-24-2020,14:43,60089,87,405
04-24-2020,14:43,60090,158,581
04-24-2020,14:43,60091,81,493
04-24-2020,14:43,60093,90,379
04-24-2020,14:43,60096,13,72
04-24-2020,14:43,60097,16,90
04-24-2020,14:43,60098,93,335
04-24-2020,14:43,60099,195,443
04-24-2020,14:43,60101,175,580
04-24-2020,14:43,60102,38,206
04-24-2020,14:43,60103,59,329
04-24-2020,14:43,60104,187,527
04-24-2020,14:43,60106,152,416
04-24-2020,14:43,60107,139,409
04-24-2020,14:43,60108,59,416
04-24-2020,14:43,60110,83,220
04-24-2020,14:43,60112,8,25
04-24-2020,14:43,60115,30,254
04-24-2020,14:43,60118,19,86
04-24-2020,14:43,60119,11,80
04-24-2020,14:43,60120,119,328
04-24-2020,14:43,60123,105,365
04-24-2020,14:43,60124,19,124
04-24-2020,14:43,60126,110,568
04-24-2020,14:43,60130,53,311
04-24-2020,14:43,60131,98,377
04-24-2020,14:43,60133,144,412
04-24-2020,14:43,60134,37,200
04-24-2020,14:43,60136,15,57
04-24-2020,14:43,60137,44,329
04-24-2020,14:43,60139,126,464
04-24-2020,14:43,60140,22,133
04-24-2020,14:43,60141,7,116
04-24-2020,14:43,60142,26,187
04-24-2020,14:43,60143,26,109
04-24-2020,14:43,60148,110,534
04-24-2020,14:43,60152,11,79
04-24-2020,14:43,60153,156,591
04-24-2020,14:43,60154,87,417
04-24-2020,14:43,60155,54,203
04-24-2020,14:43,60156,32,185
04-24-2020,14:43,60160,161,507
04-24-2020,14:43,60162,66,211
04-24-2020,14:43,60163,30,97
04-24-2020,14:43,60164,124,630
04-24-2020,14:43,60165,47,103
04-24-2020,14:43,60169,83,311
04-24-2020,14:43,60171,44,207
04-24-2020,14:43,60172,39,192
04-24-2020,14:43,60173,14,98
04-24-2020,14:43,60174,29,286
04-24-2020,14:43,60175,25,208
04-24-2020,14:43,60176,32,160
04-24-2020,14:43,60177,33,160
04-24-2020,14:43,60178,12,141
04-24-2020,14:43,60181,87,340
04-24-2020,14:43,60185,104,408
04-24-2020,14:43,60187,36,278
04-24-2020,14:43,60188,142,501
04-24-2020,14:43,60189,41,239
04-24-2020,14:43,60190,10,98
04-24-2020,14:43,60191,35,178
04-24-2020,14:43,60192,17,128
04-24-2020,14:43,60193,68,313
04-24-2020,14:43,60194,38,169
04-24-2020,14:43,60195,6,32
04-24-2020,14:43,60201,150,976
04-24-2020,14:43,60202,135,825
04-24-2020,14:43,60203,16,91
04-24-2020,14:43,60301,12,61
04-24-2020,14:43,60302,98,608
04-24-2020,14:43,60304,39,277
04-24-2020,14:43,60305,19,160
04-24-2020,14:43,60401,27,133
04-24-2020,14:43,60402,378,1371
04-24-2020,14:43,60403,56,404
04-24-2020,14:43,60404,44,286
04-24-2020,14:43,60406,125,482
04-24-2020,14:43,60408,6,65
04-24-2020,14:43,60409,242,900
04-24-2020,14:43,60410,14,144
04-24-2020,14:43,60411,345,1368
04-24-2020,14:43,60415,91,277
04-24-2020,14:43,60417,72,314
04-24-2020,14:43,60418,40,148
04-24-2020,14:43,60419,171,646
04-24-2020,14:43,60422,54,240
04-24-2020,14:43,60423,71,379
04-24-2020,14:43,60425,56,281
04-24-2020,14:43,60426,195,737
04-24-2020,14:43,60428,101,420
04-24-2020,14:43,60429,119,593
04-24-2020,14:43,60430,122,481
04-24-2020,14:43,60431,80,504
04-24-2020,14:43,60432,69,325
04-24-2020,14:43,60433,88,309
04-24-2020,14:43,60434,109,58
04-24-2020,14:43,60435,268,1131
04-24-2020,14:43,60436,59,399
04-24-2020,14:43,60438,145,596
04-24-2020,14:43,60439,46,274
04-24-2020,14:43,60440,217,1076
04-24-2020,14:43,60441,89,446
04-24-2020,14:43,60442,19,119
04-24-2020,14:43,60443,185,706
04-24-2020,14:43,60445,59,267
04-24-2020,14:43,60446,148,722
04-24-2020,14:43,60447,11,168
04-24-2020,14:43,60448,53,241
04-24-2020,14:43,60449,40,212
04-24-2020,14:43,60450,15,140
04-24-2020,14:43,60451,51,322
04-24-2020,14:43,60452,74,353
04-24-2020,14:43,60453,237,846
04-24-2020,14:43,60455,81,276
04-24-2020,14:43,60456,16,67
04-24-2020,14:43,60457,44,164
04-24-2020,14:43,60458,31,222
04-24-2020,14:43,60459,116,404
04-24-2020,14:43,60461,34,155
04-24-2020,14:43,60462,106,492
04-24-2020,14:43,60463,53,223
04-24-2020,14:43,60464,18,108
04-24-2020,14:43,60465,64,247
04-24-2020,14:43,60466,303,982
04-24-2020,14:43,60467,79,322
04-24-2020,14:43,60468,14,45
04-24-2020,14:43,60469,23,94
04-24-2020,14:43,60471,108,450
04-24-2020,14:43,60472,38,159
04-24-2020,14:43,60473,207,693
04-24-2020,14:43,60475,40,176
04-24-2020,14:43,60476,6,36
04-24-2020,14:43,60477,85,465
04-24-2020,14:43,60478,144,671
04-24-2020,14:43,60480,15,94
04-24-2020,14:43,60481,10,116
04-24-2020,14:43,60482,24,156
04-24-2020,14:43,60484,56,210
04-24-2020,14:43,60487,55,310
04-24-2020,14:43,60490,66,377
04-24-2020,14:43,60491,73,278
04-24-2020,14:43,60501,64,203
04-24-2020,14:43,60502,28,165
04-24-2020,14:43,60503,16,103
04-24-2020,14:43,60504,66,303
04-24-2020,14:43,60505,212,476
04-24-2020,14:43,60506,170,581
04-24-2020,14:43,60510,31,240
04-24-2020,14:43,60513,58,365
04-24-2020,14:43,60514,24,143
04-24-2020,14:43,60515,29,207
04-24-2020,14:43,60516,41,271
04-24-2020,14:43,60517,76,381
04-24-2020,14:43,60521,42,310
04-24-2020,14:43,60523,38,181
04-24-2020,14:43,60525,97,573
04-24-2020,14:43,60526,27,239
04-24-2020,14:43,60527,142,591
04-24-2020,14:43,60532,46,243
04-24-2020,14:43,60534,44,173
04-24-2020,14:43,60538,46,209
04-24-2020,14:43,60540,41,440
04-24-2020,14:43,60542,25,171
04-24-2020,14:43,60543,60,285
04-24-2020,14:43,60544,62,455
04-24-2020,14:43,60545,16,80
04-24-2020,14:43,60546,64,321
04-24-2020,14:43,60548,9,69
04-24-2020,14:43,60551,15,27
04-24-2020,14:43,60554,10,90
04-24-2020,14:43,60555,33,128
04-24-2020,14:43,60558,16,144
04-24-2020,14:43,60559,108,326
04-24-2020,14:43,60560,26,146
04-24-2020,14:43,60561,53,296
04-24-2020,14:43,60563,49,367
04-24-2020,14:43,60564,57,386
04-24-2020,14:43,60565,81,355
04-24-2020,14:43,60585,39,230
04-24-2020,14:43,60586,116,675
04-24-2020,14:43,60601,38,216
04-24-2020,14:43,60604,6,25
04-24-2020,14:43,60605,95,509
04-24-2020,14:43,60606,25,168
04-24-2020,14:43,60607,186,729
04-24-2020,14:43,60608,505,1602
04-24-2020,14:43,60609,430,1243
04-24-2020,14:43,60610,118,624
04-24-2020,14:43,60611,80,588
04-24-2020,14:43,60612,310,1417
04-24-2020,14:43,60613,192,759
04-24-2020,14:43,60614,218,1042
04-24-2020,14:43,60615,205,1105
04-24-2020,14:43,60616,209,931
04-24-2020,14:43,60617,414,1782
04-24-2020,14:43,60618,404,1575
04-24-2020,14:43,60619,482,1746
04-24-2020,14:43,60620,526,1675
04-24-2020,14:43,60621,250,793
04-24-2020,14:43,60622,250,1044
04-24-2020,14:43,60623,718,1716
04-24-2020,14:43,60624,352,1170
04-24-2020,14:43,60625,400,1300
04-24-2020,14:43,60626,350,1197
04-24-2020,14:43,60628,455,1633
04-24-2020,14:43,60629,745,1876
04-24-2020,14:43,60630,232,1179
04-24-2020,14:43,60631,111,907
04-24-2020,14:43,60632,589,1470
04-24-2020,14:43,60633,65,265
04-24-2020,14:43,60634,447,2288
04-24-2020,14:43,60636,290,742
04-24-2020,14:43,60637,279,1281
04-24-2020,14:43,60638,334,1377
04-24-2020,14:43,60639,762,2002
04-24-2020,14:43,60640,333,1179
04-24-2020,14:43,60641,366,1345
04-24-2020,14:43,60642,55,349
04-24-2020,14:43,60643,392,1393
04-24-2020,14:43,60644,431,1318
04-24-2020,14:43,60645,541,1566
04-24-2020,14:43,60646,91,672
04-24-2020,14:43,60647,336,1477
04-24-2020,14:43,60649,359,1377
04-24-2020,14:43,60651,477,1412
04-24-2020,14:43,60652,262,831
04-24-2020,14:43,60653,259,964
04-24-2020,14:43,60654,86,307
04-24-2020,14:43,60655,148,861
04-24-2020,14:43,60656,114,769
04-24-2020,14:43,60657,178,1046
04-24-2020,14:43,60659,311,859
04-24-2020,14:43,60660,184,649
04-24-2020,14:43,60661,22,129
04-24-2020,14:43,60706,115,605
04-24-2020,14:43,60707,231,1114
04-24-2020,14:43,60712,88,339
04-24-2020,14:43,60714,224,637
04-24-2020,14:43,60803,82,377
04-24-2020,14:43,60804,574,1553
04-24-2020,14:43,60805,97,317
04-24-2020,14:43,60827,156,564
04-24-2020,14:43,60901,177,726
04-24-2020,14:43,60914,51,370
04-24-2020,14:43,60915,18,164
04-24-2020,14:43,60950,16,171
04-24-2020,14:43,60954,9,68
04-24-2020,14:43,60958,7,37
04-24-2020,14:43,60964,9,65
04-24-2020,14:43,61008,50,190
04-24-2020,14:43,61016,13,62
04-24-2020,14:43,61021,12,291
04-24-2020,14:43,61032,10,129
04-24-2020,14:43,61065,9,59
04-24-2020,14:43,61068,58,258
04-24-2020,14:43,61071,15,57
04-24-2020,14:43,61073,8,88
04-24-2020,14:43,61080,6,41
04-24-2020,14:43,61081,22,71
04-24-2020,14:43,61101,19,166
04-24-2020,14:43,61102,32,119
04-24-2020,14:43,61103,29,201
04-24-2020,14:43,61104,24,120
04-24-2020,14:43,61107,18,196
04-24-2020,14:43,61108,46,198
04-24-2020,14:43,61109,34,170
04-24-2020,14:43,61111,10,122
04-24-2020,14:43,61114,20,92
04-24-2020,14:43,61115,11,124
04-24-2020,14:43,61201,56,173
04-24-2020,14:43,61235,6,20
04-24-2020,14:43,61241,12,68
04-24-2020,14:43,61244,87,213
04-24-2020,14:43,61252,7,36
04-24-2020,14:43,61264,11,54
04-24-2020,14:43,61265,82,293
04-24-2020,14:43,61282,20,73
04-24-2020,14:43,61342,8,44
04-24-2020,14:43,61401,21,192
04-24-2020,14:43,61462,35,80
04-24-2020,14:43,61554,8,168
04-24-2020,14:43,61603,7,150
04-24-2020,14:43,61604,11,181
04-24-2020,14:43,61611,13,127
04-24-2020,14:43,61614,15,144
04-24-2020,14:43,61615,12,125
04-24-2020,14:43,61701,33,593
04-24-2020,14:43,61704,17,445
04-24-2020,14:43,61705,7,173
04-24-2020,14:43,61761,18,487
04-24-2020,14:43,61764,8,124
04-24-2020,14:43,61801,13,230
04-24-2020,14:43,61802,17,238
04-24-2020,14:43,61820,7,223
04-24-2020,14:43,61821,11,325
04-24-2020,14:43,61822,26,295
04-24-2020,14:43,61832,6,219
04-24-2020,14:43,61853,8,166
04-24-2020,14:43,61874,6,95
04-24-2020,14:43,61910,6,36
04-24-2020,14:43,61920,10,89
04-24-2020,14:43,61938,9,130
04-24-2020,14:43,62002,40,124
04-24-2020,14:43,62010,8,27
04-24-2020,14:43,62024,7,18
04-24-2020,14:43,62025,72,65
04-24-2020,14:43,62034,21,28
04-24-2020,14:43,62035,8,44
04-24-2020,14:43,62040,39,219
04-24-2020,14:43,62052,9,50
04-24-2020,14:43,62056,8,87
04-24-2020,14:43,62060,7,31
04-24-2020,14:43,62069,7,41
04-24-2020,14:43,62090,6,9
04-24-2020,14:43,62095,9,39
04-24-2020,14:43,62201,8,22
04-24-2020,14:43,62203,13,23
04-24-2020,14:43,62204,10,22
04-24-2020,14:43,62205,12,29
04-24-2020,14:43,62206,33,52
04-24-2020,14:43,62207,21,19
04-24-2020,14:43,62208,23,82
04-24-2020,14:43,62220,34,93
04-24-2020,14:43,62221,31,102
04-24-2020,14:43,62223,24,51
04-24-2020,14:43,62226,53,99
04-24-2020,14:43,62231,27,104
04-24-2020,14:43,62233,38,136
04-24-2020,14:43,62234,22,84
04-24-2020,14:43,62236,31,80
04-24-2020,14:43,62249,9,59
04-24-2020,14:43,62254,9,48
04-24-2020,14:43,62258,12,52
04-24-2020,14:43,62265,8,23
04-24-2020,14:43,62269,32,124
04-24-2020,14:43,62278,13,47
04-24-2020,14:43,62286,10,62
04-24-2020,14:43,62288,9,41
04-24-2020,14:43,62294,10,42
04-24-2020,14:43,62295,6,9
04-24-2020,14:43,62298,25,79
04-24-2020,14:43,62301,15,165
04-24-2020,14:43,62305,13,66
04-24-2020,14:43,62448,38,144
04-24-2020,14:43,62454,6,66
04-24-2020,14:43,62471,14,73
04-24-2020,14:43,62521,69,390
04-24-2020,14:43,62522,16,53
04-24-2020,14:43,62526,12,117
04-24-2020,14:43,62568,24,132
04-24-2020,14:43,62618,14,73
04-24-2020,14:43,62650,14,144
04-24-2020,14:43,62684,9,35
04-24-2020,14:43,62702,18,311
04-24-2020,14:43,62703,8,218
04-24-2020,14:43,62704,8,317
04-24-2020,14:43,62707,7,67
04-24-2020,14:43,62711,11,128
04-24-2020,14:43,62801,41,294
04-24-2020,14:43,62864,69,333
04-24-2020,14:43,62901,45,250
04-24-2020,14:43,62959,12,200
04-24-2020,14:43,62966,8,125
04-24-2020,14:43,62992,11,34
04-23-2020,14:43,53142,8,40
04-23-2020,14:43,60002,39,268
04-23-2020,14:43,60004,64,824
04-23-2020,14:43,60005,49,277
04-23-2020,14:43,60007,70,308
04-23-2020,14:43,60008,54,209
04-23-2020,14:43,60010,33,229
04-23-2020,14:43,60012,23,64
04-23-2020,14:43,60013,35,141
04-23-2020,14:43,60014,53,268
04-23-2020,14:43,60015,83,418
04-23-2020,14:43,60016,398,1114
04-23-2020,14:43,60018,138,453
04-23-2020,14:43,60020,12,81
04-23-2020,14:43,60021,6,32
04-23-2020,14:43,60022,17,119
04-23-2020,14:43,60025,159,740
04-23-2020,14:43,60026,70,250
04-23-2020,14:43,60030,48,331
04-23-2020,14:43,60031,100,484
04-23-2020,14:43,60033,24,106
04-23-2020,14:43,60035,124,560
04-23-2020,14:43,60040,22,76
04-23-2020,14:43,60041,11,70
04-23-2020,14:43,60042,7,49
04-23-2020,14:43,60043,13,54
04-23-2020,14:43,60044,40,167
04-23-2020,14:43,60045,76,311
04-23-2020,14:43,60046,63,349
04-23-2020,14:43,60047,52,236
04-23-2020,14:43,60048,48,260
04-23-2020,14:43,60050,59,207
04-23-2020,14:43,60051,23,159
04-23-2020,14:43,60053,110,475
04-23-2020,14:43,60056,168,685
04-23-2020,14:43,60060,88,336
04-23-2020,14:43,60061,52,251
04-23-2020,14:43,60062,102,606
04-23-2020,14:43,60064,204,367
04-23-2020,14:43,60067,40,300
04-23-2020,14:43,60068,117,491
04-23-2020,14:43,60069,20,126
04-23-2020,14:43,60070,52,183
04-23-2020,14:43,60073,169,571
04-23-2020,14:43,60074,94,328
04-23-2020,14:43,60076,213,895
04-23-2020,14:43,60077,163,701
04-23-2020,14:43,60081,18,72
04-23-2020,14:43,60083,29,114
04-23-2020,14:43,60084,65,121
04-23-2020,14:43,60085,655,1227
04-23-2020,14:43,60087,172,401
04-23-2020,14:43,60088,18,46
04-23-2020,14:43,60089,82,383
04-23-2020,14:43,60090,146,542
04-23-2020,14:43,60091,79,476
04-23-2020,14:43,60093,90,369
04-23-2020,14:43,60096,13,70
04-23-2020,14:43,60097,14,76
04-23-2020,14:43,60098,84,257
04-23-2020,14:43,60099,186,428
04-23-2020,14:43,60101,158,538
04-23-2020,14:43,60102,35,184
04-23-2020,14:43,60103,54,296
04-23-2020,14:43,60104,178,507
04-23-2020,14:43,60106,137,380
04-23-2020,14:43,60107,123,382
04-23-2020,14:43,60108,50,367
04-23-2020,14:43,60110,74,199
04-23-2020,14:43,60115,24,237
04-23-2020,14:43,60118,19,82
04-23-2020,14:43,60119,9,75
04-23-2020,14:43,60120,109,307
04-23-2020,14:43,60123,97,340
04-23-2020,14:43,60124,17,116
04-23-2020,14:43,60126,105,534
04-23-2020,14:43,60130,52,296
04-23-2020,14:43,60131,90,343
04-23-2020,14:43,60133,122,362
04-23-2020,14:43,60134,37,192
04-23-2020,14:43,60136,14,53
04-23-2020,14:43,60137,39,303
04-23-2020,14:43,60139,109,409
04-23-2020,14:43,60140,21,118
04-23-2020,14:43,60141,6,112
04-23-2020,14:43,60142,24,157
04-23-2020,14:43,60143,22,97
04-23-2020,14:43,60148,105,494
04-23-2020,14:43,60152,7,64
04-23-2020,14:43,60153,144,547
04-23-2020,14:43,60154,79,380
04-23-2020,14:43,60155,49,185
04-23-2020,14:43,60156,30,151
04-23-2020,14:43,60160,148,476
04-23-2020,14:43,60162,61,198
04-23-2020,14:43,60163,29,88
04-23-2020,14:43,60164,110,586
04-23-2020,14:43,60165,44,96
04-23-2020,14:43,60169,74,287
04-23-2020,14:43,60171,42,195
04-23-2020,14:43,60172,38,177
04-23-2020,14:43,60173,12,92
04-23-2020,14:43,60174,28,255
04-23-2020,14:43,60175,24,195
04-23-2020,14:43,60176,31,153
04-23-2020,14:43,60177,31,146
04-23-2020,14:43,60178,11,129
04-23-2020,14:43,60181,83,319
04-23-2020,14:43,60185,86,366
04-23-2020,14:43,60187,32,244
04-23-2020,14:43,60188,138,467
04-23-2020,14:43,60189,40,222
04-23-2020,14:43,60190,10,91
04-23-2020,14:43,60191,32,162
04-23-2020,14:43,60192,17,124
04-23-2020,14:43,60193,63,295
04-23-2020,14:43,60194,35,160
04-23-2020,14:43,60201,135,927
04-23-2020,14:43,60202,132,793
04-23-2020,14:43,60203,16,91
04-23-2020,14:43,60301,12,58
04-23-2020,14:43,60302,94,582
04-23-2020,14:43,60304,37,266
04-23-2020,14:43,60305,19,157
04-23-2020,14:43,60401,25,121
04-23-2020,14:43,60402,333,1255
04-23-2020,14:43,60403,55,378
04-23-2020,14:43,60404,43,272
04-23-2020,14:43,60406,115,447
04-23-2020,14:43,60408,6,60
04-23-2020,14:43,60409,226,830
04-23-2020,14:43,60410,12,134
04-23-2020,14:43,60411,326,1263
04-23-2020,14:43,60415,89,271
04-23-2020,14:43,60417,70,296
04-23-2020,14:43,60418,38,138
04-23-2020,14:43,60419,161,597
04-23-2020,14:43,60422,52,223
04-23-2020,14:43,60423,71,359
04-23-2020,14:43,60425,54,257
04-23-2020,14:43,60426,178,661
04-23-2020,14:43,60428,96,386
04-23-2020,14:43,60429,114,533
04-23-2020,14:43,60430,118,456
04-23-2020,14:43,60431,80,473
04-23-2020,14:43,60432,64,301
04-23-2020,14:43,60433,80,286
04-23-2020,14:43,60434,83,55
04-23-2020,14:43,60435,245,1050
04-23-2020,14:43,60436,56,371
04-23-2020,14:43,60438,136,557
04-23-2020,14:43,60439,42,257
04-23-2020,14:43,60440,193,987
04-23-2020,14:43,60441,86,425
04-23-2020,14:43,60442,17,107
04-23-2020,14:43,60443,180,665
04-23-2020,14:43,60445,54,243
04-23-2020,14:43,60446,138,651
04-23-2020,14:43,60447,10,156
04-23-2020,14:43,60448,50,230
04-23-2020,14:43,60449,39,199
04-23-2020,14:43,60450,14,113
04-23-2020,14:43,60451,50,302
04-23-2020,14:43,60452,70,330
04-23-2020,14:43,60453,210,791
04-23-2020,14:43,60455,78,261
04-23-2020,14:43,60456,16,65
04-23-2020,14:43,60457,42,152
04-23-2020,14:43,60458,30,213
04-23-2020,14:43,60459,112,384
04-23-2020,14:43,60461,33,150
04-23-2020,14:43,60462,97,454
04-23-2020,14:43,60463,50,206
04-23-2020,14:43,60464,16,97
04-23-2020,14:43,60465,60,234
04-23-2020,14:43,60466,296,920
04-23-2020,14:43,60467,72,291
04-23-2020,14:43,60468,13,42
04-23-2020,14:43,60469,20,83
04-23-2020,14:43,60471,106,427
04-23-2020,14:43,60472,36,148
04-23-2020,14:43,60473,200,643
04-23-2020,14:43,60475,40,168
04-23-2020,14:43,60476,6,34
04-23-2020,14:43,60477,77,435
04-23-2020,14:43,60478,135,618
04-23-2020,14:43,60480,14,89
04-23-2020,14:43,60481,9,107
04-23-2020,14:43,60482,23,148
04-23-2020,14:43,60484,55,193
04-23-2020,14:43,60487,53,284
04-23-2020,14:43,60490,64,361
04-23-2020,14:43,60491,72,261
04-23-2020,14:43,60501,53,183
04-23-2020,14:43,60502,26,154
04-23-2020,14:43,60503,16,94
04-23-2020,14:43,60504,59,267
04-23-2020,14:43,60505,177,401
04-23-2020,14:43,60506,150,528
04-23-2020,14:43,60510,30,216
04-23-2020,14:43,60513,57,343
04-23-2020,14:43,60514,23,131
04-23-2020,14:43,60515,28,188
04-23-2020,14:43,60516,38,251
04-23-2020,14:43,60517,69,359
04-23-2020,14:43,60521,35,286
04-23-2020,14:43,60523,37,176
04-23-2020,14:43,60525,92,544
04-23-2020,14:43,60526,26,232
04-23-2020,14:43,60527,140,548
04-23-2020,14:43,60532,43,228
04-23-2020,14:43,60534,41,157
04-23-2020,14:43,60538,38,194
04-23-2020,14:43,60540,33,345
04-23-2020,14:43,60542,21,162
04-23-2020,14:43,60543,54,276
04-23-2020,14:43,60544,57,419
04-23-2020,14:43,60545,14,78
04-23-2020,14:43,60546,61,303
04-23-2020,14:43,60548,8,65
04-23-2020,14:43,60551,15,27
04-23-2020,14:43,60554,10,80
04-23-2020,14:43,60555,32,118
04-23-2020,14:43,60558,16,138
04-23-2020,14:43,60559,95,300
04-23-2020,14:43,60560,24,140
04-23-2020,14:43,60561,50,279
04-23-2020,14:43,60563,48,345
04-23-2020,14:43,60564,54,363
04-23-2020,14:43,60565,80,331
04-23-2020,14:43,60585,38,212
04-23-2020,14:43,60586,107,639
04-23-2020,14:43,60601,38,207
04-23-2020,14:43,60605,90,495
04-23-2020,14:43,60606,24,163
04-23-2020,14:43,60607,182,692
04-23-2020,14:43,60608,457,1485
04-23-2020,14:43,60609,383,1127
04-23-2020,14:43,60610,117,606
04-23-2020,14:43,60611,80,578
04-23-2020,14:43,60612,285,1342
04-23-2020,14:43,60613,184,711
04-23-2020,14:43,60614,214,999
04-23-2020,14:43,60615,199,1062
04-23-2020,14:43,60616,209,887
04-23-2020,14:43,60617,398,1696
04-23-2020,14:43,60618,383,1483
04-23-2020,14:43,60619,457,1650
04-23-2020,14:43,60620,513,1574
04-23-2020,14:43,60621,238,735
04-23-2020,14:43,60622,241,991
04-23-2020,14:43,60623,638,1529
04-23-2020,14:43,60624,338,1110
04-23-2020,14:43,60625,374,1216
04-23-2020,14:43,60626,323,1127
04-23-2020,14:43,60628,440,1545
04-23-2020,14:43,60629,668,1697
04-23-2020,14:43,60630,210,1100
04-23-2020,14:43,60631,107,857
04-23-2020,14:43,60632,516,1328
04-23-2020,14:43,60633,57,251
04-23-2020,14:43,60634,425,2170
04-23-2020,14:43,60636,264,709
04-23-2020,14:43,60637,272,1225
04-23-2020,14:43,60638,294,1253
04-23-2020,14:43,60639,688,1814
04-23-2020,14:43,60640,304,1055
04-23-2020,14:43,60641,339,1256
04-23-2020,14:43,60642,45,322
04-23-2020,14:43,60643,367,1235
04-23-2020,14:43,60644,415,1245
04-23-2020,14:43,60645,519,1499
04-23-2020,14:43,60646,83,647
04-23-2020,14:43,60647,299,1362
04-23-2020,14:43,60649,337,1301
04-23-2020,14:43,60651,446,1319
04-23-2020,14:43,60652,249,775
04-23-2020,14:43,60653,250,919
04-23-2020,14:43,60654,85,296
04-23-2020,14:43,60655,140,816
04-23-2020,14:43,60656,103,734
04-23-2020,14:43,60657,176,1006
04-23-2020,14:43,60659,305,832
04-23-2020,14:43,60660,176,616
04-23-2020,14:43,60661,22,125
04-23-2020,14:43,60706,105,578
04-23-2020,14:43,60707,214,1034
04-23-2020,14:43,60712,87,329
04-23-2020,14:43,60714,205,590
04-23-2020,14:43,60803,76,345
04-23-2020,14:43,60804,515,1416
04-23-2020,14:43,60805,89,296
04-23-2020,14:43,60827,153,534
04-23-2020,14:43,60901,175,700
04-23-2020,14:43,60914,49,345
04-23-2020,14:43,60915,17,154
04-23-2020,14:43,60950,16,162
04-23-2020,14:43,60954,9,66
04-23-2020,14:43,60964,9,65
04-23-2020,14:43,61008,42,172
04-23-2020,14:43,61016,13,61
04-23-2020,14:43,61021,12,287
04-23-2020,14:43,61032,10,114
04-23-2020,14:43,61065,9,54
04-23-2020,14:43,61068,55,232
04-23-2020,14:43,61071,15,52
04-23-2020,14:43,61073,6,76
04-23-2020,14:43,61081,22,66
04-23-2020,14:43,61101,16,140
04-23-2020,14:43,61102,28,106
04-23-2020,14:43,61103,25,184
04-23-2020,14:43,61104,24,111
04-23-2020,14:43,61107,17,173
04-23-2020,14:43,61108,42,179
04-23-2020,14:43,61109,31,148
04-23-2020,14:43,61111,8,102
04-23-2020,14:43,61114,17,82
04-23-2020,14:43,61115,11,113
04-23-2020,14:43,61201,54,147
04-23-2020,14:43,61235,6,19
04-23-2020,14:43,61241,11,59
04-23-2020,14:43,61244,78,184
04-23-2020,14:43,61264,10,46
04-23-2020,14:43,61265,75,253
04-23-2020,14:43,61282,19,69
04-23-2020,14:43,61342,7,42
04-23-2020,14:43,61401,17,164
04-23-2020,14:43,61462,30,66
04-23-2020,14:43,61554,7,142
04-23-2020,14:43,61603,7,106
04-23-2020,14:43,61604,10,122
04-23-2020,14:43,61611,11,112
04-23-2020,14:43,61614,14,114
04-23-2020,14:43,61615,14,103
04-23-2020,14:43,61701,34,547
04-23-2020,14:43,61704,16,404
04-23-2020,14:43,61705,7,161
04-23-2020,14:43,61761,18,451
04-23-2020,14:43,61764,8,120
04-23-2020,14:43,61801,12,219
04-23-2020,14:43,61802,17,232
04-23-2020,14:43,61820,8,211
04-23-2020,14:43,61821,10,311
04-23-2020,14:43,61822,25,283
04-23-2020,14:43,61832,6,213
04-23-2020,14:43,61853,8,155
04-23-2020,14:43,61874,6,92
04-23-2020,14:43,61910,6,35
04-23-2020,14:43,61920,8,83
04-23-2020,14:43,61938,7,122
04-23-2020,14:43,62002,40,114
04-23-2020,14:43,62010,8,24
04-23-2020,14:43,62024,7,17
04-23-2020,14:43,62025,56,63
04-23-2020,14:43,62034,14,28
04-23-2020,14:43,62035,8,42
04-23-2020,14:43,62040,36,213
04-23-2020,14:43,62052,8,48
04-23-2020,14:43,62056,6,78
04-23-2020,14:43,62060,7,31
04-23-2020,14:43,62069,6,30
04-23-2020,14:43,62095,8,35
04-23-2020,14:43,62201,8,18
04-23-2020,14:43,62203,11,22
04-23-2020,14:43,62204,9,21
04-23-2020,14:43,62205,12,27
04-23-2020,14:43,62206,31,50
04-23-2020,14:43,62207,18,19
04-23-2020,14:43,62208,22,74
04-23-2020,14:43,62220,30,81
04-23-2020,14:43,62221,31,101
04-23-2020,14:43,62223,22,47
04-23-2020,14:43,62226,52,93
04-23-2020,14:43,62231,6,56
04-23-2020,14:43,62233,36,128
04-23-2020,14:43,62234,22,79
04-23-2020,14:43,62236,31,77
04-23-2020,14:43,62249,9,58
04-23-2020,14:43,62258,12,50
04-23-2020,14:43,62265,8,22
04-23-2020,14:43,62269,28,119
04-23-2020,14:43,62278,13,44
04-23-2020,14:43,62286,8,56
04-23-2020,14:43,62288,7,39
04-23-2020,14:43,62294,10,40
04-23-2020,14:43,62298,24,72
04-23-2020,14:43,62301,13,155
04-23-2020,14:43,62305,12,63
04-23-2020,14:43,62448,38,137
04-23-2020,14:43,62454,6,64
04-23-2020,14:43,62471,13,69
04-23-2020,14:43,62521,73,369
04-23-2020,14:43,62522,11,51
04-23-2020,14:43,62526,9,113
04-23-2020,14:43,62568,23,125
04-23-2020,14:43,62618,7,44
04-23-2020,14:43,62650,13,137
04-23-2020,14:43,62684,8,32
04-23-2020,14:43,62702,18,285
04-23-2020,14:43,62703,8,202
04-23-2020,14:43,62704,7,290
04-23-2020,14:43,62707,7,61
04-23-2020,14:43,62711,11,117
04-23-2020,14:43,62801,39,276
04-23-2020,14:43,62864,66,306
04-23-2020,14:43,62901,41,240
04-23-2020,14:43,62918,6,75
04-23-2020,14:43,62959,11,191
04-23-2020,14:43,62966,6,120
04-23-2020,14:43,62992,10,32
04-22-2020,15:25,53142,7,35
04-22-2020,15:25,60002,38,261
04-22-2020,15:25,60004,64,790
04-22-2020,15:25,60005,46,256
04-22-2020,15:25,60007,66,297
04-22-2020,15:25,60008,52,201
04-22-2020,15:25,60010,33,223
04-22-2020,15:25,60012,21,62
04-22-2020,15:25,60013,33,136
04-22-2020,15:25,60014,50,265
04-22-2020,15:25,60015,82,403
04-22-2020,15:25,60016,380,1065
04-22-2020,15:25,60018,135,435
04-22-2020,15:25,60020,12,80
04-22-2020,15:25,60021,6,32
04-22-2020,15:25,60022,15,117
04-22-2020,15:25,60025,158,718
04-22-2020,15:25,60026,68,243
04-22-2020,15:25,60030,49,325
04-22-2020,15:25,60031,91,463
04-22-2020,15:25,60033,24,106
04-22-2020,15:25,60035,119,543
04-22-2020,15:25,60040,21,75
04-22-2020,15:25,60041,10,68
04-22-2020,15:25,60042,7,47
04-22-2020,15:25,60043,13,54
04-22-2020,15:25,60044,39,163
04-22-2020,15:25,60045,77,304
04-22-2020,15:25,60046,62,337
04-22-2020,15:25,60047,49,231
04-22-2020,15:25,60048,47,251
04-22-2020,15:25,60050,54,203
04-22-2020,15:25,60051,20,154
04-22-2020,15:25,60053,103,460
04-22-2020,15:25,60056,154,649
04-22-2020,15:25,60060,84,322
04-22-2020,15:25,60061,47,241
04-22-2020,15:25,60062,99,590
04-22-2020,15:25,60064,178,323
04-22-2020,15:25,60067,39,291
04-22-2020,15:25,60068,111,474
04-22-2020,15:25,60069,20,125
04-22-2020,15:25,60070,48,167
04-22-2020,15:25,60073,159,547
04-22-2020,15:25,60074,85,309
04-22-2020,15:25,60076,204,853
04-22-2020,15:25,60077,150,678
04-22-2020,15:25,60081,17,66
04-22-2020,15:25,60083,29,110
04-22-2020,15:25,60084,58,118
04-22-2020,15:25,60085,615,1162
04-22-2020,15:25,60087,160,385
04-22-2020,15:25,60088,17,42
04-22-2020,15:25,60089,73,370
04-22-2020,15:25,60090,132,507
04-22-2020,15:25,60091,78,465
04-22-2020,15:25,60093,90,362
04-22-2020,15:25,60096,12,68
04-22-2020,15:25,60097,13,74
04-22-2020,15:25,60098,82,256
04-22-2020,15:25,60099,176,404
04-22-2020,15:25,60101,146,499
04-22-2020,15:25,60102,35,177
04-22-2020,15:25,60103,50,263
04-22-2020,15:25,60104,169,477
04-22-2020,15:25,60106,134,362
04-22-2020,15:25,60107,112,351
04-22-2020,15:25,60108,48,354
04-22-2020,15:25,60110,64,180
04-22-2020,15:25,60115,24,213
04-22-2020,15:25,60118,19,82
04-22-2020,15:25,60119,9,65
04-22-2020,15:25,60120,101,283
04-22-2020,15:25,60123,89,322
04-22-2020,15:25,60124,15,109
04-22-2020,15:25,60126,101,503
04-22-2020,15:25,60130,52,285
04-22-2020,15:25,60131,85,319
04-22-2020,15:25,60133,111,329
04-22-2020,15:25,60134,28,160
04-22-2020,15:25,60136,13,52
04-22-2020,15:25,60137,37,279
04-22-2020,15:25,60139,97,371
04-22-2020,15:25,60140,21,112
04-22-2020,15:25,60141,6,112
04-22-2020,15:25,60142,22,152
04-22-2020,15:25,60143,20,89
04-22-2020,15:25,60148,103,472
04-22-2020,15:25,60152,7,63
04-22-2020,15:25,60153,137,514
04-22-2020,15:25,60154,73,355
04-22-2020,15:25,60155,47,177
04-22-2020,15:25,60156,29,147
04-22-2020,15:25,60160,137,451
04-22-2020,15:25,60162,59,189
04-22-2020,15:25,60163,24,80
04-22-2020,15:25,60164,100,400
04-22-2020,15:25,60165,41,91
04-22-2020,15:25,60169,67,268
04-22-2020,15:25,60171,40,187
04-22-2020,15:25,60172,37,167
04-22-2020,15:25,60173,12,87
04-22-2020,15:25,60174,27,223
04-22-2020,15:25,60175,24,179
04-22-2020,15:25,60176,28,147
04-22-2020,15:25,60177,31,132
04-22-2020,15:25,60178,11,117
04-22-2020,15:25,60181,79,301
04-22-2020,15:25,60185,77,297
04-22-2020,15:25,60187,27,197
04-22-2020,15:25,60188,133,420
04-22-2020,15:25,60189,38,204
04-22-2020,15:25,60190,10,78
04-22-2020,15:25,60191,31,158
04-22-2020,15:25,60192,16,118
04-22-2020,15:25,60193,61,285
04-22-2020,15:25,60194,30,154
04-22-2020,15:25,60201,133,907
04-22-2020,15:25,60202,129,773
04-22-2020,15:25,60203,14,83
04-22-2020,15:25,60301,12,57
04-22-2020,15:25,60302,89,561
04-22-2020,15:25,60304,34,251
04-22-2020,15:25,60305,19,149
04-22-2020,15:25,60401,24,116
04-22-2020,15:25,60402,314,1182
04-22-2020,15:25,60403,51,362
04-22-2020,15:25,60404,41,264
04-22-2020,15:25,60406,111,406
04-22-2020,15:25,60408,6,59
04-22-2020,15:25,60409,214,760
04-22-2020,15:25,60410,12,130
04-22-2020,15:25,60411,308,1161
04-22-2020,15:25,60415,88,255
04-22-2020,15:25,60417,67,267
04-22-2020,15:25,60418,33,126
04-22-2020,15:25,60419,156,540
04-22-2020,15:25,60422,51,205
04-22-2020,15:25,60423,70,346
04-22-2020,15:25,60425,55,236
04-22-2020,15:25,60426,165,602
04-22-2020,15:25,60428,94,349
04-22-2020,15:25,60429,109,468
04-22-2020,15:25,60430,114,426
04-22-2020,15:25,60431,78,462
04-22-2020,15:25,60432,60,286
04-22-2020,15:25,60433,78,272
04-22-2020,15:25,60434,82,52
04-22-2020,15:25,60435,240,1026
04-22-2020,15:25,60436,57,366
04-22-2020,15:25,60438,131,512
04-22-2020,15:25,60439,42,246
04-22-2020,15:25,60440,185,954
04-22-2020,15:25,60441,81,413
04-22-2020,15:25,60442,16,104
04-22-2020,15:25,60443,170,617
04-22-2020,15:25,60445,52,221
04-22-2020,15:25,60446,132,627
04-22-2020,15:25,60447,10,152
04-22-2020,15:25,60448,45,219
04-22-2020,15:25,60449,37,184
04-22-2020,15:25,60450,14,110
04-22-2020,15:25,60451,47,293
04-22-2020,15:25,60452,66,311
04-22-2020,15:25,60453,201,729
04-22-2020,15:25,60455,75,248
04-22-2020,15:25,60456,16,62
04-22-2020,15:25,60457,39,145
04-22-2020,15:25,60458,30,201
04-22-2020,15:25,60459,107,355
04-22-2020,15:25,60461,33,138
04-22-2020,15:25,60462,94,431
04-22-2020,15:25,60463,46,192
04-22-2020,15:25,60464,14,93
04-22-2020,15:25,60465,55,225
04-22-2020,15:25,60466,262,793
04-22-2020,15:25,60467,66,283
04-22-2020,15:25,60468,12,40
04-22-2020,15:25,60469,19,79
04-22-2020,15:25,60471,104,388
04-22-2020,15:25,60472,37,140
04-22-2020,15:25,60473,187,584
04-22-2020,15:25,60475,40,155
04-22-2020,15:25,60476,6,32
04-22-2020,15:25,60477,74,398
04-22-2020,15:25,60478,130,547
04-22-2020,15:25,60480,13,84
04-22-2020,15:25,60481,9,102
04-22-2020,15:25,60482,22,138
04-22-2020,15:25,60484,52,177
04-22-2020,15:25,60487,53,270
04-22-2020,15:25,60490,64,352
04-22-2020,15:25,60491,68,247
04-22-2020,15:25,60501,49,156
04-22-2020,15:25,60502,26,138
04-22-2020,15:25,60503,15,88
04-22-2020,15:25,60504,53,250
04-22-2020,15:25,60505,140,360
04-22-2020,15:25,60506,136,480
04-22-2020,15:25,60510,22,181
04-22-2020,15:25,60513,54,326
04-22-2020,15:25,60514,24,123
04-22-2020,15:25,60515,28,180
04-22-2020,15:25,60516,36,239
04-22-2020,15:25,60517,67,346
04-22-2020,15:25,60521,35,283
04-22-2020,15:25,60523,37,169
04-22-2020,15:25,60525,91,531
04-22-2020,15:25,60526,26,224
04-22-2020,15:25,60527,138,533
04-22-2020,15:25,60532,42,213
04-22-2020,15:25,60534,37,144
04-22-2020,15:25,60538,33,180
04-22-2020,15:25,60540,32,328
04-22-2020,15:25,60542,19,144
04-22-2020,15:25,60543,52,268
04-22-2020,15:25,60544,54,403
04-22-2020,15:25,60545,11,72
04-22-2020,15:25,60546,60,291
04-22-2020,15:25,60548,8,53
04-22-2020,15:25,60551,15,23
04-22-2020,15:25,60554,9,68
04-22-2020,15:25,60555,25,103
04-22-2020,15:25,60558,16,135
04-22-2020,15:25,60559,90,290
04-22-2020,15:25,60560,22,133
04-22-2020,15:25,60561,50,272
04-22-2020,15:25,60563,46,324
04-22-2020,15:25,60564,53,350
04-22-2020,15:25,60565,78,322
04-22-2020,15:25,60585,35,199
04-22-2020,15:25,60586,101,616
04-22-2020,15:25,60601,36,198
04-22-2020,15:25,60605,87,483
04-22-2020,15:25,60606,22,153
04-22-2020,15:25,60607,179,590
04-22-2020,15:25,60608,414,1412
04-22-2020,15:25,60609,361,1071
04-22-2020,15:25,60610,115,586
04-22-2020,15:25,60611,78,569
04-22-2020,15:25,60612,289,1306
04-22-2020,15:25,60613,177,686
04-22-2020,15:25,60614,203,965
04-22-2020,15:25,60615,196,1033
04-22-2020,15:25,60616,205,865
04-22-2020,15:25,60617,382,1611
04-22-2020,15:25,60618,361,1426
04-22-2020,15:25,60619,445,1558
04-22-2020,15:25,60620,503,1496
04-22-2020,15:25,60621,228,705
04-22-2020,15:25,60622,235,954
04-22-2020,15:25,60623,581,1420
04-22-2020,15:25,60624,326,1075
04-22-2020,15:25,60625,362,1161
04-22-2020,15:25,60626,306,1047
04-22-2020,15:25,60628,424,1463
04-22-2020,15:25,60629,617,1583
04-22-2020,15:25,60630,198,1050
04-22-2020,15:25,60631,102,830
04-22-2020,15:25,60632,485,1275
04-22-2020,15:25,60633,56,229
04-22-2020,15:25,60634,397,2067
04-22-2020,15:25,60636,253,668
04-22-2020,15:25,60637,257,1172
04-22-2020,15:25,60638,270,1172
04-22-2020,15:25,60639,641,1679
04-22-2020,15:25,60640,294,1014
04-22-2020,15:25,60641,322,1197
04-22-2020,15:25,60642,42,314
04-22-2020,15:25,60643,356,1161
04-22-2020,15:25,60644,397,1186
04-22-2020,15:25,60645,511,1455
04-22-2020,15:25,60646,81,628
04-22-2020,15:25,60647,276,1289
04-22-2020,15:25,60649,325,1258
04-22-2020,15:25,60651,427,1247
04-22-2020,15:25,60652,246,739
04-22-2020,15:25,60653,232,884
04-22-2020,15:25,60654,83,285
04-22-2020,15:25,60655,138,777
04-22-2020,15:25,60656,97,716
04-22-2020,15:25,60657,169,987
04-22-2020,15:25,60659,289,793
04-22-2020,15:25,60660,174,599
04-22-2020,15:25,60661,21,121
04-22-2020,15:25,60706,102,556
04-22-2020,15:25,60707,207,988
04-22-2020,15:25,60712,85,323
04-22-2020,15:25,60714,191,565
04-22-2020,15:25,60803,72,317
04-22-2020,15:25,60804,474,1303
04-22-2020,15:25,60805,86,283
04-22-2020,15:25,60827,149,504
04-22-2020,15:25,60901,175,679
04-22-2020,15:25,60914,48,331
04-22-2020,15:25,60915,15,141
04-22-2020,15:25,60950,16,160
04-22-2020,15:25,60954,9,64
04-22-2020,15:25,60964,9,64
04-22-2020,15:25,61008,33,149
04-22-2020,15:25,61016,12,59
04-22-2020,15:25,61021,12,287
04-22-2020,15:25,61032,10,114
04-22-2020,15:25,61065,7,53
04-22-2020,15:25,61068,55,228
04-22-2020,15:25,61071,15,52
04-22-2020,15:25,61073,6,75
04-22-2020,15:25,61081,20,66
04-22-2020,15:25,61101,14,136
04-22-2020,15:25,61102,27,104
04-22-2020,15:25,61103,23,182
04-22-2020,15:25,61104,22,110
04-22-2020,15:25,61107,17,170
04-22-2020,15:25,61108,38,176
04-22-2020,15:25,61109,32,148
04-22-2020,15:25,61111,8,101
04-22-2020,15:25,61114,17,82
04-22-2020,15:25,61115,8,112
04-22-2020,15:25,61201,51,144
04-22-2020,15:25,61235,6,19
04-22-2020,15:25,61241,10,58
04-22-2020,15:25,61244,78,183
04-22-2020,15:25,61264,10,46
04-22-2020,15:25,61265,73,250
04-22-2020,15:25,61282,19,69
04-22-2020,15:25,61342,6,38
04-22-2020,15:25,61401,15,152
04-22-2020,15:25,61462,18,45
04-22-2020,15:25,61604,10,95
04-22-2020,15:25,61611,9,100
04-22-2020,15:25,61614,12,84
04-22-2020,15:25,61615,11,64
04-22-2020,15:25,61701,33,540
04-22-2020,15:25,61704,16,402
04-22-2020,15:25,61705,7,159
04-22-2020,15:25,61761,18,447
04-22-2020,15:25,61764,8,114
04-22-2020,15:25,61801,11,204
04-22-2020,15:25,61802,17,213
04-22-2020,15:25,61820,7,203
04-22-2020,15:25,61821,10,293
04-22-2020,15:25,61822,25,268
04-22-2020,15:25,61832,6,206
04-22-2020,15:25,61853,7,142
04-22-2020,15:25,61874,6,86
04-22-2020,15:25,61910,6,33
04-22-2020,15:25,61920,8,77
04-22-2020,15:25,61938,7,116
04-22-2020,15:25,62002,39,110
04-22-2020,15:25,62010,7,23
04-22-2020,15:25,62024,7,15
04-22-2020,15:25,62025,57,61
04-22-2020,15:25,62034,11,28
04-22-2020,15:25,62035,8,41
04-22-2020,15:25,62040,35,196
04-22-2020,15:25,62052,8,44
04-22-2020,15:25,62056,6,75
04-22-2020,15:25,62060,7,31
04-22-2020,15:25,62069,6,29
04-22-2020,15:25,62095,8,33
04-22-2020,15:25,62201,8,18
04-22-2020,15:25,62203,11,22
04-22-2020,15:25,62204,9,21
04-22-2020,15:25,62205,11,27
04-22-2020,15:25,62206,30,48
04-22-2020,15:25,62207,18,18
04-22-2020,15:25,62208,22,71
04-22-2020,15:25,62220,26,77
04-22-2020,15:25,62221,29,99
04-22-2020,15:25,62223,21,45
04-22-2020,15:25,62226,51,90
04-22-2020,15:25,62233,35,118
04-22-2020,15:25,62234,22,78
04-22-2020,15:25,62236,30,74
04-22-2020,15:25,62249,9,57
04-22-2020,15:25,62258,11,47
04-22-2020,15:25,62265,7,22
04-22-2020,15:25,62269,27,116
04-22-2020,15:25,62278,13,42
04-22-2020,15:25,62286,7,49
04-22-2020,15:25,62294,10,40
04-22-2020,15:25,62298,23,71
04-22-2020,15:25,62301,13,149
04-22-2020,15:25,62305,12,61
04-22-2020,15:25,62448,33,94
04-22-2020,15:25,62471,13,64
04-22-2020,15:25,62521,72,348
04-22-2020,15:25,62522,10,49
04-22-2020,15:25,62526,7,112
04-22-2020,15:25,62568,23,122
04-22-2020,15:25,62618,7,43
04-22-2020,15:25,62650,13,129
04-22-2020,15:25,62684,6,30
04-22-2020,15:25,62702,17,283
04-22-2020,15:25,62703,7,195
04-22-2020,15:25,62704,6,286
04-22-2020,15:25,62707,6,58
04-22-2020,15:25,62711,11,117
04-22-2020,15:25,62801,38,265
04-22-2020,15:25,62864,65,289
04-22-2020,15:25,62901,40,235
04-22-2020,15:25,62959,11,187
04-22-2020,15:25,62992,10,31
04-21-2020,14:45,53142,7,34
04-21-2020,14:45,60002,35,257
04-21-2020,14:45,60004,64,768
04-21-2020,14:45,60005,44,239
04-21-2020,14:45,60007,63,278
04-21-2020,14:45,60008,42,175
04-21-2020,14:45,60010,32,215
04-21-2020,14:45,60012,20,57
04-21-2020,14:45,60013,32,128
04-21-2020,14:45,60014,48,248
04-21-2020,14:45,60015,81,393
04-21-2020,14:45,60016,360,1001
04-21-2020,14:45,60018,124,400
04-21-2020,14:45,60020,10,77
04-21-2020,14:45,60021,6,32
04-21-2020,14:45,60022,15,113
04-21-2020,14:45,60025,151,688
04-21-2020,14:45,60026,66,230
04-21-2020,14:45,60030,47,309
04-21-2020,14:45,60031,88,437
04-21-2020,14:45,60033,20,99
04-21-2020,14:45,60035,112,527
04-21-2020,14:45,60040,19,71
04-21-2020,14:45,60041,9,63
04-21-2020,14:45,60042,7,44
04-21-2020,14:45,60043,13,54
04-21-2020,14:45,60044,38,161
04-21-2020,14:45,60045,77,297
04-21-2020,14:45,60046,62,325
04-21-2020,14:45,60047,46,221
04-21-2020,14:45,60048,47,240
04-21-2020,14:45,60050,50,195
04-21-2020,14:45,60051,20,149
04-21-2020,14:45,60053,97,437
04-21-2020,14:45,60056,143,600
04-21-2020,14:45,60060,78,304
04-21-2020,14:45,60061,45,230
04-21-2020,14:45,60062,92,554
04-21-2020,14:45,60064,171,314
04-21-2020,14:45,60067,38,272
04-21-2020,14:45,60068,107,449
04-21-2020,14:45,60069,19,115
04-21-2020,14:45,60070,44,155
04-21-2020,14:45,60073,151,520
04-21-2020,14:45,60074,82,279
04-21-2020,14:45,60076,187,801
04-21-2020,14:45,60077,149,656
04-21-2020,14:45,60081,15,62
04-21-2020,14:45,60083,27,106
04-21-2020,14:45,60084,56,111
04-21-2020,14:45,60085,582,1101
04-21-2020,14:45,60087,153,366
04-21-2020,14:45,60088,16,41
04-21-2020,14:45,60089,73,364
04-21-2020,14:45,60090,123,473
04-21-2020,14:45,60091,77,456
04-21-2020,14:45,60093,90,352
04-21-2020,14:45,60096,11,66
04-21-2020,14:45,60097,9,71
04-21-2020,14:45,60098,73,252
04-21-2020,14:45,60099,175,383
04-21-2020,14:45,60101,139,463
04-21-2020,14:45,60102,35,166
04-21-2020,14:45,60103,47,246
04-21-2020,14:45,60104,166,453
04-21-2020,14:45,60106,127,326
04-21-2020,14:45,60107,102,327
04-21-2020,14:45,60108,46,335
04-21-2020,14:45,60110,51,160
04-21-2020,14:45,60115,23,203
04-21-2020,14:45,60118,18,77
04-21-2020,14:45,60119,8,63
04-21-2020,14:45,60120,96,265
04-21-2020,14:45,60123,84,296
04-21-2020,14:45,60124,16,105
04-21-2020,14:45,60126,97,479
04-21-2020,14:45,60130,52,268
04-21-2020,14:45,60131,78,293
04-21-2020,14:45,60133,101,311
04-21-2020,14:45,60134,20,151
04-21-2020,14:45,60136,13,52
04-21-2020,14:45,60137,36,264
04-21-2020,14:45,60139,90,351
04-21-2020,14:45,60140,19,104
04-21-2020,14:45,60141,6,103
04-21-2020,14:45,60142,22,143
04-21-2020,14:45,60143,16,82
04-21-2020,14:45,60148,98,447
04-21-2020,14:45,60153,134,486
04-21-2020,14:45,60154,73,336
04-21-2020,14:45,60155,43,161
04-21-2020,14:45,60156,27,140
04-21-2020,14:45,60160,124,414
04-21-2020,14:45,60162,56,181
04-21-2020,14:45,60163,24,75
04-21-2020,14:45,60164,91,366
04-21-2020,14:45,60165,36,78
04-21-2020,14:45,60169,60,255
04-21-2020,14:45,60171,36,173
04-21-2020,14:45,60172,32,152
04-21-2020,14:45,60173,11,81
04-21-2020,14:45,60174,26,219
04-21-2020,14:45,60175,25,174
04-21-2020,14:45,60176,25,131
04-21-2020,14:45,60177,27,125
04-21-2020,14:45,60178,11,115
04-21-2020,14:45,60181,74,285
04-21-2020,14:45,60185,74,282
04-21-2020,14:45,60187,25,191
04-21-2020,14:45,60188,129,403
04-21-2020,14:45,60189,37,199
04-21-2020,14:45,60190,9,74
04-21-2020,14:45,60191,29,148
04-21-2020,14:45,60192,16,111
04-21-2020,14:45,60193,57,269
04-21-2020,14:45,60194,29,147
04-21-2020,14:45,60201,127,873
04-21-2020,14:45,60202,124,730
04-21-2020,14:45,60203,14,82
04-21-2020,14:45,60301,11,54
04-21-2020,14:45,60302,87,536
04-21-2020,14:45,60304,34,238
04-21-2020,14:45,60305,18,138
04-21-2020,14:45,60401,23,109
04-21-2020,14:45,60402,297,1105
04-21-2020,14:45,60403,56,353
04-21-2020,14:45,60404,39,257
04-21-2020,14:45,60406,104,376
04-21-2020,14:45,60409,211,715
04-21-2020,14:45,60410,12,121
04-21-2020,14:45,60411,297,1096
04-21-2020,14:45,60415,84,240
04-21-2020,14:45,60417,67,245
04-21-2020,14:45,60418,32,119
04-21-2020,14:45,60419,150,504
04-21-2020,14:45,60422,51,196
04-21-2020,14:45,60423,65,325
04-21-2020,14:45,60425,52,213
04-21-2020,14:45,60426,163,577
04-21-2020,14:45,60428,89,329
04-21-2020,14:45,60429,107,449
04-21-2020,14:45,60430,107,405
04-21-2020,14:45,60431,76,443
04-21-2020,14:45,60432,53,267
04-21-2020,14:45,60433,70,258
04-21-2020,14:45,60434,73,51
04-21-2020,14:45,60435,230,976
04-21-2020,14:45,60436,49,343
04-21-2020,14:45,60438,126,466
04-21-2020,14:45,60439,41,232
04-21-2020,14:45,60440,179,904
04-21-2020,14:45,60441,77,401
04-21-2020,14:45,60442,16,101
04-21-2020,14:45,60443,166,593
04-21-2020,14:45,60445,52,208
04-21-2020,14:45,60446,122,590
04-21-2020,14:45,60447,10,149
04-21-2020,14:45,60448,45,207
04-21-2020,14:45,60449,34,180
04-21-2020,14:45,60450,14,104
04-21-2020,14:45,60451,46,285
04-21-2020,14:45,60452,63,300
04-21-2020,14:45,60453,195,676
04-21-2020,14:45,60455,73,234
04-21-2020,14:45,60456,15,55
04-21-2020,14:45,60457,37,132
04-21-2020,14:45,60458,30,177
04-21-2020,14:45,60459,103,335
04-21-2020,14:45,60461,32,133
04-21-2020,14:45,60462,93,413
04-21-2020,14:45,60463,45,179
04-21-2020,14:45,60464,14,86
04-21-2020,14:45,60465,54,203
04-21-2020,14:45,60466,241,649
04-21-2020,14:45,60467,63,267
04-21-2020,14:45,60468,11,35
04-21-2020,14:45,60469,19,75
04-21-2020,14:45,60471,99,372
04-21-2020,14:45,60472,37,134
04-21-2020,14:45,60473,179,554
04-21-2020,14:45,60475,39,141
04-21-2020,14:45,60476,6,29
04-21-2020,14:45,60477,71,379
04-21-2020,14:45,60478,125,525
04-21-2020,14:45,60480,11,79
04-21-2020,14:45,60481,9,95
04-21-2020,14:45,60482,22,134
04-21-2020,14:45,60484,51,166
04-21-2020,14:45,60487,49,258
04-21-2020,14:45,60490,62,344
04-21-2020,14:45,60491,67,238
04-21-2020,14:45,60501,42,137
04-21-2020,14:45,60502,27,136
04-21-2020,14:45,60503,13,84
04-21-2020,14:45,60504,51,241
04-21-2020,14:45,60505,117,340
04-21-2020,14:45,60506,122,446
04-21-2020,14:45,60510,20,172
04-21-2020,14:45,60513,52,302
04-21-2020,14:45,60514,24,116
04-21-2020,14:45,60515,27,175
04-21-2020,14:45,60516,35,226
04-21-2020,14:45,60517,68,327
04-21-2020,14:45,60521,32,258
04-21-2020,14:45,60523,36,161
04-21-2020,14:45,60525,86,502
04-21-2020,14:45,60526,25,208
04-21-2020,14:45,60527,135,508
04-21-2020,14:45,60532,41,209
04-21-2020,14:45,60534,34,137
04-21-2020,14:45,60538,30,173
04-21-2020,14:45,60540,31,311
04-21-2020,14:45,60542,18,137
04-21-2020,14:45,60543,48,251
04-21-2020,14:45,60544,53,385
04-21-2020,14:45,60545,10,69
04-21-2020,14:45,60546,59,277
04-21-2020,14:45,60548,8,50
04-21-2020,14:45,60551,9,23
04-21-2020,14:45,60554,9,65
04-21-2020,14:45,60555,22,97
04-21-2020,14:45,60558,15,129
04-21-2020,14:45,60559,86,275
04-21-2020,14:45,60560,21,129
04-21-2020,14:45,60561,50,263
04-21-2020,14:45,60563,44,310
04-21-2020,14:45,60564,49,337
04-21-2020,14:45,60565,75,299
04-21-2020,14:45,60585,35,189
04-21-2020,14:45,60586,97,590
04-21-2020,14:45,60601,36,194
04-21-2020,14:45,60605,80,468
04-21-2020,14:45,60606,20,146
04-21-2020,14:45,60607,147,559
04-21-2020,14:45,60608,399,1342
04-21-2020,14:45,60609,337,987
04-21-2020,14:45,60610,111,572
04-21-2020,14:45,60611,76,556
04-21-2020,14:45,60612,289,1259
04-21-2020,14:45,60613,172,657
04-21-2020,14:45,60614,200,937
04-21-2020,14:45,60615,193,998
04-21-2020,14:45,60616,200,838
04-21-2020,14:45,60617,369,1535
04-21-2020,14:45,60618,331,1332
04-21-2020,14:45,60619,425,1462
04-21-2020,14:45,60620,487,1428
04-21-2020,14:45,60621,209,659
04-21-2020,14:45,60622,224,905
04-21-2020,14:45,60623,521,1296
04-21-2020,14:45,60624,301,967
04-21-2020,14:45,60625,335,1081
04-21-2020,14:45,60626,281,986
04-21-2020,14:45,60628,409,1406
04-21-2020,14:45,60629,551,1438
04-21-2020,14:45,60630,187,980
04-21-2020,14:45,60631,100,786
04-21-2020,14:45,60632,453,1196
04-21-2020,14:45,60633,53,205
04-21-2020,14:45,60634,373,1897
04-21-2020,14:45,60636,239,630
04-21-2020,14:45,60637,245,1120
04-21-2020,14:45,60638,243,1074
04-21-2020,14:45,60639,568,1501
04-21-2020,14:45,60640,281,965
04-21-2020,14:45,60641,293,1095
04-21-2020,14:45,60642,40,303
04-21-2020,14:45,60643,340,1108
04-21-2020,14:45,60644,366,1094
04-21-2020,14:45,60645,491,1390
04-21-2020,14:45,60646,81,599
04-21-2020,14:45,60647,251,1182
04-21-2020,14:45,60649,311,1199
04-21-2020,14:45,60651,396,1154
04-21-2020,14:45,60652,234,691
04-21-2020,14:45,60653,213,849
04-21-2020,14:45,60654,83,278
04-21-2020,14:45,60655,135,684
04-21-2020,14:45,60656,92,670
04-21-2020,14:45,60657,168,955
04-21-2020,14:45,60659,272,747
04-21-2020,14:45,60660,167,568
04-21-2020,14:45,60661,20,118
04-21-2020,14:45,60706,98,515
04-21-2020,14:45,60707,190,923
04-21-2020,14:45,60712,79,297
04-21-2020,14:45,60714,161,505
04-21-2020,14:45,60803,69,293
04-21-2020,14:45,60804,433,1188
04-21-2020,14:45,60805,83,265
04-21-2020,14:45,60827,137,464
04-21-2020,14:45,60901,170,634
04-21-2020,14:45,60914,49,302
04-21-2020,14:45,60915,13,122
04-21-2020,14:45,60950,16,150
04-21-2020,14:45,60954,9,58
04-21-2020,14:45,60964,9,61
04-21-2020,14:45,61008,27,133
04-21-2020,14:45,61016,11,57
04-21-2020,14:45,61021,11,282
04-21-2020,14:45,61032,10,109
04-21-2020,14:45,61065,7,50
04-21-2020,14:45,61068,44,204
04-21-2020,14:45,61071,14,49
04-21-2020,14:45,61073,6,73
04-21-2020,14:45,61081,19,62
04-21-2020,14:45,61101,13,129
04-21-2020,14:45,61102,26,96
04-21-2020,14:45,61103,20,170
04-21-2020,14:45,61104,19,102
04-21-2020,14:45,61107,11,153
04-21-2020,14:45,61108,32,164
04-21-2020,14:45,61109,28,139
04-21-2020,14:45,61111,8,92
04-21-2020,14:45,61114,14,72
04-21-2020,14:45,61115,7,109
04-21-2020,14:45,61201,45,135
04-21-2020,14:45,61235,6,18
04-21-2020,14:45,61241,10,57
04-21-2020,14:45,61244,73,177
04-21-2020,14:45,61264,9,41
04-21-2020,14:45,61265,62,231
04-21-2020,14:45,61282,17,64
04-21-2020,14:45,61401,9,142
04-21-2020,14:45,61462,14,39
04-21-2020,14:45,61604,9,90
04-21-2020,14:45,61611,9,95
04-21-2020,14:45,61614,12,82
04-21-2020,14:45,61615,11,63
04-21-2020,14:45,61701,33,531
04-21-2020,14:45,61704,16,392
04-21-2020,14:45,61705,7,150
04-21-2020,14:45,61761,18,437
04-21-2020,14:45,61764,8,110
04-21-2020,14:45,61801,11,198
04-21-2020,14:45,61802,16,199
04-21-2020,14:45,61820,8,191
04-21-2020,14:45,61821,10,278
04-21-2020,14:45,61822,25,254
04-21-2020,14:45,61832,6,197
04-21-2020,14:45,61853,7,136
04-21-2020,14:45,61874,6,81
04-21-2020,14:45,61910,6,31
04-21-2020,14:45,61920,7,70
04-21-2020,14:45,61938,7,111
04-21-2020,14:45,62002,33,103
04-21-2020,14:45,62010,6,22
04-21-2020,14:45,62024,7,15
04-21-2020,14:45,62025,32,58
04-21-2020,14:45,62034,10,28
04-21-2020,14:45,62035,8,40
04-21-2020,14:45,62040,33,188
04-21-2020,14:45,62052,8,42
04-21-2020,14:45,62060,7,29
04-21-2020,14:45,62069,6,21
04-21-2020,14:45,62095,8,33
04-21-2020,14:45,62201,8,17
04-21-2020,14:45,62203,11,22
04-21-2020,14:45,62204,9,21
04-21-2020,14:45,62205,10,26
04-21-2020,14:45,62206,24,46
04-21-2020,14:45,62207,17,17
04-21-2020,14:45,62208,21,67
04-21-2020,14:45,62220,22,70
04-21-2020,14:45,62221,28,99
04-21-2020,14:45,62223,20,44
04-21-2020,14:45,62226,45,88
04-21-2020,14:45,62233,34,117
04-21-2020,14:45,62234,20,71
04-21-2020,14:45,62236,28,72
04-21-2020,14:45,62249,9,50
04-21-2020,14:45,62258,11,46
04-21-2020,14:45,62265,7,22
04-21-2020,14:45,62269,25,114
04-21-2020,14:45,62278,13,41
04-21-2020,14:45,62286,6,49
04-21-2020,14:45,62294,10,40
04-21-2020,14:45,62298,23,70
04-21-2020,14:45,62301,13,141
04-21-2020,14:45,62305,12,56
04-21-2020,14:45,62448,32,90
04-21-2020,14:45,62471,13,63
04-21-2020,14:45,62521,40,139
04-21-2020,14:45,62522,7,44
04-21-2020,14:45,62526,9,98
04-21-2020,14:45,62568,23,119
04-21-2020,14:45,62618,6,36
04-21-2020,14:45,62650,12,121
04-21-2020,14:45,62684,6,29
04-21-2020,14:45,62702,18,270
04-21-2020,14:45,62703,7,185
04-21-2020,14:45,62704,6,268
04-21-2020,14:45,62707,6,54
04-21-2020,14:45,62711,10,110
04-21-2020,14:45,62801,37,258
04-21-2020,14:45,62864,26,208
04-21-2020,14:45,62901,39,229
04-21-2020,14:45,62959,11,185
04-21-2020,14:45,62992,9,28
04-20-2020,14:45,53142,7,34
04-20-2020,14:45,60002,34,253
04-20-2020,14:45,60004,63,744
04-20-2020,14:45,60005,41,228
04-20-2020,14:45,60007,61,271
04-20-2020,14:45,60008,37,161
04-20-2020,14:45,60010,30,208
04-20-2020,14:45,60012,19,56
04-20-2020,14:45,60013,32,127
04-20-2020,14:45,60014,39,240
04-20-2020,14:45,60015,79,387
04-20-2020,14:45,60016,345,955
04-20-2020,14:45,60018,117,388
04-20-2020,14:45,60020,10,77
04-20-2020,14:45,60021,7,32
04-20-2020,14:45,60022,15,112
04-20-2020,14:45,60025,150,671
04-20-2020,14:45,60026,59,223
04-20-2020,14:45,60030,46,303
04-20-2020,14:45,60031,85,430
04-20-2020,14:45,60033,19,95
04-20-2020,14:45,60035,111,512
04-20-2020,14:45,60040,18,67
04-20-2020,14:45,60041,9,61
04-20-2020,14:45,60042,7,44
04-20-2020,14:45,60043,13,53
04-20-2020,14:45,60044,38,159
04-20-2020,14:45,60045,77,291
04-20-2020,14:45,60046,57,315
04-20-2020,14:45,60047,47,215
04-20-2020,14:45,60048,47,237
04-20-2020,14:45,60050,47,193
04-20-2020,14:45,60051,20,148
04-20-2020,14:45,60053,89,425
04-20-2020,14:45,60056,135,573
04-20-2020,14:45,60060,75,296
04-20-2020,14:45,60061,45,229
04-20-2020,14:45,60062,92,541
04-20-2020,14:45,60064,161,304
04-20-2020,14:45,60067,35,258
04-20-2020,14:45,60068,104,437
04-20-2020,14:45,60069,19,115
04-20-2020,14:45,60070,38,147
04-20-2020,14:45,60073,143,507
04-20-2020,14:45,60074,74,260
04-20-2020,14:45,60076,181,766
04-20-2020,14:45,60077,140,634
04-20-2020,14:45,60081,15,62
04-20-2020,14:45,60083,27,105
04-20-2020,14:45,60084,54,108
04-20-2020,14:45,60085,557,1059
04-20-2020,14:45,60087,149,356
04-20-2020,14:45,60088,17,40
04-20-2020,14:45,60089,69,347
04-20-2020,14:45,60090,111,448
04-20-2020,14:45,60091,76,449
04-20-2020,14:45,60093,89,347
04-20-2020,14:45,60096,10,63
04-20-2020,14:45,60097,9,68
04-20-2020,14:45,60098,71,249
04-20-2020,14:45,60099,166,375
04-20-2020,14:45,60101,125,433
04-20-2020,14:45,60102,30,160
04-20-2020,14:45,60103,44,235
04-20-2020,14:45,60104,163,433
04-20-2020,14:45,60106,119,301
04-20-2020,14:45,60107,93,306
04-20-2020,14:45,60108,41,262
04-20-2020,14:45,60110,44,148
04-20-2020,14:45,60115,22,198
04-20-2020,14:45,60118,18,70
04-20-2020,14:45,60119,8,63
04-20-2020,14:45,60120,90,249
04-20-2020,14:45,60123,77,282
04-20-2020,14:45,60124,16,100
04-20-2020,14:45,60126,89,460
04-20-2020,14:45,60130,51,254
04-20-2020,14:45,60131,71,267
04-20-2020,14:45,60133,94,290
04-20-2020,14:45,60134,18,145
04-20-2020,14:45,60136,12,51
04-20-2020,14:45,60137,35,249
04-20-2020,14:45,60139,83,334
04-20-2020,14:45,60140,18,103
04-20-2020,14:45,60141,6,101
04-20-2020,14:45,60142,22,139
04-20-2020,14:45,60143,15,79
04-20-2020,14:45,60148,94,428
04-20-2020,14:45,60153,132,473
04-20-2020,14:45,60154,73,320
04-20-2020,14:45,60155,41,151
04-20-2020,14:45,60156,27,137
04-20-2020,14:45,60160,118,388
04-20-2020,14:45,60162,54,172
04-20-2020,14:45,60163,23,74
04-20-2020,14:45,60164,82,335
04-20-2020,14:45,60165,34,70
04-20-2020,14:45,60169,49,246
04-20-2020,14:45,60171,33,163
04-20-2020,14:45,60172,32,151
04-20-2020,14:45,60173,10,73
04-20-2020,14:45,60174,25,215
04-20-2020,14:45,60175,23,169
04-20-2020,14:45,60176,25,124
04-20-2020,14:45,60177,23,121
04-20-2020,14:45,60178,11,111
04-20-2020,14:45,60181,75,275
04-20-2020,14:45,60185,71,273
04-20-2020,14:45,60187,22,186
04-20-2020,14:45,60188,120,386
04-20-2020,14:45,60189,34,195
04-20-2020,14:45,60190,9,72
04-20-2020,14:45,60191,21,132
04-20-2020,14:45,60192,16,108
04-20-2020,14:45,60193,56,260
04-20-2020,14:45,60194,25,141
04-20-2020,14:45,60201,118,859
04-20-2020,14:45,60202,120,711
04-20-2020,14:45,60203,14,82
04-20-2020,14:45,60301,11,52
04-20-2020,14:45,60302,85,516
04-20-2020,14:45,60304,33,232
04-20-2020,14:45,60305,17,132
04-20-2020,14:45,60401,23,108
04-20-2020,14:45,60402,273,1041
04-20-2020,14:45,60403,62,344
04-20-2020,14:45,60404,37,250
04-20-2020,14:45,60406,96,343
04-20-2020,14:45,60409,199,663
04-20-2020,14:45,60410,11,117
04-20-2020,14:45,60411,283,1031
04-20-2020,14:45,60415,77,228
04-20-2020,14:45,60417,65,235
04-20-2020,14:45,60418,31,115
04-20-2020,14:45,60419,145,466
04-20-2020,14:45,60422,48,180
04-20-2020,14:45,60423,64,311
04-20-2020,14:45,60425,48,195
04-20-2020,14:45,60426,153,525
04-20-2020,14:45,60428,86,290
04-20-2020,14:45,60429,104,407
04-20-2020,14:45,60430,102,369
04-20-2020,14:45,60431,74,430
04-20-2020,14:45,60432,50,258
04-20-2020,14:45,60433,69,254
04-20-2020,14:45,60434,21,49
04-20-2020,14:45,60435,224,947
04-20-2020,14:45,60436,49,333
04-20-2020,14:45,60438,121,438
04-20-2020,14:45,60439,39,227
04-20-2020,14:45,60440,172,876
04-20-2020,14:45,60441,79,393
04-20-2020,14:45,60442,16,100
04-20-2020,14:45,60443,163,550
04-20-2020,14:45,60445,52,187
04-20-2020,14:45,60446,115,569
04-20-2020,14:45,60447,10,148
04-20-2020,14:45,60448,45,200
04-20-2020,14:45,60449,34,170
04-20-2020,14:45,60450,14,103
04-20-2020,14:45,60451,44,283
04-20-2020,14:45,60452,59,273
04-20-2020,14:45,60453,185,636
04-20-2020,14:45,60455,72,220
04-20-2020,14:45,60456,15,47
04-20-2020,14:45,60457,36,127
04-20-2020,14:45,60458,29,164
04-20-2020,14:45,60459,93,318
04-20-2020,14:45,60461,32,118
04-20-2020,14:45,60462,89,391
04-20-2020,14:45,60463,43,173
04-20-2020,14:45,60464,14,84
04-20-2020,14:45,60465,51,194
04-20-2020,14:45,60466,238,620
04-20-2020,14:45,60467,60,260
04-20-2020,14:45,60468,10,35
04-20-2020,14:45,60469,19,64
04-20-2020,14:45,60471,92,345
04-20-2020,14:45,60472,36,117
04-20-2020,14:45,60473,172,513
04-20-2020,14:45,60475,38,131
04-20-2020,14:45,60477,68,358
04-20-2020,14:45,60478,119,474
04-20-2020,14:45,60480,11,75
04-20-2020,14:45,60481,9,91
04-20-2020,14:45,60482,22,128
04-20-2020,14:45,60484,50,157
04-20-2020,14:45,60487,48,239
04-20-2020,14:45,60490,62,338
04-20-2020,14:45,60491,65,230
04-20-2020,14:45,60501,39,127
04-20-2020,14:45,60502,25,129
04-20-2020,14:45,60503,13,81
04-20-2020,14:45,60504,48,232
04-20-2020,14:45,60505,100,322
04-20-2020,14:45,60506,116,419
04-20-2020,14:45,60510,17,162
04-20-2020,14:45,60513,52,288
04-20-2020,14:45,60514,25,112
04-20-2020,14:45,60515,26,171
04-20-2020,14:45,60516,32,220
04-20-2020,14:45,60517,64,316
04-20-2020,14:45,60521,30,254
04-20-2020,14:45,60523,34,155
04-20-2020,14:45,60525,84,486
04-20-2020,14:45,60526,26,197
04-20-2020,14:45,60527,132,491
04-20-2020,14:45,60532,34,200
04-20-2020,14:45,60534,31,125
04-20-2020,14:45,60538,27,167
04-20-2020,14:45,60540,32,294
04-20-2020,14:45,60542,16,135
04-20-2020,14:45,60543,45,239
04-20-2020,14:45,60544,53,378
04-20-2020,14:45,60545,9,68
04-20-2020,14:45,60546,59,268
04-20-2020,14:45,60548,7,49
04-20-2020,14:45,60551,9,22
04-20-2020,14:45,60554,9,64
04-20-2020,14:45,60555,21,94
04-20-2020,14:45,60558,14,123
04-20-2020,14:45,60559,81,263
04-20-2020,14:45,60560,21,126
04-20-2020,14:45,60561,48,259
04-20-2020,14:45,60563,41,298
04-20-2020,14:45,60564,50,326
04-20-2020,14:45,60565,70,292
04-20-2020,14:45,60585,34,185
04-20-2020,14:45,60586,97,574
04-20-2020,14:45,60601,35,190
04-20-2020,14:45,60605,74,453
04-20-2020,14:45,60606,24,142
04-20-2020,14:45,60607,145,547
04-20-2020,14:45,60608,389,1299
04-20-2020,14:45,60609,308,922
04-20-2020,14:45,60610,110,565
04-20-2020,14:45,60611,75,551
04-20-2020,14:45,60612,295,1222
04-20-2020,14:45,60613,166,638
04-20-2020,14:45,60614,198,921
04-20-2020,14:45,60615,189,960
04-20-2020,14:45,60616,194,795
04-20-2020,14:45,60617,361,1469
04-20-2020,14:45,60618,305,1167
04-20-2020,14:45,60619,410,1394
04-20-2020,14:45,60620,475,1361
04-20-2020,14:45,60621,202,640
04-20-2020,14:45,60622,209,872
04-20-2020,14:45,60623,495,1239
04-20-2020,14:45,60624,292,926
04-20-2020,14:45,60625,316,1033
04-20-2020,14:45,60626,264,943
04-20-2020,14:45,60628,395,1344
04-20-2020,14:45,60629,515,1359
04-20-2020,14:45,60630,174,929
04-20-2020,14:45,60631,97,751
04-20-2020,14:45,60632,413,1128
04-20-2020,14:45,60633,48,191
04-20-2020,14:45,60634,354,1795
04-20-2020,14:45,60636,230,603
04-20-2020,14:45,60637,239,1089
04-20-2020,14:45,60638,227,1020
04-20-2020,14:45,60639,511,1392
04-20-2020,14:45,60640,270,930
04-20-2020,14:45,60641,262,1018
04-20-2020,14:45,60642,40,297
04-20-2020,14:45,60643,327,1055
04-20-2020,14:45,60644,357,1037
04-20-2020,14:45,60645,468,1332
04-20-2020,14:45,60646,80,574
04-20-2020,14:45,60647,230,1134
04-20-2020,14:45,60649,290,1148
04-20-2020,14:45,60651,370,1095
04-20-2020,14:45,60652,223,656
04-20-2020,14:45,60653,210,821
04-20-2020,14:45,60654,78,276
04-20-2020,14:45,60655,134,668
04-20-2020,14:45,60656,91,658
04-20-2020,14:45,60657,159,938
04-20-2020,14:45,60659,255,710
04-20-2020,14:45,60660,155,548
04-20-2020,14:45,60661,20,115
04-20-2020,14:45,60706,91,488
04-20-2020,14:45,60707,179,857
04-20-2020,14:45,60712,76,293
04-20-2020,14:45,60714,154,484
04-20-2020,14:45,60803,65,266
04-20-2020,14:45,60804,398,1087
04-20-2020,14:45,60805,76,250
04-20-2020,14:45,60827,133,430
04-20-2020,14:45,60901,169,615
04-20-2020,14:45,60914,48,291
04-20-2020,14:45,60915,13,120
04-20-2020,14:45,60950,16,145
04-20-2020,14:45,60954,9,57
04-20-2020,14:45,60964,9,60
04-20-2020,14:45,61008,25,127
04-20-2020,14:45,61016,11,57
04-20-2020,14:45,61021,11,279
04-20-2020,14:45,61032,9,107
04-20-2020,14:45,61065,7,50
04-20-2020,14:45,61068,43,202
04-20-2020,14:45,61071,10,47
04-20-2020,14:45,61073,6,71
04-20-2020,14:45,61081,19,62
04-20-2020,14:45,61101,13,126
04-20-2020,14:45,61102,23,87
04-20-2020,14:45,61103,19,163
04-20-2020,14:45,61104,19,102
04-20-2020,14:45,61107,10,148
04-20-2020,14:45,61108,30,159
04-20-2020,14:45,61109,26,136
04-20-2020,14:45,61111,8,89
04-20-2020,14:45,61114,14,71
04-20-2020,14:45,61115,6,106
04-20-2020,14:45,61201,45,135
04-20-2020,14:45,61235,6,15
04-20-2020,14:45,61241,10,57
04-20-2020,14:45,61244,72,171
04-20-2020,14:45,61264,9,41
04-20-2020,14:45,61265,58,227
04-20-2020,14:45,61282,17,64
04-20-2020,14:45,61401,9,139
04-20-2020,14:45,61462,14,38
04-20-2020,14:45,61604,9,79
04-20-2020,14:45,61611,9,84
04-20-2020,14:45,61614,11,77
04-20-2020,14:45,61615,10,55
04-20-2020,14:45,61701,33,520
04-20-2020,14:45,61704,16,378
04-20-2020,14:45,61705,7,142
04-20-2020,14:45,61761,18,431
04-20-2020,14:45,61764,8,110
04-20-2020,14:45,61801,11,195
04-20-2020,14:45,61802,16,194
04-20-2020,14:45,61820,7,184
04-20-2020,14:45,61821,10,267
04-20-2020,14:45,61822,24,244
04-20-2020,14:45,61853,7,131
04-20-2020,14:45,61874,6,79
04-20-2020,14:45,61910,6,31
04-20-2020,14:45,61920,6,68
04-20-2020,14:45,61938,7,104
04-20-2020,14:45,62002,31,91
04-20-2020,14:45,62024,7,15
04-20-2020,14:45,62025,30,58
04-20-2020,14:45,62034,10,28
04-20-2020,14:45,62035,8,40
04-20-2020,14:45,62040,33,182
04-20-2020,14:45,62052,6,41
04-20-2020,14:45,62060,7,28
04-20-2020,14:45,62069,6,20
04-20-2020,14:45,62095,8,31
04-20-2020,14:45,62201,8,17
04-20-2020,14:45,62203,10,21
04-20-2020,14:45,62204,9,19
04-20-2020,14:45,62205,9,23
04-20-2020,14:45,62206,22,44
04-20-2020,14:45,62207,15,14
04-20-2020,14:45,62208,19,62
04-20-2020,14:45,62220,21,64
04-20-2020,14:45,62221,28,95
04-20-2020,14:45,62223,20,42
04-20-2020,14:45,62226,43,82
04-20-2020,14:45,62233,33,114
04-20-2020,14:45,62234,19,70
04-20-2020,14:45,62236,28,72
04-20-2020,14:45,62249,8,47
04-20-2020,14:45,62258,11,44
04-20-2020,14:45,62265,8,22
04-20-2020,14:45,62269,24,109
04-20-2020,14:45,62278,13,41
04-20-2020,14:45,62294,10,40
04-20-2020,14:45,62298,23,64
04-20-2020,14:45,62301,13,133
04-20-2020,14:45,62305,12,55
04-20-2020,14:45,62448,20,43
04-20-2020,14:45,62471,13,61
04-20-2020,14:45,62521,38,135
04-20-2020,14:45,62522,6,40
04-20-2020,14:45,62526,7,90
04-20-2020,14:45,62568,24,116
04-20-2020,14:45,62650,12,109
04-20-2020,14:45,62702,17,258
04-20-2020,14:45,62703,6,177
04-20-2020,14:45,62704,6,255
04-20-2020,14:45,62707,6,49
04-20-2020,14:45,62711,10,102
04-20-2020,14:45,62801,35,247
04-20-2020,14:45,62864,25,192
04-20-2020,14:45,62901,35,219
04-20-2020,14:45,62959,10,178
04-20-2020,14:45,62992,8,27
04-19-2020,14:45,53142,6,34
04-19-2020,14:45,60002,33,250
04-19-2020,14:45,60004,63,739
04-19-2020,14:45,60005,40,227
04-19-2020,14:45,60007,58,261
04-19-2020,14:45,60008,37,161
04-19-2020,14:45,60010,30,204
04-19-2020,14:45,60012,19,56
04-19-2020,14:45,60013,32,124
04-19-2020,14:45,60014,39,234
04-19-2020,14:45,60015,79,383
04-19-2020,14:45,60016,336,932
04-19-2020,14:45,60018,110,370
04-19-2020,14:45,60020,10,77
04-19-2020,14:45,60021,7,30
04-19-2020,14:45,60022,15,110
04-19-2020,14:45,60025,148,659
04-19-2020,14:45,60026,59,222
04-19-2020,14:45,60030,45,300
04-19-2020,14:45,60031,80,414
04-19-2020,14:45,60033,13,90
04-19-2020,14:45,60035,108,499
04-19-2020,14:45,60040,17,66
04-19-2020,14:45,60041,9,61
04-19-2020,14:45,60042,7,42
04-19-2020,14:45,60043,13,53
04-19-2020,14:45,60044,38,157
04-19-2020,14:45,60045,77,288
04-19-2020,14:45,60046,53,300
04-19-2020,14:45,60047,47,212
04-19-2020,14:45,60048,46,233
04-19-2020,14:45,60050,46,188
04-19-2020,14:45,60051,20,146
04-19-2020,14:45,60053,86,422
04-19-2020,14:45,60056,129,562
04-19-2020,14:45,60060,74,294
04-19-2020,14:45,60061,45,222
04-19-2020,14:45,60062,91,527
04-19-2020,14:45,60064,154,299
04-19-2020,14:45,60067,32,246
04-19-2020,14:45,60068,104,431
04-19-2020,14:45,60069,18,113
04-19-2020,14:45,60070,37,138
04-19-2020,14:45,60073,140,491
04-19-2020,14:45,60074,73,254
04-19-2020,14:45,60076,177,749
04-19-2020,14:45,60077,138,622
04-19-2020,14:45,60081,15,62
04-19-2020,14:45,60083,26,103
04-19-2020,14:45,60084,54,106
04-19-2020,14:45,60085,536,1018
04-19-2020,14:45,60087,145,350
04-19-2020,14:45,60088,17,40
04-19-2020,14:45,60089,68,340
04-19-2020,14:45,60090,108,440
04-19-2020,14:45,60091,75,439
04-19-2020,14:45,60093,89,338
04-19-2020,14:45,60096,9,61
04-19-2020,14:45,60097,8,66
04-19-2020,14:45,60098,70,244
04-19-2020,14:45,60099,161,368
04-19-2020,14:45,60101,116,417
04-19-2020,14:45,60102,30,157
04-19-2020,14:45,60103,43,230
04-19-2020,14:45,60104,160,420
04-19-2020,14:45,60106,112,290
04-19-2020,14:45,60107,85,284
04-19-2020,14:45,60108,38,249
04-19-2020,14:45,60110,40,141
04-19-2020,14:45,60115,22,193
04-19-2020,14:45,60118,17,64
04-19-2020,14:45,60119,8,62
04-19-2020,14:45,60120,77,232
04-19-2020,14:45,60123,74,274
04-19-2020,14:45,60124,16,96
04-19-2020,14:45,60126,84,448
04-19-2020,14:45,60130,49,247
04-19-2020,14:45,60131,71,265
04-19-2020,14:45,60133,83,275
04-19-2020,14:45,60134,17,145
04-19-2020,14:45,60136,12,51
04-19-2020,14:45,60137,35,240
04-19-2020,14:45,60139,80,322
04-19-2020,14:45,60140,17,102
04-19-2020,14:45,60142,21,136
04-19-2020,14:45,60143,15,78
04-19-2020,14:45,60148,90,419
04-19-2020,14:45,60153,128,459
04-19-2020,14:45,60154,70,309
04-19-2020,14:45,60155,38,142
04-19-2020,14:45,60156,27,133
04-19-2020,14:45,60160,111,371
04-19-2020,14:45,60162,52,165
04-19-2020,14:45,60163,22,73
04-19-2020,14:45,60164,79,331
04-19-2020,14:45,60165,34,66
04-19-2020,14:45,60169,46,236
04-19-2020,14:45,60171,33,160
04-19-2020,14:45,60172,31,147
04-19-2020,14:45,60173,10,73
04-19-2020,14:45,60174,24,213
04-19-2020,14:45,60175,23,168
04-19-2020,14:45,60176,25,122
04-19-2020,14:45,60177,23,115
04-19-2020,14:45,60178,11,108
04-19-2020,14:45,60181,74,269
04-19-2020,14:45,60185,70,266
04-19-2020,14:45,60187,21,186
04-19-2020,14:45,60188,116,372
04-19-2020,14:45,60189,32,191
04-19-2020,14:45,60190,9,71
04-19-2020,14:45,60191,21,128
04-19-2020,14:45,60192,16,106
04-19-2020,14:45,60193,54,248
04-19-2020,14:45,60194,25,138
04-19-2020,14:45,60201,113,822
04-19-2020,14:45,60202,115,681
04-19-2020,14:45,60203,14,80
04-19-2020,14:45,60301,11,50
04-19-2020,14:45,60302,84,512
04-19-2020,14:45,60304,32,226
04-19-2020,14:45,60305,17,128
04-19-2020,14:45,60401,22,100
04-19-2020,14:45,60402,267,1012
04-19-2020,14:45,60403,61,332
04-19-2020,14:45,60404,36,243
04-19-2020,14:45,60406,90,328
04-19-2020,14:45,60409,191,629
04-19-2020,14:45,60410,11,115
04-19-2020,14:45,60411,266,983
04-19-2020,14:45,60415,72,221
04-19-2020,14:45,60417,65,222
04-19-2020,14:45,60418,31,109
04-19-2020,14:45,60419,139,426
04-19-2020,14:45,60422,47,165
04-19-2020,14:45,60423,61,300
04-19-2020,14:45,60425,47,182
04-19-2020,14:45,60426,146,473
04-19-2020,14:45,60428,82,255
04-19-2020,14:45,60429,98,371
04-19-2020,14:45,60430,101,356
04-19-2020,14:45,60431,73,418
04-19-2020,14:45,60432,49,254
04-19-2020,14:45,60433,68,250
04-19-2020,14:45,60434,21,48
04-19-2020,14:45,60435,214,906
04-19-2020,14:45,60436,47,320
04-19-2020,14:45,60438,117,401
04-19-2020,14:45,60439,38,218
04-19-2020,14:45,60440,170,853
04-19-2020,14:45,60441,79,387
04-19-2020,14:45,60442,16,99
04-19-2020,14:45,60443,154,516
04-19-2020,14:45,60445,48,172
04-19-2020,14:45,60446,111,551
04-19-2020,14:45,60447,10,145
04-19-2020,14:45,60448,44,189
04-19-2020,14:45,60449,33,162
04-19-2020,14:45,60450,14,103
04-19-2020,14:45,60451,41,269
04-19-2020,14:45,60452,59,257
04-19-2020,14:45,60453,176,600
04-19-2020,14:45,60455,70,210
04-19-2020,14:45,60456,15,46
04-19-2020,14:45,60457,35,126
04-19-2020,14:45,60458,27,159
04-19-2020,14:45,60459,86,303
04-19-2020,14:45,60461,32,114
04-19-2020,14:45,60462,85,372
04-19-2020,14:45,60463,43,170
04-19-2020,14:45,60464,14,82
04-19-2020,14:45,60465,48,187
04-19-2020,14:45,60466,223,577
04-19-2020,14:45,60467,58,250
04-19-2020,14:45,60468,9,32
04-19-2020,14:45,60469,18,58
04-19-2020,14:45,60471,90,334
04-19-2020,14:45,60472,36,103
04-19-2020,14:45,60473,164,472
04-19-2020,14:45,60475,37,125
04-19-2020,14:45,60477,67,345
04-19-2020,14:45,60478,116,430
04-19-2020,14:45,60480,11,73
04-19-2020,14:45,60481,9,83
04-19-2020,14:45,60482,22,124
04-19-2020,14:45,60484,49,151
04-19-2020,14:45,60487,47,229
04-19-2020,14:45,60490,60,333
04-19-2020,14:45,60491,64,224
04-19-2020,14:45,60501,36,118
04-19-2020,14:45,60502,25,126
04-19-2020,14:45,60503,12,81
04-19-2020,14:45,60504,48,230
04-19-2020,14:45,60505,96,311
04-19-2020,14:45,60506,108,393
04-19-2020,14:45,60510,17,157
04-19-2020,14:45,60513,50,280
04-19-2020,14:45,60514,25,109
04-19-2020,14:45,60515,26,169
04-19-2020,14:45,60516,32,216
04-19-2020,14:45,60517,60,304
04-19-2020,14:45,60521,30,250
04-19-2020,14:45,60523,34,151
04-19-2020,14:45,60525,78,472
04-19-2020,14:45,60526,26,189
04-19-2020,14:45,60527,130,480
04-19-2020,14:45,60532,34,195
04-19-2020,14:45,60534,30,119
04-19-2020,14:45,60538,27,165
04-19-2020,14:45,60540,32,282
04-19-2020,14:45,60542,16,132
04-19-2020,14:45,60543,44,234
04-19-2020,14:45,60544,50,357
04-19-2020,14:45,60545,9,67
04-19-2020,14:45,60546,53,252
04-19-2020,14:45,60548,6,48
04-19-2020,14:45,60551,9,21
04-19-2020,14:45,60554,9,63
04-19-2020,14:45,60555,20,92
04-19-2020,14:45,60558,14,119
04-19-2020,14:45,60559,76,257
04-19-2020,14:45,60560,20,123
04-19-2020,14:45,60561,48,257
04-19-2020,14:45,60563,40,285
04-19-2020,14:45,60564,49,317
04-19-2020,14:45,60565,69,285
04-19-2020,14:45,60585,33,177
04-19-2020,14:45,60586,93,553
04-19-2020,14:45,60601,35,189
04-19-2020,14:45,60605,74,441
04-19-2020,14:45,60606,22,132
04-19-2020,14:45,60607,143,526
04-19-2020,14:45,60608,381,1269
04-19-2020,14:45,60609,290,872
04-19-2020,14:45,60610,108,548
04-19-2020,14:45,60611,75,537
04-19-2020,14:45,60612,282,1181
04-19-2020,14:45,60613,162,617
04-19-2020,14:45,60614,195,901
04-19-2020,14:45,60615,177,927
04-19-2020,14:45,60616,191,772
04-19-2020,14:45,60617,350,1421
04-19-2020,14:45,60618,292,1117
04-19-2020,14:45,60619,396,1342
04-19-2020,14:45,60620,463,1306
04-19-2020,14:45,60621,198,606
04-19-2020,14:45,60622,201,838
04-19-2020,14:45,60623,469,1176
04-19-2020,14:45,60624,290,902
04-19-2020,14:45,60625,306,991
04-19-2020,14:45,60626,255,906
04-19-2020,14:45,60628,385,1298
04-19-2020,14:45,60629,493,1283
04-19-2020,14:45,60630,171,907
04-19-2020,14:45,60631,96,732
04-19-2020,14:45,60632,382,1070
04-19-2020,14:45,60633,45,175
04-19-2020,14:45,60634,342,1764
04-19-2020,14:45,60636,224,587
04-19-2020,14:45,60637,229,1056
04-19-2020,14:45,60638,217,984
04-19-2020,14:45,60639,485,1324
04-19-2020,14:45,60640,260,899
04-19-2020,14:45,60641,254,993
04-19-2020,14:45,60642,38,284
04-19-2020,14:45,60643,325,1022
04-19-2020,14:45,60644,349,1000
04-19-2020,14:45,60645,433,1239
04-19-2020,14:45,60646,80,565
04-19-2020,14:45,60647,222,1091
04-19-2020,14:45,60649,270,1085
04-19-2020,14:45,60651,357,1057
04-19-2020,14:45,60652,219,632
04-19-2020,14:45,60653,204,798
04-19-2020,14:45,60654,78,275
04-19-2020,14:45,60655,130,649
04-19-2020,14:45,60656,89,647
04-19-2020,14:45,60657,159,908
04-19-2020,14:45,60659,243,678
04-19-2020,14:45,60660,145,522
04-19-2020,14:45,60661,20,112
04-19-2020,14:45,60706,88,477
04-19-2020,14:45,60707,175,841
04-19-2020,14:45,60712,75,288
04-19-2020,14:45,60714,146,468
04-19-2020,14:45,60803,62,253
04-19-2020,14:45,60804,367,1022
04-19-2020,14:45,60805,74,242
04-19-2020,14:45,60827,130,404
04-19-2020,14:45,60901,167,601
04-19-2020,14:45,60914,47,279
04-19-2020,14:45,60915,13,116
04-19-2020,14:45,60950,16,140
04-19-2020,14:45,60954,9,55
04-19-2020,14:45,60964,9,60
04-19-2020,14:45,61008,22,121
04-19-2020,14:45,61016,8,52
04-19-2020,14:45,61021,11,277
04-19-2020,14:45,61032,9,102
04-19-2020,14:45,61065,7,49
04-19-2020,14:45,61068,33,182
04-19-2020,14:45,61071,9,46
04-19-2020,14:45,61081,19,62
04-19-2020,14:45,61101,13,123
04-19-2020,14:45,61102,21,83
04-19-2020,14:45,61103,18,157
04-19-2020,14:45,61104,12,91
04-19-2020,14:45,61107,10,147
04-19-2020,14:45,61108,29,155
04-19-2020,14:45,61109,25,134
04-19-2020,14:45,61111,8,89
04-19-2020,14:45,61114,14,71
04-19-2020,14:45,61115,6,106
04-19-2020,14:45,61201,42,129
04-19-2020,14:45,61235,6,14
04-19-2020,14:45,61241,10,54
04-19-2020,14:45,61244,62,156
04-19-2020,14:45,61264,8,39
04-19-2020,14:45,61265,53,212
04-19-2020,14:45,61282,14,60
04-19-2020,14:45,61462,12,37
04-19-2020,14:45,61604,9,75
04-19-2020,14:45,61611,9,82
04-19-2020,14:45,61614,11,75
04-19-2020,14:45,61615,10,53
04-19-2020,14:45,61701,33,503
04-19-2020,14:45,61704,16,366
04-19-2020,14:45,61705,7,140
04-19-2020,14:45,61761,18,412
04-19-2020,14:45,61764,8,106
04-19-2020,14:45,61801,11,193
04-19-2020,14:45,61802,16,190
04-19-2020,14:45,61820,7,179
04-19-2020,14:45,61821,10,264
04-19-2020,14:45,61822,24,240
04-19-2020,14:45,61853,7,130
04-19-2020,14:45,61874,6,74
04-19-2020,14:45,61910,6,30
04-19-2020,14:45,61920,6,66
04-19-2020,14:45,61938,6,104
04-19-2020,14:45,62002,30,87
04-19-2020,14:45,62024,7,13
04-19-2020,14:45,62025,30,58
04-19-2020,14:45,62034,9,26
04-19-2020,14:45,62035,8,40
04-19-2020,14:45,62040,32,172
04-19-2020,14:45,62052,6,41
04-19-2020,14:45,62060,7,28
04-19-2020,14:45,62069,6,19
04-19-2020,14:45,62095,8,29
04-19-2020,14:45,62201,8,15
04-19-2020,14:45,62203,10,20
04-19-2020,14:45,62204,9,19
04-19-2020,14:45,62205,9,23
04-19-2020,14:45,62206,22,43
04-19-2020,14:45,62207,15,14
04-19-2020,14:45,62208,19,61
04-19-2020,14:45,62220,18,62
04-19-2020,14:45,62221,28,94
04-19-2020,14:45,62223,20,42
04-19-2020,14:45,62226,42,82
04-19-2020,14:45,62233,31,112
04-19-2020,14:45,62234,19,67
04-19-2020,14:45,62236,28,72
04-19-2020,14:45,62249,8,43
04-19-2020,14:45,62258,11,43
04-19-2020,14:45,62265,8,22
04-19-2020,14:45,62269,23,108
04-19-2020,14:45,62278,12,38
04-19-2020,14:45,62294,10,40
04-19-2020,14:45,62298,22,63
04-19-2020,14:45,62301,13,119
04-19-2020,14:45,62305,12,54
04-19-2020,14:45,62448,19,43
04-19-2020,14:45,62471,13,61
04-19-2020,14:45,62521,37,129
04-19-2020,14:45,62522,6,40
04-19-2020,14:45,62526,7,87
04-19-2020,14:45,62568,22,108
04-19-2020,14:45,62650,11,105
04-19-2020,14:45,62702,17,247
04-19-2020,14:45,62703,6,173
04-19-2020,14:45,62707,6,47
04-19-2020,14:45,62711,10,97
04-19-2020,14:45,62801,35,242
04-19-2020,14:45,62864,24,187
04-19-2020,14:45,62901,33,211
04-19-2020,14:45,62959,9,176
04-19-2020,14:45,62992,8,27
04-18-2020,15:50,53142,6,97
04-18-2020,15:50,60002,32,682
04-18-2020,15:50,60004,62,1858
04-18-2020,15:50,60005,38,593
04-18-2020,15:50,60007,57,715
04-18-2020,15:50,60008,34,423
04-18-2020,15:50,60010,30,553
04-18-2020,15:50,60012,19,163
04-18-2020,15:50,60013,32,341
04-18-2020,15:50,60014,38,635
04-18-2020,15:50,60015,74,1048
04-18-2020,15:50,60016,321,2591
04-18-2020,15:50,60018,96,984
04-18-2020,15:50,60020,10,214
04-18-2020,15:50,60021,7,85
04-18-2020,15:50,60022,15,299
04-18-2020,15:50,60025,145,1859
04-18-2020,15:50,60026,59,634
04-18-2020,15:50,60030,43,817
04-18-2020,15:50,60031,78,1175
04-18-2020,15:50,60033,13,265
04-18-2020,15:50,60035,104,1358
04-18-2020,15:50,60040,15,183
04-18-2020,15:50,60041,9,171
04-18-2020,15:50,60042,7,120
04-18-2020,15:50,60043,13,148
04-18-2020,15:50,60044,38,434
04-18-2020,15:50,60045,78,799
04-18-2020,15:50,60046,50,814
04-18-2020,15:50,60047,46,581
04-18-2020,15:50,60048,46,652
04-18-2020,15:50,60050,46,543
04-18-2020,15:50,60051,20,418
04-18-2020,15:50,60053,85,1154
04-18-2020,15:50,60056,120,1475
04-18-2020,15:50,60060,70,798
04-18-2020,15:50,60061,44,620
04-18-2020,15:50,60062,88,1453
04-18-2020,15:50,60064,149,861
04-18-2020,15:50,60067,30,601
04-18-2020,15:50,60068,101,1127
04-18-2020,15:50,60069,16,317
04-18-2020,15:50,60070,34,365
04-18-2020,15:50,60073,138,1371
04-18-2020,15:50,60074,67,692
04-18-2020,15:50,60076,175,2091
04-18-2020,15:50,60077,137,1746
04-18-2020,15:50,60081,14,175
04-18-2020,15:50,60083,26,288
04-18-2020,15:50,60084,52,325
04-18-2020,15:50,60085,510,2888
04-18-2020,15:50,60087,139,987
04-18-2020,15:50,60088,17,123
04-18-2020,15:50,60089,67,935
04-18-2020,15:50,60090,102,1221
04-18-2020,15:50,60091,74,1217
04-18-2020,15:50,60093,89,966
04-18-2020,15:50,60096,8,168
04-18-2020,15:50,60097,8,187
04-18-2020,15:50,60098,70,721
04-18-2020,15:50,60099,152,1058
04-18-2020,15:50,60101,112,1012
04-18-2020,15:50,60102,30,427
04-18-2020,15:50,60103,41,620
04-18-2020,15:50,60104,158,1085
04-18-2020,15:50,60106,107,747
04-18-2020,15:50,60107,80,755
04-18-2020,15:50,60108,36,566
04-18-2020,15:50,60110,38,403
04-18-2020,15:50,60115,22,482
04-18-2020,15:50,60118,16,178
04-18-2020,15:50,60119,8,164
04-18-2020,15:50,60120,71,596
04-18-2020,15:50,60123,71,736
04-18-2020,15:50,60124,16,252
04-18-2020,15:50,60126,80,1149
04-18-2020,15:50,60130,49,615
04-18-2020,15:50,60131,68,693
04-18-2020,15:50,60133,81,701
04-18-2020,15:50,60134,17,372
04-18-2020,15:50,60136,12,132
04-18-2020,15:50,60137,35,604
04-18-2020,15:50,60139,77,764
04-18-2020,15:50,60140,17,272
04-18-2020,15:50,60142,21,364
04-18-2020,15:50,60143,15,190
04-18-2020,15:50,60148,89,1059
04-18-2020,15:50,60153,119,1106
04-18-2020,15:50,60154,68,780
04-18-2020,15:50,60155,37,365
04-18-2020,15:50,60156,26,367
04-18-2020,15:50,60160,105,959
04-18-2020,15:50,60162,48,415
04-18-2020,15:50,60163,19,199
04-18-2020,15:50,60164,72,840
04-18-2020,15:50,60165,32,171
04-18-2020,15:50,60169,44,635
04-18-2020,15:50,60171,33,449
04-18-2020,15:50,60172,31,395
04-18-2020,15:50,60173,10,186
04-18-2020,15:50,60174,23,532
04-18-2020,15:50,60175,23,424
04-18-2020,15:50,60176,24,314
04-18-2020,15:50,60177,22,302
04-18-2020,15:50,60178,11,271
04-18-2020,15:50,60181,71,723
04-18-2020,15:50,60185,67,671
04-18-2020,15:50,60187,20,475
04-18-2020,15:50,60188,112,990
04-18-2020,15:50,60189,32,503
04-18-2020,15:50,60190,9,184
04-18-2020,15:50,60191,21,330
04-18-2020,15:50,60192,15,264
04-18-2020,15:50,60193,52,656
04-18-2020,15:50,60194,25,372
04-18-2020,15:50,60201,109,2090
04-18-2020,15:50,60202,113,1868
04-18-2020,15:50,60203,14,234
04-18-2020,15:50,60301,11,135
04-18-2020,15:50,60302,81,1318
04-18-2020,15:50,60304,31,593
04-18-2020,15:50,60305,17,330
04-18-2020,15:50,60401,22,269
04-18-2020,15:50,60402,245,2520
04-18-2020,15:50,60403,57,867
04-18-2020,15:50,60404,35,637
04-18-2020,15:50,60406,81,845
04-18-2020,15:50,60409,188,1622
04-18-2020,15:50,60410,11,316
04-18-2020,15:50,60411,253,2455
04-18-2020,15:50,60415,65,535
04-18-2020,15:50,60417,59,545
04-18-2020,15:50,60418,31,275
04-18-2020,15:50,60419,132,1041
04-18-2020,15:50,60422,45,436
04-18-2020,15:50,60423,61,815
04-18-2020,15:50,60425,46,442
04-18-2020,15:50,60426,137,1114
04-18-2020,15:50,60428,78,642
04-18-2020,15:50,60429,95,907
04-18-2020,15:50,60430,97,894
04-18-2020,15:50,60431,73,1082
04-18-2020,15:50,60432,48,655
04-18-2020,15:50,60433,67,676
04-18-2020,15:50,60434,21,114
04-18-2020,15:50,60435,207,2302
04-18-2020,15:50,60436,46,806
04-18-2020,15:50,60438,111,970
04-18-2020,15:50,60439,37,530
04-18-2020,15:50,60440,163,2051
04-18-2020,15:50,60441,76,1045
04-18-2020,15:50,60442,16,274
04-18-2020,15:50,60443,150,1323
04-18-2020,15:50,60445,45,454
04-18-2020,15:50,60446,106,1331
04-18-2020,15:50,60447,10,377
04-18-2020,15:50,60448,43,514
04-18-2020,15:50,60449,32,404
04-18-2020,15:50,60450,14,268
04-18-2020,15:50,60451,41,726
04-18-2020,15:50,60452,58,647
04-18-2020,15:50,60453,170,1581
04-18-2020,15:50,60455,69,527
04-18-2020,15:50,60456,15,122
04-18-2020,15:50,60457,34,318
04-18-2020,15:50,60458,23,343
04-18-2020,15:50,60459,83,753
04-18-2020,15:50,60461,30,286
04-18-2020,15:50,60462,83,944
04-18-2020,15:50,60463,43,409
04-18-2020,15:50,60464,14,204
04-18-2020,15:50,60465,46,474
04-18-2020,15:50,60466,221,1501
04-18-2020,15:50,60467,55,641
04-18-2020,15:50,60468,9,86
04-18-2020,15:50,60469,17,151
04-18-2020,15:50,60471,86,826
04-18-2020,15:50,60472,35,266
04-18-2020,15:50,60473,162,1242
04-18-2020,15:50,60475,37,334
04-18-2020,15:50,60477,67,894
04-18-2020,15:50,60478,111,1051
04-18-2020,15:50,60480,11,155
04-18-2020,15:50,60481,9,230
04-18-2020,15:50,60482,21,318
04-18-2020,15:50,60484,48,392
04-18-2020,15:50,60487,45,595
04-18-2020,15:50,60490,60,833
04-18-2020,15:50,60491,64,602
04-18-2020,15:50,60501,34,305
04-18-2020,15:50,60502,25,339
04-18-2020,15:50,60503,12,229
04-18-2020,15:50,60504,49,619
04-18-2020,15:50,60505,95,821
04-18-2020,15:50,60506,105,1004
04-18-2020,15:50,60510,17,396
04-18-2020,15:50,60513,48,586
04-18-2020,15:50,60514,25,253
04-18-2020,15:50,60515,26,432
04-18-2020,15:50,60516,32,544
04-18-2020,15:50,60517,58,767
04-18-2020,15:50,60521,28,592
04-18-2020,15:50,60523,31,384
04-18-2020,15:50,60525,74,1049
04-18-2020,15:50,60526,25,426
04-18-2020,15:50,60527,128,1101
04-18-2020,15:50,60532,33,498
04-18-2020,15:50,60534,24,269
04-18-2020,15:50,60538,26,427
04-18-2020,15:50,60540,30,691
04-18-2020,15:50,60542,16,352
04-18-2020,15:50,60543,44,617
04-18-2020,15:50,60544,50,884
04-18-2020,15:50,60545,9,167
04-18-2020,15:50,60546,48,580
04-18-2020,15:50,60551,9,55
04-18-2020,15:50,60554,9,162
04-18-2020,15:50,60555,20,236
04-18-2020,15:50,60558,14,271
04-18-2020,15:50,60559,72,667
04-18-2020,15:50,60560,19,340
04-18-2020,15:50,60561,48,621
04-18-2020,15:50,60563,39,738
04-18-2020,15:50,60564,49,806
04-18-2020,15:50,60565,67,742
04-18-2020,15:50,60585,33,488
04-18-2020,15:50,60586,91,1431
04-18-2020,15:50,60601,35,490
04-18-2020,15:50,60605,72,1095
04-18-2020,15:50,60606,17,261
04-18-2020,15:50,60607,143,1390
04-18-2020,15:50,60608,355,3140
04-18-2020,15:50,60609,275,2159
04-18-2020,15:50,60610,107,1308
04-18-2020,15:50,60611,75,1274
04-18-2020,15:50,60612,275,2877
04-18-2020,15:50,60613,158,1644
04-18-2020,15:50,60614,190,2234
04-18-2020,15:50,60615,169,1933
04-18-2020,15:50,60616,185,1895
04-18-2020,15:50,60617,337,3367
04-18-2020,15:50,60618,273,2919
04-18-2020,15:50,60619,380,3122
04-18-2020,15:50,60620,450,3249
04-18-2020,15:50,60621,187,1411
04-18-2020,15:50,60622,196,2097
04-18-2020,15:50,60623,445,2952
04-18-2020,15:50,60624,284,2243
04-18-2020,15:50,60625,293,2623
04-18-2020,15:50,60626,244,2277
04-18-2020,15:50,60628,369,3160
04-18-2020,15:50,60629,463,3259
04-18-2020,15:50,60630,162,2470
04-18-2020,15:50,60631,94,2026
04-18-2020,15:50,60632,355,2708
04-18-2020,15:50,60633,44,446
04-18-2020,15:50,60634,326,4799
04-18-2020,15:50,60636,214,1398
04-18-2020,15:50,60637,212,2174
04-18-2020,15:50,60638,210,2583
04-18-2020,15:50,60639,463,3445
04-18-2020,15:50,60640,239,2292
04-18-2020,15:50,60641,243,2606
04-18-2020,15:50,60642,38,700
04-18-2020,15:50,60643,316,2653
04-18-2020,15:50,60644,337,2493
04-18-2020,15:50,60645,428,3312
04-18-2020,15:50,60646,76,1532
04-18-2020,15:50,60647,208,2754
04-18-2020,15:50,60649,255,2402
04-18-2020,15:50,60651,340,2660
04-18-2020,15:50,60652,211,1690
04-18-2020,15:50,60653,194,1821
04-18-2020,15:50,60654,77,696
04-18-2020,15:50,60655,123,1776
04-18-2020,15:50,60656,89,1764
04-18-2020,15:50,60657,159,2333
04-18-2020,15:50,60659,240,1884
04-18-2020,15:50,60660,138,1382
04-18-2020,15:50,60661,20,284
04-18-2020,15:50,60706,84,1261
04-18-2020,15:50,60707,169,2224
04-18-2020,15:50,60712,75,798
04-18-2020,15:50,60714,140,1252
04-18-2020,15:50,60803,60,632
04-18-2020,15:50,60804,345,2502
04-18-2020,15:50,60805,69,631
04-18-2020,15:50,60827,125,1033
04-18-2020,15:50,60901,164,1570
04-18-2020,15:50,60914,47,720
04-18-2020,15:50,60915,13,309
04-18-2020,15:50,60950,16,360
04-18-2020,15:50,60954,9,149
04-18-2020,15:50,60958,6,60
04-18-2020,15:50,60964,9,135
04-18-2020,15:50,61008,21,348
04-18-2020,15:50,61016,8,151
04-18-2020,15:50,61021,11,813
04-18-2020,15:50,61032,9,300
04-18-2020,15:50,61065,7,137
04-18-2020,15:50,61068,33,520
04-18-2020,15:50,61071,8,136
04-18-2020,15:50,61081,19,190
04-18-2020,15:50,61101,13,362
04-18-2020,15:50,61102,21,246
04-18-2020,15:50,61103,17,448
04-18-2020,15:50,61104,12,252
04-18-2020,15:50,61107,10,425
04-18-2020,15:50,61108,29,423
04-18-2020,15:50,61109,23,361
04-18-2020,15:50,61111,6,247
04-18-2020,15:50,61114,14,206
04-18-2020,15:50,61201,41,405
04-18-2020,15:50,61235,6,40
04-18-2020,15:50,61241,10,160
04-18-2020,15:50,61244,62,449
04-18-2020,15:50,61264,8,116
04-18-2020,15:50,61265,53,623
04-18-2020,15:50,61282,14,173
04-18-2020,15:50,61604,9,195
04-18-2020,15:50,61611,9,221
04-18-2020,15:50,61614,10,207
04-18-2020,15:50,61615,10,151
04-18-2020,15:50,61701,31,1439
04-18-2020,15:50,61704,16,1001
04-18-2020,15:50,61705,7,393
04-18-2020,15:50,61761,18,1159
04-18-2020,15:50,61764,8,304
04-18-2020,15:50,61801,11,521
04-18-2020,15:50,61802,16,513
04-18-2020,15:50,61820,6,482
04-18-2020,15:50,61821,10,735
04-18-2020,15:50,61822,23,663
04-18-2020,15:50,61853,7,356
04-18-2020,15:50,61874,6,207
04-18-2020,15:50,61910,6,77
04-18-2020,15:50,61938,6,299
04-18-2020,15:50,62002,29,236
04-18-2020,15:50,62024,7,45
04-18-2020,15:50,62025,25,179
04-18-2020,15:50,62034,8,73
04-18-2020,15:50,62035,8,114
04-18-2020,15:50,62040,29,486
04-18-2020,15:50,62052,6,121
04-18-2020,15:50,62060,7,75
04-18-2020,15:50,62069,6,54
04-18-2020,15:50,62095,8,87
04-18-2020,15:50,62201,8,45
04-18-2020,15:50,62203,10,51
04-18-2020,15:50,62204,9,51
04-18-2020,15:50,62205,8,58
04-18-2020,15:50,62206,22,126
04-18-2020,15:50,62207,14,43
04-18-2020,15:50,62208,19,168
04-18-2020,15:50,62220,16,160
04-18-2020,15:50,62221,28,259
04-18-2020,15:50,62223,20,123
04-18-2020,15:50,62226,40,235
04-18-2020,15:50,62233,30,317
04-18-2020,15:50,62234,19,205
04-18-2020,15:50,62236,27,204
04-18-2020,15:50,62249,7,109
04-18-2020,15:50,62258,11,121
04-18-2020,15:50,62265,8,57
04-18-2020,15:50,62269,22,309
04-18-2020,15:50,62278,12,115
04-18-2020,15:50,62294,10,116
04-18-2020,15:50,62298,22,187
04-18-2020,15:50,62301,13,265
04-18-2020,15:50,62305,12,108
04-18-2020,15:50,62448,7,77
04-18-2020,15:50,62471,11,170
04-18-2020,15:50,62521,38,346
04-18-2020,15:50,62522,6,114
04-18-2020,15:50,62526,8,229
04-18-2020,15:50,62568,22,296
04-18-2020,15:50,62650,11,304
04-18-2020,15:50,62702,15,671
04-18-2020,15:50,62703,6,448
04-18-2020,15:50,62711,10,271
04-18-2020,15:50,62801,34,692
04-18-2020,15:50,62864,9,452
04-18-2020,15:50,62901,33,599
04-18-2020,15:50,62959,8,485
04-18-2020,15:50,62992,8,74
04-17-2020,17:34,60002,32,
04-17-2020,17:34,60004,58,
04-17-2020,17:34,60005,35,
04-17-2020,17:34,60007,56,
04-17-2020,17:34,60008,31,
04-17-2020,17:34,60010,29,
04-17-2020,17:34,60012,18,
04-17-2020,17:34,60013,32,
04-17-2020,17:34,60014,34,
04-17-2020,17:34,60015,70,
04-17-2020,17:34,60016,306,
04-17-2020,17:34,60018,92,
04-17-2020,17:34,60020,10,
04-17-2020,17:34,60021,7,
04-17-2020,17:34,60022,15,
04-17-2020,17:34,60025,135,
04-17-2020,17:34,60026,58,
04-17-2020,17:34,60030,38,
04-17-2020,17:34,60031,74,
04-17-2020,17:34,60033,9,
04-17-2020,17:34,60035,99,
04-17-2020,17:34,60040,13,
04-17-2020,17:34,60041,8,
04-17-2020,17:34,60042,7,
04-17-2020,17:34,60043,13,
04-17-2020,17:34,60044,35,
04-17-2020,17:34,60045,75,
04-17-2020,17:34,60046,46,
04-17-2020,17:34,60047,43,
04-17-2020,17:34,60048,42,
04-17-2020,17:34,60050,36,
04-17-2020,17:34,60051,20,
04-17-2020,17:34,60053,80,
04-17-2020,17:34,60056,108,
04-17-2020,17:34,60060,67,
04-17-2020,17:34,60061,40,
04-17-2020,17:34,60062,85,
04-17-2020,17:34,60064,126,
04-17-2020,17:34,60067,30,
04-17-2020,17:34,60068,100,
04-17-2020,17:34,60069,16,
04-17-2020,17:34,60070,32,
04-17-2020,17:34,60073,128,
04-17-2020,17:34,60074,64,
04-17-2020,17:34,60076,169,
04-17-2020,17:34,60077,133,
04-17-2020,17:34,60081,13,
04-17-2020,17:34,60083,24,
04-17-2020,17:34,60084,51,
04-17-2020,17:34,60085,449,
04-17-2020,17:34,60087,125,
04-17-2020,17:34,60088,16,
04-17-2020,17:34,60089,63,
04-17-2020,17:34,60090,94,
04-17-2020,17:34,60091,71,
04-17-2020,17:34,60093,85,
04-17-2020,17:34,60096,8,
04-17-2020,17:34,60097,8,
04-17-2020,17:34,60098,63,
04-17-2020,17:34,60099,138,
04-17-2020,17:34,60101,107,
04-17-2020,17:34,60102,31,
04-17-2020,17:34,60103,38,
04-17-2020,17:34,60104,152,
04-17-2020,17:34,60106,98,
04-17-2020,17:34,60107,76,
04-17-2020,17:34,60108,33,
04-17-2020,17:34,60110,34,
04-17-2020,17:34,60115,24,
04-17-2020,17:34,60118,15,
04-17-2020,17:34,60119,8,
04-17-2020,17:34,60120,66,
04-17-2020,17:34,60123,67,
04-17-2020,17:34,60124,14,
04-17-2020,17:34,60126,76,
04-17-2020,17:34,60130,47,
04-17-2020,17:34,60131,67,
04-17-2020,17:34,60133,78,
04-17-2020,17:34,60134,16,
04-17-2020,17:34,60136,12,
04-17-2020,17:34,60137,35,
04-17-2020,17:34,60139,74,
04-17-2020,17:34,60140,16,
04-17-2020,17:34,60142,18,
04-17-2020,17:34,60143,14,
04-17-2020,17:34,60148,83,
04-17-2020,17:34,60153,116,
04-17-2020,17:34,60154,67,
04-17-2020,17:34,60155,32,
04-17-2020,17:34,60156,22,
04-17-2020,17:34,60160,96,
04-17-2020,17:34,60162,45,
04-17-2020,17:34,60163,15,
04-17-2020,17:34,60164,69,
04-17-2020,17:34,60165,27,
04-17-2020,17:34,60169,38,
04-17-2020,17:34,60171,29,
04-17-2020,17:34,60172,31,
04-17-2020,17:34,60173,10,
04-17-2020,17:34,60174,21,
04-17-2020,17:34,60175,23,
04-17-2020,17:34,60176,23,
04-17-2020,17:34,60177,20,
04-17-2020,17:34,60178,10,
04-17-2020,17:34,60181,69,
04-17-2020,17:34,60185,66,
04-17-2020,17:34,60187,19,
04-17-2020,17:34,60188,101,
04-17-2020,17:34,60189,31,
04-17-2020,17:34,60190,9,
04-17-2020,17:34,60191,19,
04-17-2020,17:34,60192,13,
04-17-2020,17:34,60193,51,
04-17-2020,17:34,60194,25,
04-17-2020,17:34,60201,105,
04-17-2020,17:34,60202,108,
04-17-2020,17:34,60203,14,
04-17-2020,17:34,60301,11,
04-17-2020,17:34,60302,77,
04-17-2020,17:34,60304,32,
04-17-2020,17:34,60305,16,
04-17-2020,17:34,60401,22,
04-17-2020,17:34,60402,228,
04-17-2020,17:34,60403,55,
04-17-2020,17:34,60404,34,
04-17-2020,17:34,60406,76,
04-17-2020,17:34,60409,182,
04-17-2020,17:34,60410,11,
04-17-2020,17:34,60411,249,
04-17-2020,17:34,60415,59,
04-17-2020,17:34,60417,57,
04-17-2020,17:34,60418,29,
04-17-2020,17:34,60419,120,
04-17-2020,17:34,60422,44,
04-17-2020,17:34,60423,58,
04-17-2020,17:34,60425,45,
04-17-2020,17:34,60426,127,
04-17-2020,17:34,60428,73,
04-17-2020,17:34,60429,89,
04-17-2020,17:34,60430,90,
04-17-2020,17:34,60431,73,
04-17-2020,17:34,60432,47,
04-17-2020,17:34,60433,66,
04-17-2020,17:34,60434,19,
04-17-2020,17:34,60435,205,
04-17-2020,17:34,60436,44,
04-17-2020,17:34,60438,108,
04-17-2020,17:34,60439,35,
04-17-2020,17:34,60440,160,
04-17-2020,17:34,60441,74,
04-17-2020,17:34,60442,16,
04-17-2020,17:34,60443,147,
04-17-2020,17:34,60445,42,
04-17-2020,17:34,60446,102,
04-17-2020,17:34,60447,9,
04-17-2020,17:34,60448,40,
04-17-2020,17:34,60449,29,
04-17-2020,17:34,60450,14,
04-17-2020,17:34,60451,41,
04-17-2020,17:34,60452,57,
04-17-2020,17:34,60453,163,
04-17-2020,17:34,60455,67,
04-17-2020,17:34,60456,14,
04-17-2020,17:34,60457,34,
04-17-2020,17:34,60458,23,
04-17-2020,17:34,60459,78,
04-17-2020,17:34,60461,28,
04-17-2020,17:34,60462,82,
04-17-2020,17:34,60463,43,
04-17-2020,17:34,60464,11,
04-17-2020,17:34,60465,45,
04-17-2020,17:34,60466,209,
04-17-2020,17:34,60467,54,
04-17-2020,17:34,60468,9,
04-17-2020,17:34,60469,15,
04-17-2020,17:34,60471,83,
04-17-2020,17:34,60472,33,
04-17-2020,17:34,60473,154,
04-17-2020,17:34,60475,36,
04-17-2020,17:34,60477,66,
04-17-2020,17:34,60478,106,
04-17-2020,17:34,60480,11,
04-17-2020,17:34,60481,8,
04-17-2020,17:34,60482,21,
04-17-2020,17:34,60484,46,
04-17-2020,17:34,60487,42,
04-17-2020,17:34,60490,60,
04-17-2020,17:34,60491,63,
04-17-2020,17:34,60501,29,
04-17-2020,17:34,60502,24,
04-17-2020,17:34,60503,11,
04-17-2020,17:34,60504,45,
04-17-2020,17:34,60505,83,
04-17-2020,17:34,60506,98,
04-17-2020,17:34,60510,15,
04-17-2020,17:34,60513,48,
04-17-2020,17:34,60514,24,
04-17-2020,17:34,60515,26,
04-17-2020,17:34,60516,30,
04-17-2020,17:34,60517,55,
04-17-2020,17:34,60521,26,
04-17-2020,17:34,60523,29,
04-17-2020,17:34,60525,70,
04-17-2020,17:34,60526,21,
04-17-2020,17:34,60527,127,
04-17-2020,17:34,60532,29,
04-17-2020,17:34,60534,21,
04-17-2020,17:34,60538,22,
04-17-2020,17:34,60540,27,
04-17-2020,17:34,60542,16,
04-17-2020,17:34,60543,39,
04-17-2020,17:34,60544,49,
04-17-2020,17:34,60545,9,
04-17-2020,17:34,60546,47,
04-17-2020,17:34,60551,9,
04-17-2020,17:34,60554,9,
04-17-2020,17:34,60555,20,
04-17-2020,17:34,60558,13,
04-17-2020,17:34,60559,62,
04-17-2020,17:34,60560,18,
04-17-2020,17:34,60561,46,
04-17-2020,17:34,60563,38,
04-17-2020,17:34,60564,48,
04-17-2020,17:34,60565,63,
04-17-2020,17:34,60585,33,
04-17-2020,17:34,60586,90,
04-17-2020,17:34,60601,35,
04-17-2020,17:34,60605,69,
04-17-2020,17:34,60606,17,
04-17-2020,17:34,60607,138,
04-17-2020,17:34,60608,339,
04-17-2020,17:34,60609,248,
04-17-2020,17:34,60610,104,
04-17-2020,17:34,60611,74,
04-17-2020,17:34,60612,255,
04-17-2020,17:34,60613,155,
04-17-2020,17:34,60614,180,
04-17-2020,17:34,60615,164,
04-17-2020,17:34,60616,179,
04-17-2020,17:34,60617,337,
04-17-2020,17:34,60618,256,
04-17-2020,17:34,60619,364,
04-17-2020,17:34,60620,444,
04-17-2020,17:34,60621,180,
04-17-2020,17:34,60622,186,
04-17-2020,17:34,60623,416,
04-17-2020,17:34,60624,270,
04-17-2020,17:34,60625,277,
04-17-2020,17:34,60626,230,
04-17-2020,17:34,60628,359,
04-17-2020,17:34,60629,420,
04-17-2020,17:34,60630,160,
04-17-2020,17:34,60631,91,
04-17-2020,17:34,60632,316,
04-17-2020,17:34,60633,40,
04-17-2020,17:34,60634,308,
04-17-2020,17:34,60636,206,
04-17-2020,17:34,60637,205,
04-17-2020,17:34,60638,202,
04-17-2020,17:34,60639,430,
04-17-2020,17:34,60640,227,
04-17-2020,17:34,60641,232,
04-17-2020,17:34,60642,38,
04-17-2020,17:34,60643,309,
04-17-2020,17:34,60644,324,
04-17-2020,17:34,60645,408,
04-17-2020,17:34,60646,75,
04-17-2020,17:34,60647,191,
04-17-2020,17:34,60649,244,
04-17-2020,17:34,60651,326,
04-17-2020,17:34,60652,191,
04-17-2020,17:34,60653,193,
04-17-2020,17:34,60654,53,
04-17-2020,17:34,60655,119,
04-17-2020,17:34,60656,87,
04-17-2020,17:34,60657,158,
04-17-2020,17:34,60659,225,
04-17-2020,17:34,60660,121,
04-17-2020,17:34,60661,20,
04-17-2020,17:34,60706,81,
04-17-2020,17:34,60707,160,
04-17-2020,17:34,60712,71,
04-17-2020,17:34,60714,132,
04-17-2020,17:34,60803,55,
04-17-2020,17:34,60804,317,
04-17-2020,17:34,60805,67,
04-17-2020,17:34,60827,121,
04-17-2020,17:34,60901,158,
04-17-2020,17:34,60914,47,
04-17-2020,17:34,60915,10,
04-17-2020,17:34,60950,15,
04-17-2020,17:34,60954,9,
04-17-2020,17:34,60964,9,
04-17-2020,17:34,61008,14,
04-17-2020,17:34,61016,6,
04-17-2020,17:34,61021,11,
04-17-2020,17:34,61032,8,
04-17-2020,17:34,61065,6,
04-17-2020,17:34,61068,26,
04-17-2020,17:34,61081,17,
04-17-2020,17:34,61101,12,
04-17-2020,17:34,61102,17,
04-17-2020,17:34,61103,17,
04-17-2020,17:34,61104,10,
04-17-2020,17:34,61107,8,
04-17-2020,17:34,61108,25,
04-17-2020,17:34,61109,18,
04-17-2020,17:34,61114,11,
04-17-2020,17:34,61201,34,
04-17-2020,17:34,61235,6,
04-17-2020,17:34,61241,9,
04-17-2020,17:34,61244,56,
04-17-2020,17:34,61264,8,
04-17-2020,17:34,61265,48,
04-17-2020,17:34,61282,12,
04-17-2020,17:34,61604,7,
04-17-2020,17:34,61611,7,
04-17-2020,17:34,61614,9,
04-17-2020,17:34,61615,8,
04-17-2020,17:34,61701,31,
04-17-2020,17:34,61704,16,
04-17-2020,17:34,61705,7,
04-17-2020,17:34,61761,18,
04-17-2020,17:34,61764,9,
04-17-2020,17:34,61801,11,
04-17-2020,17:34,61802,16,
04-17-2020,17:34,61820,6,
04-17-2020,17:34,61821,10,
04-17-2020,17:34,61822,23,
04-17-2020,17:34,61853,7,
04-17-2020,17:34,61874,6,
04-17-2020,17:34,61910,6,
04-17-2020,17:34,62002,28,
04-17-2020,17:34,62024,6,
04-17-2020,17:34,62025,23,
04-17-2020,17:34,62034,8,
04-17-2020,17:34,62035,8,
04-17-2020,17:34,62040,28,
04-17-2020,17:34,62052,7,
04-17-2020,17:34,62060,7,
04-17-2020,17:34,62095,7,
04-17-2020,17:34,62201,8,
04-17-2020,17:34,62203,9,
04-17-2020,17:34,62204,8,
04-17-2020,17:34,62205,7,
04-17-2020,17:34,62206,22,
04-17-2020,17:34,62207,14,
04-17-2020,17:34,62208,18,
04-17-2020,17:34,62220,17,
04-17-2020,17:34,62221,26,
04-17-2020,17:34,62223,19,
04-17-2020,17:34,62226,36,
04-17-2020,17:34,62233,27,
04-17-2020,17:34,62234,17,
04-17-2020,17:34,62236,27,
04-17-2020,17:34,62258,11,
04-17-2020,17:34,62265,8,
04-17-2020,17:34,62269,21,
04-17-2020,17:34,62278,11,
04-17-2020,17:34,62294,10,
04-17-2020,17:34,62298,22,
04-17-2020,17:34,62301,13,
04-17-2020,17:34,62305,12,
04-17-2020,17:34,62471,10,
04-17-2020,17:34,62521,33,
04-17-2020,17:34,62526,7,
04-17-2020,17:34,62568,21,
04-17-2020,17:34,62650,11,
04-17-2020,17:34,62702,14,
04-17-2020,17:34,62703,6,
04-17-2020,17:34,62711,10,
04-17-2020,17:34,62801,32,
04-17-2020,17:34,62864,8,
04-17-2020,17:34,62901,31,
04-17-2020,17:34,62959,8,
04-16-2020,19:10,60002,28,
04-16-2020,19:10,60004,54,
04-16-2020,19:10,60005,33,
04-16-2020,19:10,60007,48,
04-16-2020,19:10,60008,31,
04-16-2020,19:10,60010,27,
04-16-2020,19:10,60012,16,
04-16-2020,19:10,60013,31,
04-16-2020,19:10,60014,31,
04-16-2020,19:10,60015,67,
04-16-2020,19:10,60016,268,
04-16-2020,19:10,60018,76,
04-16-2020,19:10,60020,9,
04-16-2020,19:10,60021,6,
04-16-2020,19:10,60022,15,
04-16-2020,19:10,60025,131,
04-16-2020,19:10,60026,56,
04-16-2020,19:10,60030,37,
04-16-2020,19:10,60031,67,
04-16-2020,19:10,60033,7,
04-16-2020,19:10,60035,93,
04-16-2020,19:10,60040,9,
04-16-2020,19:10,60041,7,
04-16-2020,19:10,60042,6,
04-16-2020,19:10,60043,13,
04-16-2020,19:10,60044,31,
04-16-2020,19:10,60045,73,
04-16-2020,19:10,60046,47,
04-16-2020,19:10,60047,42,
04-16-2020,19:10,60048,41,
04-16-2020,19:10,60050,32,
04-16-2020,19:10,60051,19,
04-16-2020,19:10,60053,73,
04-16-2020,19:10,60056,95,
04-16-2020,19:10,60060,62,
04-16-2020,19:10,60061,36,
04-16-2020,19:10,60062,81,
04-16-2020,19:10,60064,111,
04-16-2020,19:10,60067,27,
04-16-2020,19:10,60068,93,
04-16-2020,19:10,60069,16,
04-16-2020,19:10,60070,22,
04-16-2020,19:10,60073,125,
04-16-2020,19:10,60074,56,
04-16-2020,19:10,60076,156,
04-16-2020,19:10,60077,122,
04-16-2020,19:10,60081,13,
04-16-2020,19:10,60083,20,
04-16-2020,19:10,60084,44,
04-16-2020,19:10,60085,389,
04-16-2020,19:10,60087,110,
04-16-2020,19:10,60088,16,
04-16-2020,19:10,60089,61,
04-16-2020,19:10,60090,80,
04-16-2020,19:10,60091,64,
04-16-2020,19:10,60093,80,
04-16-2020,19:10,60096,8,
04-16-2020,19:10,60097,7,
04-16-2020,19:10,60098,58,
04-16-2020,19:10,60099,120,
04-16-2020,19:10,60101,99,
04-16-2020,19:10,60102,30,
04-16-2020,19:10,60103,35,
04-16-2020,19:10,60104,147,
04-16-2020,19:10,60106,88,
04-16-2020,19:10,60107,65,
04-16-2020,19:10,60108,31,
04-16-2020,19:10,60110,29,
04-16-2020,19:10,60115,20,
04-16-2020,19:10,60118,13,
04-16-2020,19:10,60119,8,
04-16-2020,19:10,60120,58,
04-16-2020,19:10,60123,59,
04-16-2020,19:10,60124,14,
04-16-2020,19:10,60126,69,
04-16-2020,19:10,60130,46,
04-16-2020,19:10,60131,61,
04-16-2020,19:10,60133,73,
04-16-2020,19:10,60134,15,
04-16-2020,19:10,60136,12,
04-16-2020,19:10,60137,33,
04-16-2020,19:10,60139,70,
04-16-2020,19:10,60140,16,
04-16-2020,19:10,60142,17,
04-16-2020,19:10,60143,14,
04-16-2020,19:10,60148,81,
04-16-2020,19:10,60153,112,
04-16-2020,19:10,60154,66,
04-16-2020,19:10,60155,29,
04-16-2020,19:10,60156,20,
04-16-2020,19:10,60160,87,
04-16-2020,19:10,60162,40,
04-16-2020,19:10,60163,11,
04-16-2020,19:10,60164,63,
04-16-2020,19:10,60165,27,
04-16-2020,19:10,60169,35,
04-16-2020,19:10,60171,29,
04-16-2020,19:10,60172,25,
04-16-2020,19:10,60173,10,
04-16-2020,19:10,60174,20,
04-16-2020,19:10,60175,23,
04-16-2020,19:10,60176,19,
04-16-2020,19:10,60177,16,
04-16-2020,19:10,60178,9,
04-16-2020,19:10,60181,65,
04-16-2020,19:10,60185,53,
04-16-2020,19:10,60187,15,
04-16-2020,19:10,60188,96,
04-16-2020,19:10,60189,28,
04-16-2020,19:10,60190,8,
04-16-2020,19:10,60191,17,
04-16-2020,19:10,60192,13,
04-16-2020,19:10,60193,50,
04-16-2020,19:10,60194,25,
04-16-2020,19:10,60201,99,
04-16-2020,19:10,60202,100,
04-16-2020,19:10,60203,14,
04-16-2020,19:10,60301,10,
04-16-2020,19:10,60302,74,
04-16-2020,19:10,60304,28,
04-16-2020,19:10,60305,14,
04-16-2020,19:10,60401,21,
04-16-2020,19:10,60402,210,
04-16-2020,19:10,60403,55,
04-16-2020,19:10,60404,34,
04-16-2020,19:10,60406,74,
04-16-2020,19:10,60409,173,
04-16-2020,19:10,60410,10,
04-16-2020,19:10,60411,241,
04-16-2020,19:10,60415,53,
04-16-2020,19:10,60417,55,
04-16-2020,19:10,60418,28,
04-16-2020,19:10,60419,116,
04-16-2020,19:10,60422,45,
04-16-2020,19:10,60423,58,
04-16-2020,19:10,60425,44,
04-16-2020,19:10,60426,117,
04-16-2020,19:10,60428,69,
04-16-2020,19:10,60429,85,
04-16-2020,19:10,60430,90,
04-16-2020,19:10,60431,70,
04-16-2020,19:10,60432,45,
04-16-2020,19:10,60433,65,
04-16-2020,19:10,60434,19,
04-16-2020,19:10,60435,190,
04-16-2020,19:10,60436,39,
04-16-2020,19:10,60438,104,
04-16-2020,19:10,60439,35,
04-16-2020,19:10,60440,149,
04-16-2020,19:10,60441,75,
04-16-2020,19:10,60442,16,
04-16-2020,19:10,60443,138,
04-16-2020,19:10,60445,40,
04-16-2020,19:10,60446,98,
04-16-2020,19:10,60447,8,
04-16-2020,19:10,60448,37,
04-16-2020,19:10,60449,27,
04-16-2020,19:10,60450,14,
04-16-2020,19:10,60451,39,
04-16-2020,19:10,60452,56,
04-16-2020,19:10,60453,153,
04-16-2020,19:10,60455,66,
04-16-2020,19:10,60456,12,
04-16-2020,19:10,60457,33,
04-16-2020,19:10,60458,22,
04-16-2020,19:10,60459,72,
04-16-2020,19:10,60461,27,
04-16-2020,19:10,60462,77,
04-16-2020,19:10,60463,41,
04-16-2020,19:10,60464,12,
04-16-2020,19:10,60465,43,
04-16-2020,19:10,60466,188,
04-16-2020,19:10,60467,52,
04-16-2020,19:10,60468,9,
04-16-2020,19:10,60469,15,
04-16-2020,19:10,60471,82,
04-16-2020,19:10,60472,33,
04-16-2020,19:10,60473,147,
04-16-2020,19:10,60475,35,
04-16-2020,19:10,60477,62,
04-16-2020,19:10,60478,101,
04-16-2020,19:10,60480,11,
04-16-2020,19:10,60481,7,
04-16-2020,19:10,60482,22,
04-16-2020,19:10,60484,46,
04-16-2020,19:10,60487,41,
04-16-2020,19:10,60490,57,
04-16-2020,19:10,60491,58,
04-16-2020,19:10,60501,24,
04-16-2020,19:10,60502,22,
04-16-2020,19:10,60503,11,
04-16-2020,19:10,60504,44,
04-16-2020,19:10,60505,73,
04-16-2020,19:10,60506,92,
04-16-2020,19:10,60510,15,
04-16-2020,19:10,60513,46,
04-16-2020,19:10,60514,24,
04-16-2020,19:10,60515,25,
04-16-2020,19:10,60516,28,
04-16-2020,19:10,60517,53,
04-16-2020,19:10,60521,25,
04-16-2020,19:10,60523,27,
04-16-2020,19:10,60525,67,
04-16-2020,19:10,60526,20,
04-16-2020,19:10,60527,125,
04-16-2020,19:10,60532,27,
04-16-2020,19:10,60534,19,
04-16-2020,19:10,60538,18,
04-16-2020,19:10,60540,26,
04-16-2020,19:10,60542,15,
04-16-2020,19:10,60543,38,
04-16-2020,19:10,60544,44,
04-16-2020,19:10,60545,9,
04-16-2020,19:10,60546,44,
04-16-2020,19:10,60551,8,
04-16-2020,19:10,60554,8,
04-16-2020,19:10,60555,14,
04-16-2020,19:10,60558,13,
04-16-2020,19:10,60559,58,
04-16-2020,19:10,60560,17,
04-16-2020,19:10,60561,43,
04-16-2020,19:10,60563,38,
04-16-2020,19:10,60564,48,
04-16-2020,19:10,60565,58,
04-16-2020,19:10,60585,32,
04-16-2020,19:10,60586,84,
04-16-2020,19:10,60601,34,
04-16-2020,19:10,60605,66,
04-16-2020,19:10,60606,16,
04-16-2020,19:10,60607,135,
04-16-2020,19:10,60608,316,
04-16-2020,19:10,60609,218,
04-16-2020,19:10,60610,103,
04-16-2020,19:10,60611,71,
04-16-2020,19:10,60612,252,
04-16-2020,19:10,60613,148,
04-16-2020,19:10,60614,176,
04-16-2020,19:10,60615,157,
04-16-2020,19:10,60616,167,
04-16-2020,19:10,60617,323,
04-16-2020,19:10,60618,235,
04-16-2020,19:10,60619,355,
04-16-2020,19:10,60620,427,
04-16-2020,19:10,60621,170,
04-16-2020,19:10,60622,179,
04-16-2020,19:10,60623,383,
04-16-2020,19:10,60624,257,
04-16-2020,19:10,60625,253,
04-16-2020,19:10,60626,203,
04-16-2020,19:10,60628,346,
04-16-2020,19:10,60629,377,
04-16-2020,19:10,60630,146,
04-16-2020,19:10,60631,86,
04-16-2020,19:10,60632,273,
04-16-2020,19:10,60633,39,
04-16-2020,19:10,60634,278,
04-16-2020,19:10,60636,200,
04-16-2020,19:10,60637,200,
04-16-2020,19:10,60638,190,
04-16-2020,19:10,60639,374,
04-16-2020,19:10,60640,199,
04-16-2020,19:10,60641,207,
04-16-2020,19:10,60642,38,
04-16-2020,19:10,60643,294,
04-16-2020,19:10,60644,308,
04-16-2020,19:10,60645,377,
04-16-2020,19:10,60646,70,
04-16-2020,19:10,60647,176,
04-16-2020,19:10,60649,238,
04-16-2020,19:10,60651,302,
04-16-2020,19:10,60652,180,
04-16-2020,19:10,60653,183,
04-16-2020,19:10,60654,48,
04-16-2020,19:10,60655,117,
04-16-2020,19:10,60656,83,
04-16-2020,19:10,60657,150,
04-16-2020,19:10,60659,209,
04-16-2020,19:10,60660,114,
04-16-2020,19:10,60661,19,
04-16-2020,19:10,60706,70,
04-16-2020,19:10,60707,146,
04-16-2020,19:10,60712,69,
04-16-2020,19:10,60714,114,
04-16-2020,19:10,60803,52,
04-16-2020,19:10,60804,288,
04-16-2020,19:10,60805,66,
04-16-2020,19:10,60827,119,
04-16-2020,19:10,60901,152,
04-16-2020,19:10,60914,47,
04-16-2020,19:10,60915,10,
04-16-2020,19:10,60950,15,
04-16-2020,19:10,60954,9,
04-16-2020,19:10,60964,9,
04-16-2020,19:10,61008,12,
04-16-2020,19:10,61016,6,
04-16-2020,19:10,61021,10,
04-16-2020,19:10,61032,7,
04-16-2020,19:10,61068,15,
04-16-2020,19:10,61081,16,
04-16-2020,19:10,61101,11,
04-16-2020,19:10,61102,13,
04-16-2020,19:10,61103,14,
04-16-2020,19:10,61104,8,
04-16-2020,19:10,61107,8,
04-16-2020,19:10,61108,18,
04-16-2020,19:10,61109,14,
04-16-2020,19:10,61114,9,
04-16-2020,19:10,61201,28,
04-16-2020,19:10,61241,9,
04-16-2020,19:10,61244,54,
04-16-2020,19:10,61264,7,
04-16-2020,19:10,61265,44,
04-16-2020,19:10,61282,12,
04-16-2020,19:10,61604,7,
04-16-2020,19:10,61611,7,
04-16-2020,19:10,61614,9,
04-16-2020,19:10,61615,8,
04-16-2020,19:10,61701,30,
04-16-2020,19:10,61704,16,
04-16-2020,19:10,61705,7,
04-16-2020,19:10,61761,18,
04-16-2020,19:10,61764,9,
04-16-2020,19:10,61801,12,
04-16-2020,19:10,61802,15,
04-16-2020,19:10,61820,6,
04-16-2020,19:10,61821,10,
04-16-2020,19:10,61822,23,
04-16-2020,19:10,61853,7,
04-16-2020,19:10,61874,6,
04-16-2020,19:10,61910,6,
04-16-2020,19:10,62002,25,
04-16-2020,19:10,62025,22,
04-16-2020,19:10,62034,8,
04-16-2020,19:10,62035,8,
04-16-2020,19:10,62040,28,
04-16-2020,19:10,62052,7,
04-16-2020,19:10,62060,6,
04-16-2020,19:10,62095,7,
04-16-2020,19:10,62201,8,
04-16-2020,19:10,62203,9,
04-16-2020,19:10,62204,8,
04-16-2020,19:10,62205,7,
04-16-2020,19:10,62206,20,
04-16-2020,19:10,62207,13,
04-16-2020,19:10,62208,18,
04-16-2020,19:10,62220,13,
04-16-2020,19:10,62221,24,
04-16-2020,19:10,62223,19,
04-16-2020,19:10,62226,34,
04-16-2020,19:10,62233,25,
04-16-2020,19:10,62234,15,
04-16-2020,19:10,62236,26,
04-16-2020,19:10,62258,10,
04-16-2020,19:10,62265,7,
04-16-2020,19:10,62269,20,
04-16-2020,19:10,62278,11,
04-16-2020,19:10,62294,10,
04-16-2020,19:10,62298,22,
04-16-2020,19:10,62301,12,
04-16-2020,19:10,62305,12,
04-16-2020,19:10,62471,10,
04-16-2020,19:10,62521,32,
04-16-2020,19:10,62526,7,
04-16-2020,19:10,62568,20,
04-16-2020,19:10,62650,10,
04-16-2020,19:10,62702,12,
04-16-2020,19:10,62703,6,
04-16-2020,19:10,62711,10,
04-16-2020,19:10,62801,31,
04-16-2020,19:10,62864,7,
04-16-2020,19:10,62901,30,
04-16-2020,19:10,62959,7,
04-15-2020,16:16,60002,28,
04-15-2020,16:16,60004,52,
04-15-2020,16:16,60005,33,
04-15-2020,16:16,60007,47,
04-15-2020,16:16,60008,29,
04-15-2020,16:16,60010,28,
04-15-2020,16:16,60012,15,
04-15-2020,16:16,60013,30,
04-15-2020,16:16,60014,31,
04-15-2020,16:16,60015,66,
04-15-2020,16:16,60016,221,
04-15-2020,16:16,60018,74,
04-15-2020,16:16,60020,8,
04-15-2020,16:16,60021,6,
04-15-2020,16:16,60022,15,
04-15-2020,16:16,60025,130,
04-15-2020,16:16,60026,56,
04-15-2020,16:16,60030,36,
04-15-2020,16:16,60031,65,
04-15-2020,16:16,60033,6,
04-15-2020,16:16,60035,91,
04-15-2020,16:16,60040,9,
04-15-2020,16:16,60041,7,
04-15-2020,16:16,60042,7,
04-15-2020,16:16,60043,13,
04-15-2020,16:16,60044,29,
04-15-2020,16:16,60045,72,
04-15-2020,16:16,60046,46,
04-15-2020,16:16,60047,41,
04-15-2020,16:16,60048,41,
04-15-2020,16:16,60050,29,
04-15-2020,16:16,60051,18,
04-15-2020,16:16,60053,72,
04-15-2020,16:16,60056,92,
04-15-2020,16:16,60060,60,
04-15-2020,16:16,60061,36,
04-15-2020,16:16,60062,81,
04-15-2020,16:16,60064,88,
04-15-2020,16:16,60067,26,
04-15-2020,16:16,60068,92,
04-15-2020,16:16,60069,16,
04-15-2020,16:16,60070,21,
04-15-2020,16:16,60073,122,
04-15-2020,16:16,60074,52,
04-15-2020,16:16,60076,150,
04-15-2020,16:16,60077,123,
04-15-2020,16:16,60081,13,
04-15-2020,16:16,60083,18,
04-15-2020,16:16,60084,44,
04-15-2020,16:16,60085,373,
04-15-2020,16:16,60087,106,
04-15-2020,16:16,60088,21,
04-15-2020,16:16,60089,56,
04-15-2020,16:16,60090,79,
04-15-2020,16:16,60091,64,
04-15-2020,16:16,60093,79,
04-15-2020,16:16,60096,7,
04-15-2020,16:16,60097,6,
04-15-2020,16:16,60098,53,
04-15-2020,16:16,60099,118,
04-15-2020,16:16,60101,94,
04-15-2020,16:16,60102,29,
04-15-2020,16:16,60103,33,
04-15-2020,16:16,60104,141,
04-15-2020,16:16,60106,83,
04-15-2020,16:16,60107,58,
04-15-2020,16:16,60108,29,
04-15-2020,16:16,60110,27,
04-15-2020,16:16,60115,19,
04-15-2020,16:16,60118,10,
04-15-2020,16:16,60119,8,
04-15-2020,16:16,60120,54,
04-15-2020,16:16,60123,56,
04-15-2020,16:16,60124,13,
04-15-2020,16:16,60126,68,
04-15-2020,16:16,60130,46,
04-15-2020,16:16,60131,58,
04-15-2020,16:16,60133,65,
04-15-2020,16:16,60134,14,
04-15-2020,16:16,60136,11,
04-15-2020,16:16,60137,32,
04-15-2020,16:16,60139,64,
04-15-2020,16:16,60140,14,
04-15-2020,16:16,60142,17,
04-15-2020,16:16,60143,13,
04-15-2020,16:16,60148,79,
04-15-2020,16:16,60153,106,
04-15-2020,16:16,60154,64,
04-15-2020,16:16,60155,29,
04-15-2020,16:16,60156,20,
04-15-2020,16:16,60160,84,
04-15-2020,16:16,60162,37,
04-15-2020,16:16,60163,11,
04-15-2020,16:16,60164,58,
04-15-2020,16:16,60165,25,
04-15-2020,16:16,60169,33,
04-15-2020,16:16,60171,29,
04-15-2020,16:16,60172,25,
04-15-2020,16:16,60173,9,
04-15-2020,16:16,60174,20,
04-15-2020,16:16,60175,23,
04-15-2020,16:16,60176,19,
04-15-2020,16:16,60177,14,
04-15-2020,16:16,60178,9,
04-15-2020,16:16,60181,64,
04-15-2020,16:16,60185,48,
04-15-2020,16:16,60187,14,
04-15-2020,16:16,60188,88,
04-15-2020,16:16,60189,28,
04-15-2020,16:16,60190,8,
04-15-2020,16:16,60191,16,
04-15-2020,16:16,60192,13,
04-15-2020,16:16,60193,48,
04-15-2020,16:16,60194,25,
04-15-2020,16:16,60201,98,
04-15-2020,16:16,60202,98,
04-15-2020,16:16,60203,14,
04-15-2020,16:16,60301,10,
04-15-2020,16:16,60302,71,
04-15-2020,16:16,60304,28,
04-15-2020,16:16,60305,15,
04-15-2020,16:16,60401,21,
04-15-2020,16:16,60402,192,
04-15-2020,16:16,60403,51,
04-15-2020,16:16,60404,34,
04-15-2020,16:16,60406,71,
04-15-2020,16:16,60409,163,
04-15-2020,16:16,60410,10,
04-15-2020,16:16,60411,230,
04-15-2020,16:16,60415,46,
04-15-2020,16:16,60417,49,
04-15-2020,16:16,60418,26,
04-15-2020,16:16,60419,114,
04-15-2020,16:16,60422,44,
04-15-2020,16:16,60423,55,
04-15-2020,16:16,60425,43,
04-15-2020,16:16,60426,107,
04-15-2020,16:16,60428,66,
04-15-2020,16:16,60429,81,
04-15-2020,16:16,60430,85,
04-15-2020,16:16,60431,66,
04-15-2020,16:16,60432,43,
04-15-2020,16:16,60433,62,
04-15-2020,16:16,60434,18,
04-15-2020,16:16,60435,179,
04-15-2020,16:16,60436,36,
04-15-2020,16:16,60438,102,
04-15-2020,16:16,60439,34,
04-15-2020,16:16,60440,143,
04-15-2020,16:16,60441,74,
04-15-2020,16:16,60442,16,
04-15-2020,16:16,60443,136,
04-15-2020,16:16,60445,38,
04-15-2020,16:16,60446,91,
04-15-2020,16:16,60447,9,
04-15-2020,16:16,60448,37,
04-15-2020,16:16,60449,26,
04-15-2020,16:16,60450,14,
04-15-2020,16:16,60451,39,
04-15-2020,16:16,60452,51,
04-15-2020,16:16,60453,144,
04-15-2020,16:16,60455,64,
04-15-2020,16:16,60456,11,
04-15-2020,16:16,60457,30,
04-15-2020,16:16,60458,17,
04-15-2020,16:16,60459,67,
04-15-2020,16:16,60461,27,
04-15-2020,16:16,60462,75,
04-15-2020,16:16,60463,38,
04-15-2020,16:16,60464,11,
04-15-2020,16:16,60465,40,
04-15-2020,16:16,60466,184,
04-15-2020,16:16,60467,49,
04-15-2020,16:16,60468,9,
04-15-2020,16:16,60469,13,
04-15-2020,16:16,60471,79,
04-15-2020,16:16,60472,32,
04-15-2020,16:16,60473,139,
04-15-2020,16:16,60475,35,
04-15-2020,16:16,60477,60,
04-15-2020,16:16,60478,96,
04-15-2020,16:16,60480,11,
04-15-2020,16:16,60481,7,
04-15-2020,16:16,60482,20,
04-15-2020,16:16,60484,44,
04-15-2020,16:16,60487,41,
04-15-2020,16:16,60490,52,
04-15-2020,16:16,60491,53,
04-15-2020,16:16,60501,24,
04-15-2020,16:16,60502,22,
04-15-2020,16:16,60503,11,
04-15-2020,16:16,60504,39,
04-15-2020,16:16,60505,71,
04-15-2020,16:16,60506,89,
04-15-2020,16:16,60510,13,
04-15-2020,16:16,60513,46,
04-15-2020,16:16,60514,23,
04-15-2020,16:16,60515,23,
04-15-2020,16:16,60516,28,
04-15-2020,16:16,60517,49,
04-15-2020,16:16,60521,25,
04-15-2020,16:16,60523,26,
04-15-2020,16:16,60525,64,
04-15-2020,16:16,60526,19,
04-15-2020,16:16,60527,119,
04-15-2020,16:16,60532,27,
04-15-2020,16:16,60534,17,
04-15-2020,16:16,60538,17,
04-15-2020,16:16,60540,25,
04-15-2020,16:16,60542,13,
04-15-2020,16:16,60543,38,
04-15-2020,16:16,60544,43,
04-15-2020,16:16,60545,9,
04-15-2020,16:16,60546,39,
04-15-2020,16:16,60551,9,
04-15-2020,16:16,60554,8,
04-15-2020,16:16,60555,13,
04-15-2020,16:16,60558,12,
04-15-2020,16:16,60559,53,
04-15-2020,16:16,60560,18,
04-15-2020,16:16,60561,42,
04-15-2020,16:16,60563,38,
04-15-2020,16:16,60564,47,
04-15-2020,16:16,60565,54,
04-15-2020,16:16,60585,31,
04-15-2020,16:16,60586,82,
04-15-2020,16:16,60601,33,
04-15-2020,16:16,60605,60,
04-15-2020,16:16,60606,15,
04-15-2020,16:16,60607,136,
04-15-2020,16:16,60608,305,
04-15-2020,16:16,60609,199,
04-15-2020,16:16,60610,101,
04-15-2020,16:16,60611,69,
04-15-2020,16:16,60612,242,
04-15-2020,16:16,60613,142,
04-15-2020,16:16,60614,172,
04-15-2020,16:16,60615,151,
04-15-2020,16:16,60616,162,
04-15-2020,16:16,60617,316,
04-15-2020,16:16,60618,225,
04-15-2020,16:16,60619,340,
04-15-2020,16:16,60620,411,
04-15-2020,16:16,60621,162,
04-15-2020,16:16,60622,174,
04-15-2020,16:16,60623,350,
04-15-2020,16:16,60624,249,
04-15-2020,16:16,60625,246,
04-15-2020,16:16,60626,191,
04-15-2020,16:16,60628,330,
04-15-2020,16:16,60629,346,
04-15-2020,16:16,60630,143,
04-15-2020,16:16,60631,83,
04-15-2020,16:16,60632,244,
04-15-2020,16:16,60633,35,
04-15-2020,16:16,60634,266,
04-15-2020,16:16,60636,192,
04-15-2020,16:16,60637,193,
04-15-2020,16:16,60638,178,
04-15-2020,16:16,60639,354,
04-15-2020,16:16,60640,181,
04-15-2020,16:16,60641,200,
04-15-2020,16:16,60642,38,
04-15-2020,16:16,60643,287,
04-15-2020,16:16,60644,298,
04-15-2020,16:16,60645,371,
04-15-2020,16:16,60646,65,
04-15-2020,16:16,60647,167,
04-15-2020,16:16,60649,233,
04-15-2020,16:16,60651,293,
04-15-2020,16:16,60652,177,
04-15-2020,16:16,60653,175,
04-15-2020,16:16,60654,46,
04-15-2020,16:16,60655,112,
04-15-2020,16:16,60656,80,
04-15-2020,16:16,60657,149,
04-15-2020,16:16,60659,204,
04-15-2020,16:16,60660,113,
04-15-2020,16:16,60661,19,
04-15-2020,16:16,60706,64,
04-15-2020,16:16,60707,138,
04-15-2020,16:16,60712,67,
04-15-2020,16:16,60714,112,
04-15-2020,16:16,60803,47,
04-15-2020,16:16,60804,266,
04-15-2020,16:16,60805,62,
04-15-2020,16:16,60827,116,
04-15-2020,16:16,60901,134,
04-15-2020,16:16,60914,43,
04-15-2020,16:16,60915,9,
04-15-2020,16:16,60950,14,
04-15-2020,16:16,60954,8,
04-15-2020,16:16,60964,9,
04-15-2020,16:16,61008,10,
04-15-2020,16:16,61021,10,
04-15-2020,16:16,61032,7,
04-15-2020,16:16,61068,14,
04-15-2020,16:16,61081,15,
04-15-2020,16:16,61101,10,
04-15-2020,16:16,61102,12,
04-15-2020,16:16,61103,11,
04-15-2020,16:16,61104,8,
04-15-2020,16:16,61107,9,
04-15-2020,16:16,61108,16,
04-15-2020,16:16,61109,12,
04-15-2020,16:16,61114,9,
04-15-2020,16:16,61201,26,
04-15-2020,16:16,61241,9,
04-15-2020,16:16,61244,47,
04-15-2020,16:16,61264,7,
04-15-2020,16:16,61265,41,
04-15-2020,16:16,61282,12,
04-15-2020,16:16,61604,7,
04-15-2020,16:16,61611,7,
04-15-2020,16:16,61614,8,
04-15-2020,16:16,61615,8,
04-15-2020,16:16,61701,30,
04-15-2020,16:16,61704,16,
04-15-2020,16:16,61705,7,
04-15-2020,16:16,61761,18,
04-15-2020,16:16,61764,9,
04-15-2020,16:16,61801,12,
04-15-2020,16:16,61802,14,
04-15-2020,16:16,61820,6,
04-15-2020,16:16,61821,10,
04-15-2020,16:16,61822,23,
04-15-2020,16:16,61853,7,
04-15-2020,16:16,61874,6,
04-15-2020,16:16,61910,6,
04-15-2020,16:16,62002,20,
04-15-2020,16:16,62025,18,
04-15-2020,16:16,62034,8,
04-15-2020,16:16,62035,6,
04-15-2020,16:16,62040,27,
04-15-2020,16:16,62052,6,
04-15-2020,16:16,62060,7,
04-15-2020,16:16,62095,8,
04-15-2020,16:16,62201,8,
04-15-2020,16:16,62203,8,
04-15-2020,16:16,62204,7,
04-15-2020,16:16,62205,6,
04-15-2020,16:16,62206,18,
04-15-2020,16:16,62207,13,
04-15-2020,16:16,62208,18,
04-15-2020,16:16,62220,12,
04-15-2020,16:16,62221,23,
04-15-2020,16:16,62223,19,
04-15-2020,16:16,62226,32,
04-15-2020,16:16,62233,25,
04-15-2020,16:16,62234,13,
04-15-2020,16:16,62236,26,
04-15-2020,16:16,62258,10,
04-15-2020,16:16,62265,7,
04-15-2020,16:16,62269,19,
04-15-2020,16:16,62278,11,
04-15-2020,16:16,62294,8,
04-15-2020,16:16,62298,21,
04-15-2020,16:16,62301,12,
04-15-2020,16:16,62305,11,
04-15-2020,16:16,62471,10,
04-15-2020,16:16,62521,31,
04-15-2020,16:16,62526,7,
04-15-2020,16:16,62568,21,
04-15-2020,16:16,62650,9,
04-15-2020,16:16,62702,11,
04-15-2020,16:16,62711,9,
04-15-2020,16:16,62801,31,
04-15-2020,16:16,62901,30,
04-15-2020,16:16,62959,7,
04-14-2020,16:14,60002,27,
04-14-2020,16:14,60004,50,
04-14-2020,16:14,60005,33,
04-14-2020,16:14,60007,45,
04-14-2020,16:14,60008,27,
04-14-2020,16:14,60010,28,
04-14-2020,16:14,60012,15,
04-14-2020,16:14,60013,30,
04-14-2020,16:14,60014,29,
04-14-2020,16:14,60015,64,
04-14-2020,16:14,60016,171,
04-14-2020,16:14,60018,67,
04-14-2020,16:14,60020,8,
04-14-2020,16:14,60021,6,
04-14-2020,16:14,60022,15,
04-14-2020,16:14,60025,127,
04-14-2020,16:14,60026,52,
04-14-2020,16:14,60030,32,
04-14-2020,16:14,60031,65,
04-14-2020,16:14,60035,89,
04-14-2020,16:14,60040,8,
04-14-2020,16:14,60042,7,
04-14-2020,16:14,60043,13,
04-14-2020,16:14,60044,29,
04-14-2020,16:14,60045,70,
04-14-2020,16:14,60046,44,
04-14-2020,16:14,60047,36,
04-14-2020,16:14,60048,41,
04-14-2020,16:14,60050,28,
04-14-2020,16:14,60051,18,
04-14-2020,16:14,60053,67,
04-14-2020,16:14,60056,88,
04-14-2020,16:14,60060,54,
04-14-2020,16:14,60061,36,
04-14-2020,16:14,60062,75,
04-14-2020,16:14,60064,81,
04-14-2020,16:14,60067,24,
04-14-2020,16:14,60068,89,
04-14-2020,16:14,60069,16,
04-14-2020,16:14,60070,19,
04-14-2020,16:14,60073,119,
04-14-2020,16:14,60074,49,
04-14-2020,16:14,60076,144,
04-14-2020,16:14,60077,119,
04-14-2020,16:14,60081,13,
04-14-2020,16:14,60083,18,
04-14-2020,16:14,60084,43,
04-14-2020,16:14,60085,344,
04-14-2020,16:14,60087,101,
04-14-2020,16:14,60088,21,
04-14-2020,16:14,60089,55,
04-14-2020,16:14,60090,74,
04-14-2020,16:14,60091,64,
04-14-2020,16:14,60093,76,
04-14-2020,16:14,60096,6,
04-14-2020,16:14,60097,6,
04-14-2020,16:14,60098,50,
04-14-2020,16:14,60099,104,
04-14-2020,16:14,60101,91,
04-14-2020,16:14,60102,29,
04-14-2020,16:14,60103,33,
04-14-2020,16:14,60104,137,
04-14-2020,16:14,60106,75,
04-14-2020,16:14,60107,58,
04-14-2020,16:14,60108,29,
04-14-2020,16:14,60110,24,
04-14-2020,16:14,60115,19,
04-14-2020,16:14,60118,10,
04-14-2020,16:14,60119,8,
04-14-2020,16:14,60120,53,
04-14-2020,16:14,60123,55,
04-14-2020,16:14,60124,13,
04-14-2020,16:14,60126,65,
04-14-2020,16:14,60130,45,
04-14-2020,16:14,60131,55,
04-14-2020,16:14,60133,61,
04-14-2020,16:14,60134,14,
04-14-2020,16:14,60136,11,
04-14-2020,16:14,60137,31,
04-14-2020,16:14,60139,53,
04-14-2020,16:14,60140,12,
04-14-2020,16:14,60142,17,
04-14-2020,16:14,60143,12,
04-14-2020,16:14,60148,77,
04-14-2020,16:14,60153,99,
04-14-2020,16:14,60154,64,
04-14-2020,16:14,60155,29,
04-14-2020,16:14,60156,19,
04-14-2020,16:14,60160,74,
04-14-2020,16:14,60162,35,
04-14-2020,16:14,60163,10,
04-14-2020,16:14,60164,54,
04-14-2020,16:14,60165,23,
04-14-2020,16:14,60169,29,
04-14-2020,16:14,60171,27,
04-14-2020,16:14,60172,25,
04-14-2020,16:14,60173,9,
04-14-2020,16:14,60174,18,
04-14-2020,16:14,60175,23,
04-14-2020,16:14,60176,18,
04-14-2020,16:14,60177,12,
04-14-2020,16:14,60178,9,
04-14-2020,16:14,60181,63,
04-14-2020,16:14,60185,47,
04-14-2020,16:14,60187,9,
04-14-2020,16:14,60188,82,
04-14-2020,16:14,60189,27,
04-14-2020,16:14,60190,7,
04-14-2020,16:14,60191,16,
04-14-2020,16:14,60192,12,
04-14-2020,16:14,60193,46,
04-14-2020,16:14,60194,24,
04-14-2020,16:14,60201,97,
04-14-2020,16:14,60202,87,
04-14-2020,16:14,60203,14,
04-14-2020,16:14,60301,10,
04-14-2020,16:14,60302,71,
04-14-2020,16:14,60304,26,
04-14-2020,16:14,60305,14,
04-14-2020,16:14,60401,19,
04-14-2020,16:14,60402,183,
04-14-2020,16:14,60403,50,
04-14-2020,16:14,60404,33,
04-14-2020,16:14,60406,67,
04-14-2020,16:14,60409,155,
04-14-2020,16:14,60410,10,
04-14-2020,16:14,60411,221,
04-14-2020,16:14,60415,45,
04-14-2020,16:14,60417,48,
04-14-2020,16:14,60418,26,
04-14-2020,16:14,60419,109,
04-14-2020,16:14,60422,43,
04-14-2020,16:14,60423,55,
04-14-2020,16:14,60425,43,
04-14-2020,16:14,60426,103,
04-14-2020,16:14,60428,65,
04-14-2020,16:14,60429,81,
04-14-2020,16:14,60430,82,
04-14-2020,16:14,60431,64,
04-14-2020,16:14,60432,44,
04-14-2020,16:14,60433,58,
04-14-2020,16:14,60434,18,
04-14-2020,16:14,60435,172,
04-14-2020,16:14,60436,36,
04-14-2020,16:14,60438,96,
04-14-2020,16:14,60439,32,
04-14-2020,16:14,60440,124,
04-14-2020,16:14,60441,72,
04-14-2020,16:14,60442,16,
04-14-2020,16:14,60443,129,
04-14-2020,16:14,60445,34,
04-14-2020,16:14,60446,86,
04-14-2020,16:14,60447,7,
04-14-2020,16:14,60448,35,
04-14-2020,16:14,60449,25,
04-14-2020,16:14,60450,14,
04-14-2020,16:14,60451,36,
04-14-2020,16:14,60452,49,
04-14-2020,16:14,60453,139,
04-14-2020,16:14,60455,63,
04-14-2020,16:14,60456,9,
04-14-2020,16:14,60457,28,
04-14-2020,16:14,60458,17,
04-14-2020,16:14,60459,63,
04-14-2020,16:14,60461,27,
04-14-2020,16:14,60462,73,
04-14-2020,16:14,60463,39,
04-14-2020,16:14,60464,11,
04-14-2020,16:14,60465,37,
04-14-2020,16:14,60466,163,
04-14-2020,16:14,60467,49,
04-14-2020,16:14,60468,9,
04-14-2020,16:14,60469,12,
04-14-2020,16:14,60471,72,
04-14-2020,16:14,60472,32,
04-14-2020,16:14,60473,127,
04-14-2020,16:14,60475,35,
04-14-2020,16:14,60477,55,
04-14-2020,16:14,60478,92,
04-14-2020,16:14,60480,11,
04-14-2020,16:14,60481,7,
04-14-2020,16:14,60482,16,
04-14-2020,16:14,60484,44,
04-14-2020,16:14,60487,39,
04-14-2020,16:14,60490,51,
04-14-2020,16:14,60491,49,
04-14-2020,16:14,60501,22,
04-14-2020,16:14,60502,21,
04-14-2020,16:14,60503,11,
04-14-2020,16:14,60504,36,
04-14-2020,16:14,60505,67,
04-14-2020,16:14,60506,88,
04-14-2020,16:14,60510,12,
04-14-2020,16:14,60513,41,
04-14-2020,16:14,60514,21,
04-14-2020,16:14,60515,22,
04-14-2020,16:14,60516,28,
04-14-2020,16:14,60517,47,
04-14-2020,16:14,60521,23,
04-14-2020,16:14,60523,26,
04-14-2020,16:14,60525,60,
04-14-2020,16:14,60526,18,
04-14-2020,16:14,60527,107,
04-14-2020,16:14,60532,27,
04-14-2020,16:14,60534,17,
04-14-2020,16:14,60538,17,
04-14-2020,16:14,60540,24,
04-14-2020,16:14,60542,14,
04-14-2020,16:14,60543,38,
04-14-2020,16:14,60544,42,
04-14-2020,16:14,60545,9,
04-14-2020,16:14,60546,39,
04-14-2020,16:14,60551,8,
04-14-2020,16:14,60554,8,
04-14-2020,16:14,60555,10,
04-14-2020,16:14,60558,11,
04-14-2020,16:14,60559,51,
04-14-2020,16:14,60560,17,
04-14-2020,16:14,60561,42,
04-14-2020,16:14,60563,35,
04-14-2020,16:14,60564,44,
04-14-2020,16:14,60565,53,
04-14-2020,16:14,60585,29,
04-14-2020,16:14,60586,80,
04-14-2020,16:14,60601,33,
04-14-2020,16:14,60605,58,
04-14-2020,16:14,60606,15,
04-14-2020,16:14,60607,134,
04-14-2020,16:14,60608,276,
04-14-2020,16:14,60609,186,
04-14-2020,16:14,60610,97,
04-14-2020,16:14,60611,65,
04-14-2020,16:14,60612,230,
04-14-2020,16:14,60613,140,
04-14-2020,16:14,60614,167,
04-14-2020,16:14,60615,144,
04-14-2020,16:14,60616,150,
04-14-2020,16:14,60617,301,
04-14-2020,16:14,60618,218,
04-14-2020,16:14,60619,335,
04-14-2020,16:14,60620,396,
04-14-2020,16:14,60621,152,
04-14-2020,16:14,60622,168,
04-14-2020,16:14,60623,315,
04-14-2020,16:14,60624,228,
04-14-2020,16:14,60625,225,
04-14-2020,16:14,60626,173,
04-14-2020,16:14,60628,315,
04-14-2020,16:14,60629,320,
04-14-2020,16:14,60630,132,
04-14-2020,16:14,60631,83,
04-14-2020,16:14,60632,214,
04-14-2020,16:14,60633,33,
04-14-2020,16:14,60634,251,
04-14-2020,16:14,60636,182,
04-14-2020,16:14,60637,185,
04-14-2020,16:14,60638,167,
04-14-2020,16:14,60639,306,
04-14-2020,16:14,60640,172,
04-14-2020,16:14,60641,189,
04-14-2020,16:14,60642,36,
04-14-2020,16:14,60643,276,
04-14-2020,16:14,60644,287,
04-14-2020,16:14,60645,360,
04-14-2020,16:14,60646,65,
04-14-2020,16:14,60647,157,
04-14-2020,16:14,60649,222,
04-14-2020,16:14,60651,277,
04-14-2020,16:14,60652,168,
04-14-2020,16:14,60653,167,
04-14-2020,16:14,60654,46,
04-14-2020,16:14,60655,109,
04-14-2020,16:14,60656,76,
04-14-2020,16:14,60657,148,
04-14-2020,16:14,60659,197,
04-14-2020,16:14,60660,110,
04-14-2020,16:14,60661,18,
04-14-2020,16:14,60706,60,
04-14-2020,16:14,60707,127,
04-14-2020,16:14,60712,64,
04-14-2020,16:14,60714,102,
04-14-2020,16:14,60803,45,
04-14-2020,16:14,60804,255,
04-14-2020,16:14,60805,59,
04-14-2020,16:14,60827,113,
04-14-2020,16:14,60901,130,
04-14-2020,16:14,60914,41,
04-14-2020,16:14,60915,7,
04-14-2020,16:14,60950,16,
04-14-2020,16:14,60954,8,
04-14-2020,16:14,60964,9,
04-14-2020,16:14,61008,7,
04-14-2020,16:14,61021,9,
04-14-2020,16:14,61032,7,
04-14-2020,16:14,61068,14,
04-14-2020,16:14,61081,15,
04-14-2020,16:14,61101,8,
04-14-2020,16:14,61102,11,
04-14-2020,16:14,61103,11,
04-14-2020,16:14,61104,6,
04-14-2020,16:14,61107,7,
04-14-2020,16:14,61108,14,
04-14-2020,16:14,61109,12,
04-14-2020,16:14,61114,7,
04-14-2020,16:14,61201,22,
04-14-2020,16:14,61241,8,
04-14-2020,16:14,61244,37,
04-14-2020,16:14,61264,6,
04-14-2020,16:14,61265,36,
04-14-2020,16:14,61282,9,
04-14-2020,16:14,61604,7,
04-14-2020,16:14,61611,7,
04-14-2020,16:14,61614,7,
04-14-2020,16:14,61615,8,
04-14-2020,16:14,61701,30,
04-14-2020,16:14,61704,16,
04-14-2020,16:14,61705,7,
04-14-2020,16:14,61761,17,
04-14-2020,16:14,61764,9,
04-14-2020,16:14,61801,11,
04-14-2020,16:14,61802,14,
04-14-2020,16:14,61820,6,
04-14-2020,16:14,61821,10,
04-14-2020,16:14,61822,23,
04-14-2020,16:14,61853,7,
04-14-2020,16:14,61874,6,
04-14-2020,16:14,61910,6,
04-14-2020,16:14,62002,20,
04-14-2020,16:14,62025,18,
04-14-2020,16:14,62034,8,
04-14-2020,16:14,62035,6,
04-14-2020,16:14,62040,27,
04-14-2020,16:14,62060,7,
04-14-2020,16:14,62095,6,
04-14-2020,16:14,62201,8,
04-14-2020,16:14,62203,8,
04-14-2020,16:14,62204,7,
04-14-2020,16:14,62206,17,
04-14-2020,16:14,62207,14,
04-14-2020,16:14,62208,18,
04-14-2020,16:14,62220,11,
04-14-2020,16:14,62221,22,
04-14-2020,16:14,62223,18,
04-14-2020,16:14,62226,32,
04-14-2020,16:14,62233,22,
04-14-2020,16:14,62234,13,
04-14-2020,16:14,62236,24,
04-14-2020,16:14,62258,9,
04-14-2020,16:14,62265,7,
04-14-2020,16:14,62269,20,
04-14-2020,16:14,62278,10,
04-14-2020,16:14,62294,7,
04-14-2020,16:14,62298,21,
04-14-2020,16:14,62301,12,
04-14-2020,16:14,62305,11,
04-14-2020,16:14,62471,10,
04-14-2020,16:14,62521,31,
04-14-2020,16:14,62526,8,
04-14-2020,16:14,62568,21,
04-14-2020,16:14,62650,10,
04-14-2020,16:14,62702,12,
04-14-2020,16:14,62711,8,
04-14-2020,16:14,62801,30,
04-14-2020,16:14,62901,27,
04-14-2020,16:14,62959,6,
04-14-2020,12:50,60002,26,
04-14-2020,12:50,60004,88,
04-14-2020,12:50,60005,32,
04-14-2020,12:50,60007,45,
04-14-2020,12:50,60008,25,
04-14-2020,12:50,60010,24,
04-14-2020,12:50,60012,14,
04-14-2020,12:50,60013,29,
04-14-2020,12:50,60014,27,
04-14-2020,12:50,60015,61,
04-14-2020,12:50,60016,160,
04-14-2020,12:50,60018,61,
04-14-2020,12:50,60020,8,
04-14-2020,12:50,60021,6,
04-14-2020,12:50,60022,15,
04-14-2020,12:50,60025,123,
04-14-2020,12:50,60026,51,
04-14-2020,12:50,60030,30,
04-14-2020,12:50,60031,59,
04-14-2020,12:50,60035,83,
04-14-2020,12:50,60040,6,
04-14-2020,12:50,60042,7,
04-14-2020,12:50,60043,13,
04-14-2020,12:50,60044,28,
04-14-2020,12:50,60045,67,
04-14-2020,12:50,60046,41,
04-14-2020,12:50,60047,34,
04-14-2020,12:50,60048,40,
04-14-2020,12:50,60050,26,
04-14-2020,12:50,60051,18,
04-14-2020,12:50,60053,63,
04-14-2020,12:50,60056,80,
04-14-2020,12:50,60060,52,
04-14-2020,12:50,60061,33,
04-14-2020,12:50,60062,75,
04-14-2020,12:50,60064,74,
04-14-2020,12:50,60067,23,
04-14-2020,12:50,60068,85,
04-14-2020,12:50,60069,16,
04-14-2020,12:50,60070,16,
04-14-2020,12:50,60073,113,
04-14-2020,12:50,60074,47,
04-14-2020,12:50,60076,136,
04-14-2020,12:50,60077,116,
04-14-2020,12:50,60081,13,
04-14-2020,12:50,60083,18,
04-14-2020,12:50,60084,38,
04-14-2020,12:50,60085,310,
04-14-2020,12:50,60087,94,
04-14-2020,12:50,60088,17,
04-14-2020,12:50,60089,53,
04-14-2020,12:50,60090,71,
04-14-2020,12:50,60091,63,
04-14-2020,12:50,60093,75,
04-14-2020,12:50,60098,45,
04-14-2020,12:50,60099,95,
04-14-2020,12:50,60101,84,
04-14-2020,12:50,60102,29,
04-14-2020,12:50,60103,32,
04-14-2020,12:50,60104,133,
04-14-2020,12:50,60106,70,
04-14-2020,12:50,60107,56,
04-14-2020,12:50,60108,26,
04-14-2020,12:50,60110,18,
04-14-2020,12:50,60115,19,
04-14-2020,12:50,60118,10,
04-14-2020,12:50,60119,8,
04-14-2020,12:50,60120,51,
04-14-2020,12:50,60123,50,
04-14-2020,12:50,60124,13,
04-14-2020,12:50,60126,59,
04-14-2020,12:50,60130,44,
04-14-2020,12:50,60131,48,
04-14-2020,12:50,60133,56,
04-14-2020,12:50,60134,14,
04-14-2020,12:50,60136,11,
04-14-2020,12:50,60137,31,
04-14-2020,12:50,60139,51,
04-14-2020,12:50,60140,12,
04-14-2020,12:50,60142,17,
04-14-2020,12:50,60143,12,
04-14-2020,12:50,60148,70,
04-14-2020,12:50,60153,96,
04-14-2020,12:50,60154,64,
04-14-2020,12:50,60155,28,
04-14-2020,12:50,60156,19,
04-14-2020,12:50,60160,66,
04-14-2020,12:50,60162,30,
04-14-2020,12:50,60163,10,
04-14-2020,12:50,60164,48,
04-14-2020,12:50,60165,19,
04-14-2020,12:50,60169,28,
04-14-2020,12:50,60171,26,
04-14-2020,12:50,60172,25,
04-14-2020,12:50,60173,8,
04-14-2020,12:50,60174,17,
04-14-2020,12:50,60175,22,
04-14-2020,12:50,60176,18,
04-14-2020,12:50,60177,12,
04-14-2020,12:50,60178,9,
04-14-2020,12:50,60181,60,
04-14-2020,12:50,60185,43,
04-14-2020,12:50,60187,9,
04-14-2020,12:50,60188,72,
04-14-2020,12:50,60189,26,
04-14-2020,12:50,60191,12,
04-14-2020,12:50,60192,11,
04-14-2020,12:50,60193,44,
04-14-2020,12:50,60194,24,
04-14-2020,12:50,60201,94,
04-14-2020,12:50,60202,80,
04-14-2020,12:50,60203,14,
04-14-2020,12:50,60301,10,
04-14-2020,12:50,60302,67,
04-14-2020,12:50,60304,23,
04-14-2020,12:50,60305,11,
04-14-2020,12:50,60401,20,
04-14-2020,12:50,60402,176,
04-14-2020,12:50,60403,48,
04-14-2020,12:50,60404,31,
04-14-2020,12:50,60406,65,
04-14-2020,12:50,60409,151,
04-14-2020,12:50,60410,10,
04-14-2020,12:50,60411,213,
04-14-2020,12:50,60415,40,
04-14-2020,12:50,60417,47,
04-14-2020,12:50,60418,22,
04-14-2020,12:50,60419,107,
04-14-2020,12:50,60422,43,
04-14-2020,12:50,60423,55,
04-14-2020,12:50,60425,43,
04-14-2020,12:50,60426,99,
04-14-2020,12:50,60428,62,
04-14-2020,12:50,60429,81,
04-14-2020,12:50,60430,75,
04-14-2020,12:50,60431,58,
04-14-2020,12:50,60432,43,
04-14-2020,12:50,60433,56,
04-14-2020,12:50,60434,18,
04-14-2020,12:50,60435,162,
04-14-2020,12:50,60436,34,
04-14-2020,12:50,60438,91,
04-14-2020,12:50,60439,32,
04-14-2020,12:50,60440,111,
04-14-2020,12:50,60441,69,
04-14-2020,12:50,60442,16,
04-14-2020,12:50,60443,124,
04-14-2020,12:50,60445,33,
04-14-2020,12:50,60446,82,
04-14-2020,12:50,60447,6,
04-14-2020,12:50,60448,34,
04-14-2020,12:50,60449,23,
04-14-2020,12:50,60450,13,
04-14-2020,12:50,60451,36,
04-14-2020,12:50,60452,45,
04-14-2020,12:50,60453,129,
04-14-2020,12:50,60455,62,
04-14-2020,12:50,60456,8,
04-14-2020,12:50,60457,27,
04-14-2020,12:50,60458,17,
04-14-2020,12:50,60459,59,
04-14-2020,12:50,60461,27,
04-14-2020,12:50,60462,72,
04-14-2020,12:50,60463,37,
04-14-2020,12:50,60464,11,
04-14-2020,12:50,60465,35,
04-14-2020,12:50,60466,156,
04-14-2020,12:50,60467,48,
04-14-2020,12:50,60468,8,
04-14-2020,12:50,60469,11,
04-14-2020,12:50,60471,71,
04-14-2020,12:50,60472,27,
04-14-2020,12:50,60473,122,
04-14-2020,12:50,60475,34,
04-14-2020,12:50,60477,51,
04-14-2020,12:50,60478,90,
04-14-2020,12:50,60480,8,
04-14-2020,12:50,60482,16,
04-14-2020,12:50,60484,41,
04-14-2020,12:50,60487,38,
04-14-2020,12:50,60490,51,
04-14-2020,12:50,60491,47,
04-14-2020,12:50,60501,18,
04-14-2020,12:50,60502,20,
04-14-2020,12:50,60503,10,
04-14-2020,12:50,60504,36,
04-14-2020,12:50,60505,65,
04-14-2020,12:50,60506,84,
04-14-2020,12:50,60510,12,
04-14-2020,12:50,60513,36,
04-14-2020,12:50,60514,21,
04-14-2020,12:50,60515,22,
04-14-2020,12:50,60516,28,
04-14-2020,12:50,60517,43,
04-14-2020,12:50,60521,22,
04-14-2020,12:50,60523,26,
04-14-2020,12:50,60525,57,
04-14-2020,12:50,60526,16,
04-14-2020,12:50,60527,102,
04-14-2020,12:50,60532,27,
04-14-2020,12:50,60534,17,
04-14-2020,12:50,60538,17,
04-14-2020,12:50,60540,21,
04-14-2020,12:50,60542,14,
04-14-2020,12:50,60543,38,
04-14-2020,12:50,60544,40,
04-14-2020,12:50,60545,9,
04-14-2020,12:50,60546,36,
04-14-2020,12:50,60551,8,
04-14-2020,12:50,60554,7,
04-14-2020,12:50,60555,9,
04-14-2020,12:50,60558,11,
04-14-2020,12:50,60559,47,
04-14-2020,12:50,60560,17,
04-14-2020,12:50,60561,41,
04-14-2020,12:50,60563,35,
04-14-2020,12:50,60564,42,
04-14-2020,12:50,60565,51,
04-14-2020,12:50,60585,28,
04-14-2020,12:50,60586,78,
04-14-2020,12:50,60601,33,
04-14-2020,12:50,60605,54,
04-14-2020,12:50,60606,13,
04-14-2020,12:50,60607,91,
04-14-2020,12:50,60608,262,
04-14-2020,12:50,60609,177,
04-14-2020,12:50,60610,94,
04-14-2020,12:50,60611,63,
04-14-2020,12:50,60612,227,
04-14-2020,12:50,60613,136,
04-14-2020,12:50,60614,157,
04-14-2020,12:50,60615,137,
04-14-2020,12:50,60616,142,
04-14-2020,12:50,60617,285,
04-14-2020,12:50,60618,198,
04-14-2020,12:50,60619,318,
04-14-2020,12:50,60620,376,
04-14-2020,12:50,60621,139,
04-14-2020,12:50,60622,163,
04-14-2020,12:50,60623,297,
04-14-2020,12:50,60624,223,
04-14-2020,12:50,60625,203,
04-14-2020,12:50,60626,160,
04-14-2020,12:50,60628,298,
04-14-2020,12:50,60629,284,
04-14-2020,12:50,60630,126,
04-14-2020,12:50,60631,80,
04-14-2020,12:50,60632,193,
04-14-2020,12:50,60633,33,
04-14-2020,12:50,60634,239,
04-14-2020,12:50,60636,176,
04-14-2020,12:50,60637,172,
04-14-2020,12:50,60638,158,
04-14-2020,12:50,60639,276,
04-14-2020,12:50,60640,159,
04-14-2020,12:50,60641,171,
04-14-2020,12:50,60642,35,
04-14-2020,12:50,60643,265,
04-14-2020,12:50,60644,277,
04-14-2020,12:50,60645,339,
04-14-2020,12:50,60646,62,
04-14-2020,12:50,60647,149,
04-14-2020,12:50,60649,210,
04-14-2020,12:50,60651,261,
04-14-2020,12:50,60652,161,
04-14-2020,12:50,60653,159,
04-14-2020,12:50,60654,45,
04-14-2020,12:50,60655,105,
04-14-2020,12:50,60656,69,
04-14-2020,12:50,60657,145,
04-14-2020,12:50,60659,185,
04-14-2020,12:50,60660,108,
04-14-2020,12:50,60661,18,
04-14-2020,12:50,60706,57,
04-14-2020,12:50,60707,118,
04-14-2020,12:50,60712,60,
04-14-2020,12:50,60714,93,
04-14-2020,12:50,60803,42,
04-14-2020,12:50,60804,228,
04-14-2020,12:50,60805,59,
04-14-2020,12:50,60827,105,
04-14-2020,12:50,60901,124,
04-14-2020,12:50,60914,39,
04-14-2020,12:50,60915,7,
04-14-2020,12:50,60950,14,
04-14-2020,12:50,60954,8,
04-14-2020,12:50,60964,9,
04-14-2020,12:50,61008,7,
04-14-2020,12:50,61021,9,
04-14-2020,12:50,61032,6,
04-14-2020,12:50,61068,14,
04-14-2020,12:50,61081,13,
04-14-2020,12:50,61101,8,
04-14-2020,12:50,61102,11,
04-14-2020,12:50,61103,10,
04-14-2020,12:50,61104,6,
04-14-2020,12:50,61107,7,
04-14-2020,12:50,61108,13,
04-14-2020,12:50,61109,12,
04-14-2020,12:50,61114,7,
04-14-2020,12:50,61201,21,
04-14-2020,12:50,61241,8,
04-14-2020,12:50,61244,36,
04-14-2020,12:50,61264,6,
04-14-2020,12:50,61265,32,
04-14-2020,12:50,61282,8,
04-14-2020,12:50,61611,7,
04-14-2020,12:50,61614,7,
04-14-2020,12:50,61615,9,
04-14-2020,12:50,61701,29,
04-14-2020,12:50,61704,15,
04-14-2020,12:50,61705,7,
04-14-2020,12:50,61761,17,
04-14-2020,12:50,61764,9,
04-14-2020,12:50,61801,11,
04-14-2020,12:50,61802,14,
04-14-2020,12:50,61821,11,
04-14-2020,12:50,61822,23,
04-14-2020,12:50,61853,7,
04-14-2020,12:50,61874,6,
04-14-2020,12:50,61910,6,
04-14-2020,12:50,62002,18,
04-14-2020,12:50,62025,16,
04-14-2020,12:50,62034,8,
04-14-2020,12:50,62035,6,
04-14-2020,12:50,62040,24,
04-14-2020,12:50,62060,6,
04-14-2020,12:50,62201,7,
04-14-2020,12:50,62203,7,
04-14-2020,12:50,62204,6,
04-14-2020,12:50,62206,16,
04-14-2020,12:50,62207,9,
04-14-2020,12:50,62208,15,
04-14-2020,12:50,62220,10,
04-14-2020,12:50,62221,21,
04-14-2020,12:50,62223,15,
04-14-2020,12:50,62226,30,
04-14-2020,12:50,62233,22,
04-14-2020,12:50,62234,12,
04-14-2020,12:50,62236,23,
04-14-2020,12:50,62258,9,
04-14-2020,12:50,62265,7,
04-14-2020,12:50,62269,18,
04-14-2020,12:50,62278,8,
04-14-2020,12:50,62298,20,
04-14-2020,12:50,62301,10,
04-14-2020,12:50,62305,11,
04-14-2020,12:50,62471,10,
04-14-2020,12:50,62521,28,
04-14-2020,12:50,62526,7,
04-14-2020,12:50,62568,21,
04-14-2020,12:50,62650,10,
04-14-2020,12:50,62702,11,
04-14-2020,12:50,62711,8,
04-14-2020,12:50,62801,29,
04-14-2020,12:50,62901,27,
04-14-2020,12:50,62959,6,
04-13-2020,12:00,60002,26,
04-13-2020,12:00,60004,88,
04-13-2020,12:00,60005,32,
04-13-2020,12:00,60007,45,
04-13-2020,12:00,60008,25,
04-13-2020,12:00,60010,24,
04-13-2020,12:00,60012,14,
04-13-2020,12:00,60013,29,
04-13-2020,12:00,60014,27,
04-13-2020,12:00,60015,61,
04-13-2020,12:00,60016,160,
04-13-2020,12:00,60018,61,
04-13-2020,12:00,60020,8,
04-13-2020,12:00,60021,6,
04-13-2020,12:00,60022,15,
04-13-2020,12:00,60025,123,
04-13-2020,12:00,60026,51,
04-13-2020,12:00,60030,30,
04-13-2020,12:00,60031,59,
04-13-2020,12:00,60035,83,
04-13-2020,12:00,60040,6,
04-13-2020,12:00,60042,7,
04-13-2020,12:00,60043,13,
04-13-2020,12:00,60044,28,
04-13-2020,12:00,60045,67,
04-13-2020,12:00,60046,41,
04-13-2020,12:00,60047,34,
04-13-2020,12:00,60048,40,
04-13-2020,12:00,60050,26,
04-13-2020,12:00,60051,18,
04-13-2020,12:00,60053,63,
04-13-2020,12:00,60056,80,
04-13-2020,12:00,60060,52,
04-13-2020,12:00,60061,33,
04-13-2020,12:00,60062,75,
04-13-2020,12:00,60064,74,
04-13-2020,12:00,60067,23,
04-13-2020,12:00,60068,85,
04-13-2020,12:00,60069,16,
04-13-2020,12:00,60070,16,
04-13-2020,12:00,60073,113,
04-13-2020,12:00,60074,47,
04-13-2020,12:00,60076,136,
04-13-2020,12:00,60077,116,
04-13-2020,12:00,60081,13,
04-13-2020,12:00,60083,18,
04-13-2020,12:00,60084,38,
04-13-2020,12:00,60085,310,
04-13-2020,12:00,60087,94,
04-13-2020,12:00,60088,17,
04-13-2020,12:00,60089,53,
04-13-2020,12:00,60090,71,
04-13-2020,12:00,60091,63,
04-13-2020,12:00,60093,75,
04-13-2020,12:00,60098,45,
04-13-2020,12:00,60099,95,
04-13-2020,12:00,60101,84,
04-13-2020,12:00,60102,29,
04-13-2020,12:00,60103,32,
04-13-2020,12:00,60104,133,
04-13-2020,12:00,60106,70,
04-13-2020,12:00,60107,56,
04-13-2020,12:00,60108,26,
04-13-2020,12:00,60110,18,
04-13-2020,12:00,60115,19,
04-13-2020,12:00,60118,10,
04-13-2020,12:00,60119,8,
04-13-2020,12:00,60120,51,
04-13-2020,12:00,60123,50,
04-13-2020,12:00,60124,13,
04-13-2020,12:00,60126,59,
04-13-2020,12:00,60130,44,
04-13-2020,12:00,60131,48,
04-13-2020,12:00,60133,56,
04-13-2020,12:00,60134,14,
04-13-2020,12:00,60136,11,
04-13-2020,12:00,60137,31,
04-13-2020,12:00,60139,51,
04-13-2020,12:00,60140,12,
04-13-2020,12:00,60142,17,
04-13-2020,12:00,60143,12,
04-13-2020,12:00,60148,70,
04-13-2020,12:00,60153,96,
04-13-2020,12:00,60154,64,
04-13-2020,12:00,60155,28,
04-13-2020,12:00,60156,19,
04-13-2020,12:00,60160,66,
04-13-2020,12:00,60162,30,
04-13-2020,12:00,60163,10,
04-13-2020,12:00,60164,48,
04-13-2020,12:00,60165,19,
04-13-2020,12:00,60169,28,
04-13-2020,12:00,60171,26,
04-13-2020,12:00,60172,25,
04-13-2020,12:00,60173,8,
04-13-2020,12:00,60174,17,
04-13-2020,12:00,60175,22,
04-13-2020,12:00,60176,18,
04-13-2020,12:00,60177,12,
04-13-2020,12:00,60178,9,
04-13-2020,12:00,60181,60,
04-13-2020,12:00,60185,43,
04-13-2020,12:00,60187,9,
04-13-2020,12:00,60188,72,
04-13-2020,12:00,60189,26,
04-13-2020,12:00,60191,12,
04-13-2020,12:00,60192,11,
04-13-2020,12:00,60193,44,
04-13-2020,12:00,60194,24,
04-13-2020,12:00,60201,94,
04-13-2020,12:00,60202,80,
04-13-2020,12:00,60203,14,
04-13-2020,12:00,60301,10,
04-13-2020,12:00,60302,67,
04-13-2020,12:00,60304,23,
04-13-2020,12:00,60305,11,
04-13-2020,12:00,60401,20,
04-13-2020,12:00,60402,176,
04-13-2020,12:00,60403,48,
04-13-2020,12:00,60404,31,
04-13-2020,12:00,60406,65,
04-13-2020,12:00,60409,151,
04-13-2020,12:00,60410,10,
04-13-2020,12:00,60411,213,
04-13-2020,12:00,60415,40,
04-13-2020,12:00,60417,47,
04-13-2020,12:00,60418,22,
04-13-2020,12:00,60419,107,
04-13-2020,12:00,60422,43,
04-13-2020,12:00,60423,55,
04-13-2020,12:00,60425,43,
04-13-2020,12:00,60426,99,
04-13-2020,12:00,60428,62,
04-13-2020,12:00,60429,81,
04-13-2020,12:00,60430,75,
04-13-2020,12:00,60431,58,
04-13-2020,12:00,60432,43,
04-13-2020,12:00,60433,56,
04-13-2020,12:00,60434,18,
04-13-2020,12:00,60435,162,
04-13-2020,12:00,60436,34,
04-13-2020,12:00,60438,91,
04-13-2020,12:00,60439,32,
04-13-2020,12:00,60440,111,
04-13-2020,12:00,60441,69,
04-13-2020,12:00,60442,16,
04-13-2020,12:00,60443,124,
04-13-2020,12:00,60445,33,
04-13-2020,12:00,60446,82,
04-13-2020,12:00,60447,6,
04-13-2020,12:00,60448,34,
04-13-2020,12:00,60449,23,
04-13-2020,12:00,60450,13,
04-13-2020,12:00,60451,36,
04-13-2020,12:00,60452,45,
04-13-2020,12:00,60453,129,
04-13-2020,12:00,60455,62,
04-13-2020,12:00,60456,8,
04-13-2020,12:00,60457,27,
04-13-2020,12:00,60458,17,
04-13-2020,12:00,60459,59,
04-13-2020,12:00,60461,27,
04-13-2020,12:00,60462,72,
04-13-2020,12:00,60463,37,
04-13-2020,12:00,60464,11,
04-13-2020,12:00,60465,35,
04-13-2020,12:00,60466,156,
04-13-2020,12:00,60467,48,
04-13-2020,12:00,60468,8,
04-13-2020,12:00,60469,11,
04-13-2020,12:00,60471,71,
04-13-2020,12:00,60472,27,
04-13-2020,12:00,60473,122,
04-13-2020,12:00,60475,34,
04-13-2020,12:00,60477,51,
04-13-2020,12:00,60478,90,
04-13-2020,12:00,60480,8,
04-13-2020,12:00,60482,16,
04-13-2020,12:00,60484,41,
04-13-2020,12:00,60487,38,
04-13-2020,12:00,60490,51,
04-13-2020,12:00,60491,47,
04-13-2020,12:00,60501,18,
04-13-2020,12:00,60502,20,
04-13-2020,12:00,60503,10,
04-13-2020,12:00,60504,36,
04-13-2020,12:00,60505,65,
04-13-2020,12:00,60506,84,
04-13-2020,12:00,60510,12,
04-13-2020,12:00,60513,36,
04-13-2020,12:00,60514,21,
04-13-2020,12:00,60515,22,
04-13-2020,12:00,60516,28,
04-13-2020,12:00,60517,43,
04-13-2020,12:00,60521,22,
04-13-2020,12:00,60523,26,
04-13-2020,12:00,60525,57,
04-13-2020,12:00,60526,16,
04-13-2020,12:00,60527,102,
04-13-2020,12:00,60532,27,
04-13-2020,12:00,60534,17,
04-13-2020,12:00,60538,17,
04-13-2020,12:00,60540,21,
04-13-2020,12:00,60542,14,
04-13-2020,12:00,60543,38,
04-13-2020,12:00,60544,40,
04-13-2020,12:00,60545,9,
04-13-2020,12:00,60546,36,
04-13-2020,12:00,60551,8,
04-13-2020,12:00,60554,7,
04-13-2020,12:00,60555,9,
04-13-2020,12:00,60558,11,
04-13-2020,12:00,60559,47,
04-13-2020,12:00,60560,17,
04-13-2020,12:00,60561,41,
04-13-2020,12:00,60563,35,
04-13-2020,12:00,60564,42,
04-13-2020,12:00,60565,51,
04-13-2020,12:00,60585,28,
04-13-2020,12:00,60586,78,
04-13-2020,12:00,60601,33,
04-13-2020,12:00,60605,54,
04-13-2020,12:00,60606,13,
04-13-2020,12:00,60607,91,
04-13-2020,12:00,60608,262,
04-13-2020,12:00,60609,177,
04-13-2020,12:00,60610,94,
04-13-2020,12:00,60611,63,
04-13-2020,12:00,60612,227,
04-13-2020,12:00,60613,136,
04-13-2020,12:00,60614,157,
04-13-2020,12:00,60615,137,
04-13-2020,12:00,60616,142,
04-13-2020,12:00,60617,285,
04-13-2020,12:00,60618,198,
04-13-2020,12:00,60619,318,
04-13-2020,12:00,60620,376,
04-13-2020,12:00,60621,139,
04-13-2020,12:00,60622,163,
04-13-2020,12:00,60623,297,
04-13-2020,12:00,60624,223,
04-13-2020,12:00,60625,203,
04-13-2020,12:00,60626,160,
04-13-2020,12:00,60628,298,
04-13-2020,12:00,60629,284,
04-13-2020,12:00,60630,126,
04-13-2020,12:00,60631,80,
04-13-2020,12:00,60632,193,
04-13-2020,12:00,60633,33,
04-13-2020,12:00,60634,239,
04-13-2020,12:00,60636,176,
04-13-2020,12:00,60637,172,
04-13-2020,12:00,60638,158,
04-13-2020,12:00,60639,276,
04-13-2020,12:00,60640,159,
04-13-2020,12:00,60641,171,
04-13-2020,12:00,60642,35,
04-13-2020,12:00,60643,265,
04-13-2020,12:00,60644,277,
04-13-2020,12:00,60645,339,
04-13-2020,12:00,60646,62,
04-13-2020,12:00,60647,149,
04-13-2020,12:00,60649,210,
04-13-2020,12:00,60651,261,
04-13-2020,12:00,60652,161,
04-13-2020,12:00,60653,159,
04-13-2020,12:00,60654,45,
04-13-2020,12:00,60655,105,
04-13-2020,12:00,60656,69,
04-13-2020,12:00,60657,145,
04-13-2020,12:00,60659,185,
04-13-2020,12:00,60660,108,
04-13-2020,12:00,60661,18,
04-13-2020,12:00,60706,57,
04-13-2020,12:00,60707,118,
04-13-2020,12:00,60712,60,
04-13-2020,12:00,60714,93,
04-13-2020,12:00,60803,42,
04-13-2020,12:00,60804,228,
04-13-2020,12:00,60805,59,
04-13-2020,12:00,60827,105,
04-13-2020,12:00,60901,124,
04-13-2020,12:00,60914,39,
04-13-2020,12:00,60915,7,
04-13-2020,12:00,60950,14,
04-13-2020,12:00,60954,8,
04-13-2020,12:00,60964,9,
04-13-2020,12:00,61008,7,
04-13-2020,12:00,61021,9,
04-13-2020,12:00,61032,6,
04-13-2020,12:00,61068,14,
04-13-2020,12:00,61081,13,
04-13-2020,12:00,61101,8,
04-13-2020,12:00,61102,11,
04-13-2020,12:00,61103,10,
04-13-2020,12:00,61104,6,
04-13-2020,12:00,61107,7,
04-13-2020,12:00,61108,13,
04-13-2020,12:00,61109,12,
04-13-2020,12:00,61114,7,
04-13-2020,12:00,61201,21,
04-13-2020,12:00,61241,8,
04-13-2020,12:00,61244,36,
04-13-2020,12:00,61264,6,
04-13-2020,12:00,61265,32,
04-13-2020,12:00,61282,8,
04-13-2020,12:00,61611,7,
04-13-2020,12:00,61614,7,
04-13-2020,12:00,61615,9,
04-13-2020,12:00,61701,29,
04-13-2020,12:00,61704,15,
04-13-2020,12:00,61705,7,
04-13-2020,12:00,61761,17,
04-13-2020,12:00,61764,9,
04-13-2020,12:00,61801,11,
04-13-2020,12:00,61802,14,
04-13-2020,12:00,61821,11,
04-13-2020,12:00,61822,23,
04-13-2020,12:00,61853,7,
04-13-2020,12:00,61874,6,
04-13-2020,12:00,61910,6,
04-13-2020,12:00,62002,18,
04-13-2020,12:00,62025,16,
04-13-2020,12:00,62034,8,
04-13-2020,12:00,62035,6,
04-13-2020,12:00,62040,24,
04-13-2020,12:00,62060,6,
04-13-2020,12:00,62201,7,
04-13-2020,12:00,62203,7,
04-13-2020,12:00,62204,6,
04-13-2020,12:00,62206,16,
04-13-2020,12:00,62207,9,
04-13-2020,12:00,62208,15,
04-13-2020,12:00,62220,10,
04-13-2020,12:00,62221,21,
04-13-2020,12:00,62223,15,
04-13-2020,12:00,62226,30,
04-13-2020,12:00,62233,22,
04-13-2020,12:00,62234,12,
04-13-2020,12:00,62236,23,
04-13-2020,12:00,62258,9,
04-13-2020,12:00,62265,7,
04-13-2020,12:00,62269,18,
04-13-2020,12:00,62278,8,
04-13-2020,12:00,62298,20,
04-13-2020,12:00,62301,10,
04-13-2020,12:00,62305,11,
04-13-2020,12:00,62471,10,
04-13-2020,12:00,62521,28,
04-13-2020,12:00,62526,7,
04-13-2020,12:00,62568,21,
04-13-2020,12:00,62650,10,
04-13-2020,12:00,62702,11,
04-13-2020,12:00,62711,8,
04-13-2020,12:00,62801,29,
04-13-2020,12:00,62901,27,
04-13-2020,12:00,62959,6,
04-12-2020,12:00,60002,26,
04-12-2020,12:00,60004,89,
04-12-2020,12:00,60005,30,
04-12-2020,12:00,60007,44,
04-12-2020,12:00,60008,23,
04-12-2020,12:00,60010,24,
04-12-2020,12:00,60012,14,
04-12-2020,12:00,60013,29,
04-12-2020,12:00,60014,27,
04-12-2020,12:00,60015,59,
04-12-2020,12:00,60016,152,
04-12-2020,12:00,60018,55,
04-12-2020,12:00,60020,8,
04-12-2020,12:00,60021,6,
04-12-2020,12:00,60022,15,
04-12-2020,12:00,60025,116,
04-12-2020,12:00,60026,47,
04-12-2020,12:00,60030,30,
04-12-2020,12:00,60031,57,
04-12-2020,12:00,60035,83,
04-12-2020,12:00,60042,7,
04-12-2020,12:00,60043,12,
04-12-2020,12:00,60044,28,
04-12-2020,12:00,60045,65,
04-12-2020,12:00,60046,40,
04-12-2020,12:00,60047,33,
04-12-2020,12:00,60048,40,
04-12-2020,12:00,60050,26,
04-12-2020,12:00,60051,16,
04-12-2020,12:00,60053,59,
04-12-2020,12:00,60056,77,
04-12-2020,12:00,60060,45,
04-12-2020,12:00,60061,33,
04-12-2020,12:00,60062,73,
04-12-2020,12:00,60064,66,
04-12-2020,12:00,60067,22,
04-12-2020,12:00,60068,82,
04-12-2020,12:00,60069,15,
04-12-2020,12:00,60070,16,
04-12-2020,12:00,60073,112,
04-12-2020,12:00,60074,45,
04-12-2020,12:00,60076,127,
04-12-2020,12:00,60077,110,
04-12-2020,12:00,60081,13,
04-12-2020,12:00,60083,18,
04-12-2020,12:00,60084,36,
04-12-2020,12:00,60085,286,
04-12-2020,12:00,60087,89,
04-12-2020,12:00,60088,17,
04-12-2020,12:00,60089,52,
04-12-2020,12:00,60090,66,
04-12-2020,12:00,60091,63,
04-12-2020,12:00,60093,75,
04-12-2020,12:00,60098,41,
04-12-2020,12:00,60099,92,
04-12-2020,12:00,60101,75,
04-12-2020,12:00,60102,28,
04-12-2020,12:00,60103,31,
04-12-2020,12:00,60104,127,
04-12-2020,12:00,60106,63,
04-12-2020,12:00,60107,53,
04-12-2020,12:00,60108,22,
04-12-2020,12:00,60110,16,
04-12-2020,12:00,60115,19,
04-12-2020,12:00,60118,10,
04-12-2020,12:00,60119,6,
04-12-2020,12:00,60120,49,
04-12-2020,12:00,60123,49,
04-12-2020,12:00,60124,11,
04-12-2020,12:00,60126,56,
04-12-2020,12:00,60130,44,
04-12-2020,12:00,60131,48,
04-12-2020,12:00,60133,53,
04-12-2020,12:00,60134,14,
04-12-2020,12:00,60136,11,
04-12-2020,12:00,60137,29,
04-12-2020,12:00,60139,51,
04-12-2020,12:00,60140,12,
04-12-2020,12:00,60142,16,
04-12-2020,12:00,60143,12,
04-12-2020,12:00,60148,67,
04-12-2020,12:00,60153,88,
04-12-2020,12:00,60154,60,
04-12-2020,12:00,60155,28,
04-12-2020,12:00,60156,18,
04-12-2020,12:00,60160,62,
04-12-2020,12:00,60162,28,
04-12-2020,12:00,60163,10,
04-12-2020,12:00,60164,44,
04-12-2020,12:00,60165,17,
04-12-2020,12:00,60169,25,
04-12-2020,12:00,60171,24,
04-12-2020,12:00,60172,25,
04-12-2020,12:00,60173,8,
04-12-2020,12:00,60174,17,
04-12-2020,12:00,60175,21,
04-12-2020,12:00,60176,17,
04-12-2020,12:00,60177,12,
04-12-2020,12:00,60178,9,
04-12-2020,12:00,60181,56,
04-12-2020,12:00,60185,43,
04-12-2020,12:00,60187,9,
04-12-2020,12:00,60188,65,
04-12-2020,12:00,60189,26,
04-12-2020,12:00,60191,11,
04-12-2020,12:00,60192,11,
04-12-2020,12:00,60193,42,
04-12-2020,12:00,60194,23,
04-12-2020,12:00,60201,92,
04-12-2020,12:00,60202,80,
04-12-2020,12:00,60203,14,
04-12-2020,12:00,60301,9,
04-12-2020,12:00,60302,66,
04-12-2020,12:00,60304,23,
04-12-2020,12:00,60305,11,
04-12-2020,12:00,60401,20,
04-12-2020,12:00,60402,165,
04-12-2020,12:00,60403,46,
04-12-2020,12:00,60404,29,
04-12-2020,12:00,60406,64,
04-12-2020,12:00,60409,144,
04-12-2020,12:00,60410,10,
04-12-2020,12:00,60411,199,
04-12-2020,12:00,60415,38,
04-12-2020,12:00,60417,47,
04-12-2020,12:00,60418,22,
04-12-2020,12:00,60419,104,
04-12-2020,12:00,60422,41,
04-12-2020,12:00,60423,54,
04-12-2020,12:00,60425,42,
04-12-2020,12:00,60426,91,
04-12-2020,12:00,60428,60,
04-12-2020,12:00,60429,80,
04-12-2020,12:00,60430,74,
04-12-2020,12:00,60431,52,
04-12-2020,12:00,60432,42,
04-12-2020,12:00,60433,55,
04-12-2020,12:00,60434,18,
04-12-2020,12:00,60435,154,
04-12-2020,12:00,60436,30,
04-12-2020,12:00,60438,86,
04-12-2020,12:00,60439,30,
04-12-2020,12:00,60440,106,
04-12-2020,12:00,60441,67,
04-12-2020,12:00,60442,15,
04-12-2020,12:00,60443,121,
04-12-2020,12:00,60445,32,
04-12-2020,12:00,60446,76,
04-12-2020,12:00,60447,6,
04-12-2020,12:00,60448,34,
04-12-2020,12:00,60449,23,
04-12-2020,12:00,60450,13,
04-12-2020,12:00,60451,33,
04-12-2020,12:00,60452,42,
04-12-2020,12:00,60453,117,
04-12-2020,12:00,60455,59,
04-12-2020,12:00,60456,7,
04-12-2020,12:00,60457,25,
04-12-2020,12:00,60458,17,
04-12-2020,12:00,60459,56,
04-12-2020,12:00,60461,26,
04-12-2020,12:00,60462,69,
04-12-2020,12:00,60463,34,
04-12-2020,12:00,60464,12,
04-12-2020,12:00,60465,34,
04-12-2020,12:00,60466,149,
04-12-2020,12:00,60467,47,
04-12-2020,12:00,60468,8,
04-12-2020,12:00,60469,10,
04-12-2020,12:00,60471,69,
04-12-2020,12:00,60472,27,
04-12-2020,12:00,60473,118,
04-12-2020,12:00,60475,34,
04-12-2020,12:00,60477,47,
04-12-2020,12:00,60478,86,
04-12-2020,12:00,60480,8,
04-12-2020,12:00,60482,15,
04-12-2020,12:00,60484,41,
04-12-2020,12:00,60487,36,
04-12-2020,12:00,60490,48,
04-12-2020,12:00,60491,46,
04-12-2020,12:00,60501,16,
04-12-2020,12:00,60502,21,
04-12-2020,12:00,60503,10,
04-12-2020,12:00,60504,34,
04-12-2020,12:00,60505,61,
04-12-2020,12:00,60506,82,
04-12-2020,12:00,60510,11,
04-12-2020,12:00,60513,35,
04-12-2020,12:00,60514,21,
04-12-2020,12:00,60515,20,
04-12-2020,12:00,60516,28,
04-12-2020,12:00,60517,43,
04-12-2020,12:00,60521,21,
04-12-2020,12:00,60523,25,
04-12-2020,12:00,60525,51,
04-12-2020,12:00,60526,16,
04-12-2020,12:00,60527,98,
04-12-2020,12:00,60532,23,
04-12-2020,12:00,60534,15,
04-12-2020,12:00,60538,15,
04-12-2020,12:00,60540,21,
04-12-2020,12:00,60542,13,
04-12-2020,12:00,60543,37,
04-12-2020,12:00,60544,36,
04-12-2020,12:00,60545,9,
04-12-2020,12:00,60546,36,
04-12-2020,12:00,60551,7,
04-12-2020,12:00,60554,7,
04-12-2020,12:00,60555,9,
04-12-2020,12:00,60558,12,
04-12-2020,12:00,60559,45,
04-12-2020,12:00,60560,16,
04-12-2020,12:00,60561,40,
04-12-2020,12:00,60563,36,
04-12-2020,12:00,60564,41,
04-12-2020,12:00,60565,48,
04-12-2020,12:00,60585,24,
04-12-2020,12:00,60586,74,
04-12-2020,12:00,60601,30,
04-12-2020,12:00,60605,52,
04-12-2020,12:00,60606,12,
04-12-2020,12:00,60607,87,
04-12-2020,12:00,60608,231,
04-12-2020,12:00,60609,162,
04-12-2020,12:00,60610,91,
04-12-2020,12:00,60611,64,
04-12-2020,12:00,60612,209,
04-12-2020,12:00,60613,133,
04-12-2020,12:00,60614,151,
04-12-2020,12:00,60615,131,
04-12-2020,12:00,60616,134,
04-12-2020,12:00,60617,269,
04-12-2020,12:00,60618,186,
04-12-2020,12:00,60619,306,
04-12-2020,12:00,60620,359,
04-12-2020,12:00,60621,133,
04-12-2020,12:00,60622,155,
04-12-2020,12:00,60623,268,
04-12-2020,12:00,60624,208,
04-12-2020,12:00,60625,182,
04-12-2020,12:00,60626,141,
04-12-2020,12:00,60628,288,
04-12-2020,12:00,60629,255,
04-12-2020,12:00,60630,117,
04-12-2020,12:00,60631,76,
04-12-2020,12:00,60632,179,
04-12-2020,12:00,60633,31,
04-12-2020,12:00,60634,224,
04-12-2020,12:00,60636,164,
04-12-2020,12:00,60637,169,
04-12-2020,12:00,60638,147,
04-12-2020,12:00,60639,252,
04-12-2020,12:00,60640,149,
04-12-2020,12:00,60641,145,
04-12-2020,12:00,60642,35,
04-12-2020,12:00,60643,246,
04-12-2020,12:00,60644,258,
04-12-2020,12:00,60645,326,
04-12-2020,12:00,60646,59,
04-12-2020,12:00,60647,135,
04-12-2020,12:00,60649,198,
04-12-2020,12:00,60651,242,
04-12-2020,12:00,60652,154,
04-12-2020,12:00,60653,152,
04-12-2020,12:00,60654,44,
04-12-2020,12:00,60655,102,
04-12-2020,12:00,60656,60,
04-12-2020,12:00,60657,141,
04-12-2020,12:00,60659,175,
04-12-2020,12:00,60660,97,
04-12-2020,12:00,60661,18,
04-12-2020,12:00,60706,52,
04-12-2020,12:00,60707,109,
04-12-2020,12:00,60712,55,
04-12-2020,12:00,60714,85,
04-12-2020,12:00,60803,39,
04-12-2020,12:00,60804,210,
04-12-2020,12:00,60805,56,
04-12-2020,12:00,60827,103,
04-12-2020,12:00,60901,121,
04-12-2020,12:00,60914,37,
04-12-2020,12:00,60915,7,
04-12-2020,12:00,60950,14,
04-12-2020,12:00,60954,8,
04-12-2020,12:00,60964,9,
04-12-2020,12:00,61008,7,
04-12-2020,12:00,61021,8,
04-12-2020,12:00,61032,6,
04-12-2020,12:00,61068,6,
04-12-2020,12:00,61081,13,
04-12-2020,12:00,61101,7,
04-12-2020,12:00,61102,10,
04-12-2020,12:00,61103,8,
04-12-2020,12:00,61104,6,
04-12-2020,12:00,61107,7,
04-12-2020,12:00,61108,13,
04-12-2020,12:00,61109,11,
04-12-2020,12:00,61114,7,
04-12-2020,12:00,61201,19,
04-12-2020,12:00,61241,8,
04-12-2020,12:00,61244,31,
04-12-2020,12:00,61265,28,
04-12-2020,12:00,61282,6,
04-12-2020,12:00,61611,7,
04-12-2020,12:00,61615,8,
04-12-2020,12:00,61701,28,
04-12-2020,12:00,61704,14,
04-12-2020,12:00,61705,7,
04-12-2020,12:00,61761,17,
04-12-2020,12:00,61764,9,
04-12-2020,12:00,61801,11,
04-12-2020,12:00,61802,14,
04-12-2020,12:00,61821,10,
04-12-2020,12:00,61822,22,
04-12-2020,12:00,61853,7,
04-12-2020,12:00,61874,6,
04-12-2020,12:00,61910,6,
04-12-2020,12:00,62002,18,
04-12-2020,12:00,62025,16,
04-12-2020,12:00,62034,8,
04-12-2020,12:00,62035,6,
04-12-2020,12:00,62040,21,
04-12-2020,12:00,62060,6,
04-12-2020,12:00,62201,7,
04-12-2020,12:00,62203,6,
04-12-2020,12:00,62204,6,
04-12-2020,12:00,62206,14,
04-12-2020,12:00,62207,8,
04-12-2020,12:00,62208,13,
04-12-2020,12:00,62220,8,
04-12-2020,12:00,62221,19,
04-12-2020,12:00,62223,15,
04-12-2020,12:00,62226,27,
04-12-2020,12:00,62233,21,
04-12-2020,12:00,62234,12,
04-12-2020,12:00,62236,23,
04-12-2020,12:00,62258,9,
04-12-2020,12:00,62265,7,
04-12-2020,12:00,62269,18,
04-12-2020,12:00,62278,8,
04-12-2020,12:00,62298,20,
04-12-2020,12:00,62301,10,
04-12-2020,12:00,62305,11,
04-12-2020,12:00,62471,10,
04-12-2020,12:00,62521,23,
04-12-2020,12:00,62568,21,
04-12-2020,12:00,62650,9,
04-12-2020,12:00,62702,10,
04-12-2020,12:00,62711,7,
04-12-2020,12:00,62801,29,
04-12-2020,12:00,62901,24,
04-12-2020,12:00,62959,6,
